test_idx,candidate_id,CountDeclMethodPrivate,CountDeclMethodDefault,AvgEssential,CountDeclClassVariable,CountDeclClassMethod,AvgLineComment,CountDeclClass,CountDeclMethodProtected,CountDeclInstanceVariable,CountDeclMethodPublic,RatioCommentToCode,AvgLineBlank,PercentLackOfCohesion,MaxInheritanceTree,CountClassDerived,CountClassCoupled,CountClassBase,CountInput_Mean,CountInput_Min,CountOutput_Min,CountPath_Min,MaxNesting_Mean,OWN_COMMIT,MINOR_COMMIT,MINOR_LINE,MAJOR_LINE,proba0,proba1,num_features_changed
820,0,3.0,0.0,1.0,0.0,0.0,0.0,1.0,0.0,17.0,11.0,0.27,0.0,80.0,3.0,2.0,8.0,1.0,3.5,0.0,1.0,1.0,0.8125,0.0,0.0,2.0,1.0,0.7341518883308338,0.2658481116691662,1
830,0,3.0,0.0,2.0,3.0,0.0,5.0,1.0,0.0,15.0,10.0,0.56,1.0,82.0,4.0,0.0,6.0,1.0,5.0,0.0,1.0,1.0,1.13333333333333,0.2,0.0,2.0,4.0,0.7928498676261035,0.20715013237389646,1
831,0,6.0,0.0,1.0,7.0,0.0,2.0,10.0,0.0,35.0,60.0,0.63,1.0,87.0,3.0,3.0,14.0,2.0,2.78787878787879,0.0,0.0,1.0,0.519480519480519,0.0,0.0,2.0,3.0,0.5490669258579579,0.45093307414204215,1
80,0,2.0,1.0,1.0,6.0,0.0,3.0,3.0,2.0,24.0,9.0,0.36,1.0,81.0,1.0,7.0,11.0,1.0,8.78571428571429,2.0,1.0,1.0,1.11111111111111,0.2,0.0,3.0,0.0,0.6682998129036871,0.3317001870963129,1
875,0,1.0,2.0,1.0,8.0,1.0,1.0,2.0,0.0,13.0,8.0,0.22,0.0,81.0,2.0,0.0,4.0,2.0,4.72727272727273,1.0,1.0,1.0,1.57142857142857,0.5,0.0,1.0,0.0,0.5275192252766202,0.4724807747233798,1
901,0,1.0,0.0,1.0,0.0,0.0,4.0,1.0,1.0,4.0,5.0,0.27,3.0,100.0,2.0,4.0,26.0,1.0,11.2857142857143,1.0,4.0,1.0,0.888888888888889,0.2,0.0,1.0,1.0,0.7078731705709351,0.2921268294290649,1
908,0,8.0,9.0,2.0,0.0,0.0,0.0,2.0,0.0,10.0,10.0,0.41,0.0,82.0,1.0,0.0,7.0,1.0,6.62962962962963,1.0,1.0,1.0,1.26666666666667,1.0,0.0,1.0,1.0,0.5154226359824785,0.4845773640175215,1
914,0,1.0,0.0,1.0,6.0,0.0,1.0,3.0,25.0,23.0,7.0,0.25,0.0,93.0,4.0,7.0,18.0,1.0,5.36363636363636,1.0,1.0,1.0,0.405405405405405,0.2,0.0,1.0,2.0,0.6618829735120058,0.3381170264879942,1
915,0,0.0,0.0,1.0,0.0,0.0,0.0,1.0,0.0,0.0,13.0,0.18,1.0,0.0,3.0,0.0,5.0,1.0,3.15384615384615,3.0,9.0,1.0,0.0,0.2,0.0,1.0,0.0,0.6705980075393874,0.32940199246061264,1
916,0,0.0,0.0,1.0,0.0,0.0,3.0,1.0,0.0,0.0,22.0,0.18,3.0,0.0,3.0,0.0,7.0,1.0,2.86363636363636,0.0,5.0,1.0,0.0,0.0,0.0,1.0,1.0,0.8811919892643355,0.11880801073566451,1
919,0,1.0,0.0,1.0,0.0,0.0,0.0,1.0,0.0,0.0,11.0,0.15,0.0,0.0,3.0,0.0,7.0,1.0,2.5,1.0,3.0,1.0,0.214285714285714,0.2,0.0,1.0,0.0,0.70670305883171,0.29329694116829,1
920,0,1.0,0.0,1.0,0.0,0.0,0.0,1.0,1.0,0.0,7.0,0.2,0.0,0.0,3.0,0.0,17.0,1.0,3.55555555555556,2.0,4.0,1.0,0.0,0.0,0.0,2.0,0.0,0.9135135141183622,0.08648648588163774,1
194,0,0.0,1.0,1.0,0.0,8.0,5.0,3.0,0.0,4.0,10.0,0.51,0.0,12.0,3.0,0.0,9.0,2.0,4.27272727272727,2.0,2.0,1.0,0.933333333333333,0.2,0.0,4.0,3.0,0.5178652567145319,0.4821347432854681,1
925,0,7.0,0.0,1.0,0.0,0.0,4.0,2.0,0.0,7.0,12.0,0.34,1.0,83.0,2.0,0.0,29.0,1.0,3.26315789473684,1.0,1.0,1.0,1.36363636363636,0.2,0.0,1.0,3.0,0.6673763541242408,0.33262364587575916,1
196,0,7.0,5.0,1.0,3.0,2.0,1.0,34.0,4.0,36.0,88.0,0.13,3.0,85.0,4.0,27.0,49.0,2.0,3.58653846153846,0.0,0.0,1.0,0.352517985611511,0.0,0.0,2.0,6.0,0.5800591074732662,0.4199408925267338,1
927,0,0.0,8.0,1.0,1.0,0.0,1.0,1.0,0.0,7.0,12.0,0.26,1.0,86.0,1.0,0.0,19.0,2.0,4.8,2.0,0.0,1.0,0.863636363636364,0.2,0.0,2.0,1.0,0.6301592800307956,0.3698407199692045,1
929,0,2.0,0.0,1.0,0.0,0.0,4.0,4.0,1.0,19.0,24.0,0.36,3.0,100.0,2.0,0.0,22.0,2.0,2.77777777777778,0.0,0.0,1.0,0.59375,0.0,0.0,2.0,4.0,0.8406691724933117,0.15933082750668823,1
197,0,6.0,0.0,2.0,0.0,2.0,1.0,2.0,0.0,9.0,10.0,0.21,1.0,80.0,1.0,0.0,23.0,2.0,4.75,2.0,1.0,1.0,2.0,0.2,0.0,3.0,2.0,0.711455353082115,0.2885446469178849,1
200,0,16.0,0.0,1.0,19.0,12.0,2.0,11.0,6.0,4.0,75.0,0.52,0.0,95.0,2.0,0.0,7.0,2.0,3.29896907216495,0.0,21.0,1.0,0.724770642201835,0.5,0.0,2.0,7.0,0.5035426916687111,0.4964573083312888,3
201,0,6.0,2.0,2.0,7.0,4.0,4.0,4.0,0.0,17.0,11.0,0.6,0.0,72.0,3.0,0.0,6.0,1.0,4.05263157894737,1.0,1.0,1.0,1.125,0.2,0.0,4.0,4.0,0.5126719365640295,0.4873280634359704,1
204,0,10.0,1.0,1.0,2.0,4.0,1.0,3.0,1.0,4.0,4.0,0.53,1.0,88.0,4.0,0.0,23.0,2.0,3.375,0.0,0.0,1.0,2.0,0.2,0.0,2.0,7.0,0.5210168512768696,0.4789831487231304,1
205,0,8.0,0.0,1.0,1.0,3.0,1.0,1.0,0.0,0.0,2.0,0.24,1.0,90.0,3.0,0.0,9.0,1.0,3.5,1.0,1.0,1.0,2.91666666666667,0.0,0.0,2.0,5.0,0.7858903961155699,0.21410960388443012,1
1017,0,0.0,0.0,1.0,0.0,0.0,2.0,1.0,0.0,0.0,1.0,1.3,2.0,0.0,3.0,0.0,12.0,1.0,2.0,2.0,5.0,1.0,0.0,0.2,0.0,2.0,0.0,0.6520125524462829,0.34798744755371713,1
1031,0,0.0,0.0,3.0,0.0,0.0,2.0,1.0,3.0,2.0,2.0,0.25,15.0,60.0,2.0,0.0,21.0,1.0,2.0,1.0,1.0,1.0,3.42857142857143,0.5,0.0,1.0,1.0,0.6089961114502351,0.3910038885497649,1
1040,0,0.0,0.0,1.0,0.0,0.0,2.0,1.0,3.0,0.0,1.0,0.53,5.0,0.0,2.0,0.0,16.0,1.0,3.0,1.0,1.0,1.0,1.5,0.5,0.0,1.0,1.0,0.6224488909072678,0.3775511090927322,1
1046,0,1.0,1.0,1.0,5.0,1.0,1.0,2.0,7.0,7.0,36.0,0.32,1.0,100.0,2.0,2.0,34.0,1.0,3.37777777777778,0.0,0.0,1.0,0.5,0.0,0.0,2.0,0.0,0.85749618324193,0.14250381675807003,1
1052,0,0.0,0.0,1.0,0.0,0.0,1.0,1.0,1.0,4.0,7.0,0.85,3.0,78.0,2.0,0.0,16.0,1.0,1.875,0.0,1.0,1.0,0.3,0.5,0.0,1.0,1.0,0.5921434926395284,0.40785650736047163,1
1060,0,7.0,0.0,1.0,1.0,1.0,2.0,7.0,3.0,7.0,53.0,0.21,1.0,97.0,4.0,0.0,43.0,1.0,2.6984126984127,0.0,0.0,1.0,0.52112676056338,0.2,0.0,2.0,0.0,0.5056301986569209,0.4943698013430791,1
1061,0,7.0,0.0,1.0,1.0,1.0,2.0,5.0,5.0,6.0,49.0,0.22,1.0,97.0,4.0,0.0,37.0,1.0,2.72131147540984,0.0,0.0,1.0,0.522388059701492,0.0,0.0,1.0,1.0,0.8694168263984992,0.1305831736015009,1
1116,0,3.0,0.0,1.0,0.0,0.0,5.0,3.0,1.0,9.0,4.0,0.32,6.0,62.0,2.0,0.0,29.0,2.0,6.125,1.0,2.0,1.0,0.833333333333333,0.2,0.0,2.0,1.0,0.645279283369678,0.354720716630322,1
377,0,1.0,0.0,3.0,0.0,3.0,2.0,3.0,0.0,3.0,9.0,0.21,3.0,50.0,3.0,0.0,16.0,2.0,2.7,0.0,1.0,1.0,1.35714285714286,0.0,0.0,3.0,7.0,0.597429419563492,0.40257058043650795,1
384,0,10.0,1.0,1.0,1.0,1.0,1.0,3.0,0.0,5.0,22.0,0.3,0.0,72.0,3.0,1.0,2.0,2.0,3.3030303030303,0.0,0.0,1.0,0.810810810810811,0.0,0.0,3.0,0.0,0.8076571880506179,0.1923428119493821,1
1128,0,0.0,0.0,1.0,0.0,0.0,1.0,1.0,2.0,1.0,6.0,1.21,0.0,12.0,3.0,3.0,0.0,1.0,2.125,1.0,1.0,1.0,0.0,1.0,0.0,2.0,0.0,0.6406010186062334,0.3593989813937666,1
402,0,0.0,0.0,1.0,2.0,0.0,3.0,2.0,0.0,6.0,12.0,0.6,0.0,47.0,2.0,0.0,7.0,1.0,2.58333333333333,1.0,4.0,1.0,0.466666666666667,0.2,0.0,4.0,5.0,0.7428087235106502,0.25719127648934986,1
406,0,0.0,0.0,1.0,0.0,0.0,1.0,1.0,1.0,1.0,3.0,1.83,0.0,0.0,3.0,71.0,0.0,1.0,21.75,1.0,1.0,1.0,0.0,0.0,0.0,5.0,1.0,0.8170096007985641,0.18299039920143592,1
407,0,0.0,0.0,1.0,0.0,0.0,1.0,1.0,7.0,1.0,2.0,1.41,0.0,33.0,3.0,12.0,3.0,1.0,9.77777777777778,1.0,1.0,1.0,0.0,0.0,0.0,6.0,2.0,0.7968440936836846,0.20315590631631542,1
408,0,5.0,1.0,1.0,5.0,4.0,6.0,3.0,3.0,6.0,11.0,1.15,0.0,72.0,2.0,36.0,13.0,1.0,17.05,1.0,0.0,1.0,0.666666666666667,0.2,0.0,3.0,5.0,0.5803020770285627,0.4196979229714373,1
424,0,7.0,1.0,1.0,2.0,5.0,5.0,8.0,1.0,50.0,9.0,0.38,3.0,78.0,2.0,0.0,23.0,1.0,6.55555555555556,0.0,1.0,1.0,1.25925925925926,0.2,0.0,2.0,2.0,0.5511311927548228,0.44886880724517714,1
1152,0,6.0,9.0,1.0,0.0,4.0,2.0,7.0,11.0,41.0,60.0,0.25,0.0,87.0,2.0,1.0,34.0,2.0,4.02325581395349,0.0,1.0,1.0,0.978723404255319,0.2,0.0,4.0,1.0,0.5263474997797412,0.47365250022025884,1
432,0,12.0,78.0,1.0,20.0,0.0,1.0,8.0,0.0,60.0,3.0,0.34,1.0,95.0,2.0,5.0,38.0,2.0,5.40860215053763,0.0,0.0,1.0,0.784313725490196,0.0,0.0,1.0,2.0,0.5951289182600213,0.40487108173997866,1
434,0,2.0,3.0,1.0,10.0,0.0,4.0,1.0,0.0,3.0,17.0,0.59,0.0,89.0,1.0,0.0,8.0,1.0,8.31818181818182,3.0,1.0,1.0,1.04166666666667,1.0,0.0,6.0,5.0,0.5917146008308589,0.4082853991691411,1
437,0,12.0,8.0,1.0,0.0,0.0,1.0,3.0,1.0,15.0,17.0,0.22,0.0,79.0,2.0,0.0,21.0,2.0,6.73684210526316,0.0,1.0,1.0,1.16666666666667,0.0,0.0,3.0,5.0,0.7896968361867674,0.21030316381323255,1
442,0,4.0,11.0,1.0,1.0,0.0,3.0,3.0,0.0,23.0,18.0,0.49,1.0,81.0,2.0,0.0,9.0,2.0,4.96969696969697,1.0,1.0,1.0,1.40540540540541,0.2,0.0,1.0,2.0,0.5536204206831141,0.4463795793168859,1
446,0,3.0,1.0,1.0,13.0,30.0,9.0,3.0,11.0,6.0,82.0,2.23,0.0,95.0,5.0,7.0,26.0,2.0,18.3814432989691,0.0,0.0,1.0,0.237623762376238,1.0,0.0,5.0,10.0,0.5298714340665354,0.47012856593346464,2
447,0,53.0,29.0,1.0,18.0,7.0,10.0,4.0,3.0,50.0,112.0,0.94,2.0,96.0,5.0,8.0,40.0,1.0,15.5329949238579,1.0,0.0,1.0,1.06435643564356,0.0,1.0,1.0,13.0,0.5271052303157111,0.4728947696842889,2
452,0,0.0,6.0,1.0,0.0,0.0,2.0,5.0,0.0,17.0,17.0,1.14,0.0,88.0,2.0,1.0,5.0,1.0,3.0,0.0,0.0,1.0,0.344827586206897,1.0,0.0,1.0,1.0,0.5671674713673616,0.43283252863263844,1
457,0,3.0,0.0,1.0,0.0,0.0,2.0,1.0,7.0,8.0,26.0,0.44,0.0,79.0,2.0,0.0,17.0,2.0,3.55555555555556,0.0,1.0,1.0,0.789473684210526,0.0,0.0,2.0,6.0,0.8520781275513549,0.14792187244864508,1
459,0,0.0,1.0,1.0,0.0,0.0,1.0,4.0,7.0,13.0,52.0,0.27,0.0,87.0,2.0,1.0,15.0,2.0,2.65,0.0,1.0,1.0,0.784615384615385,0.0,0.0,5.0,3.0,0.7703377835819655,0.22966221641803455,1
462,0,2.0,14.0,1.0,4.0,0.0,2.0,1.0,0.0,16.0,22.0,0.35,0.0,77.0,1.0,0.0,7.0,1.0,7.78947368421053,1.0,1.0,1.0,1.15,0.2,0.0,2.0,4.0,0.6438690907501936,0.3561309092498064,1
463,0,2.0,7.0,1.0,14.0,16.0,5.0,4.0,3.0,7.0,32.0,0.56,1.0,94.0,2.0,5.0,10.0,2.0,6.20454545454545,1.0,1.0,1.0,1.12244897959184,0.0,0.0,1.0,10.0,0.5805828511372164,0.41941714886278364,1
467,0,4.0,33.0,1.0,2.0,10.0,1.0,5.0,10.0,45.0,41.0,0.24,0.0,92.0,2.0,1.0,35.0,2.0,6.02272727272727,0.0,1.0,1.0,0.851063829787234,0.0,0.0,4.0,8.0,0.653113031066226,0.346886968933774,1
492,0,0.0,2.0,1.0,0.0,0.0,6.0,1.0,0.0,5.0,2.0,0.27,6.0,25.0,1.0,0.0,11.0,1.0,10.0,7.0,2.0,1.0,3.16666666666667,0.2,0.0,4.0,1.0,0.6699505168320765,0.3300494831679235,1
498,0,15.0,0.0,1.0,12.0,5.0,4.0,4.0,22.0,36.0,46.0,0.39,0.0,100.0,2.0,6.0,1.0,2.0,6.93975903614458,0.0,0.0,1.0,1.01136363636364,0.0,0.0,5.0,8.0,0.5098771040823646,0.4901228959176354,2
500,0,28.0,0.0,5.0,10.0,3.0,0.0,1.0,1.0,11.0,7.0,0.01,0.0,88.0,1.0,0.0,3.0,2.0,5.11111111111111,1.0,1.0,1.0,1.68421052631579,0.2,0.0,5.0,4.0,0.6052624281134529,0.3947375718865472,1
504,0,0.0,0.0,2.0,2.0,6.0,4.0,4.0,0.0,5.0,34.0,0.55,0.0,82.0,2.0,2.0,12.0,2.0,11.4705882352941,0.0,1.0,1.0,0.871794871794872,0.2,0.0,7.0,5.0,0.5333063812535949,0.46669361874640514,1
506,0,7.0,2.0,1.0,1.0,0.0,2.0,5.0,2.0,17.0,21.0,0.54,0.0,83.0,2.0,0.0,11.0,2.0,2.71875,0.0,1.0,1.0,0.631578947368421,0.857142857142857,0.0,3.0,5.0,0.5337121674432788,0.4662878325567213,1
522,0,2.0,17.0,2.0,0.0,0.0,1.0,15.0,11.0,15.0,29.0,0.21,0.0,71.0,2.0,11.0,26.0,2.0,3.76271186440678,0.0,1.0,1.0,1.33333333333333,0.0,0.0,7.0,4.0,0.7042290319305247,0.2957709680694753,1
1195,0,1.0,5.0,1.0,0.0,1.0,3.0,4.0,3.0,8.0,4.0,0.8,1.0,66.0,3.0,2.0,6.0,1.0,4.53846153846154,0.0,1.0,1.0,0.722222222222222,0.2,0.0,1.0,1.0,0.5244897430920705,0.4755102569079294,1
563,0,0.0,0.0,1.0,0.0,1.0,4.0,1.0,0.0,1.0,14.0,0.95,0.0,71.0,1.0,1.0,7.0,3.0,33.3571428571429,2.0,0.0,1.0,0.8125,0.444444444444444,0.0,6.0,3.0,0.8071993827431825,0.1928006172568175,1
575,0,0.0,0.0,1.0,0.0,0.0,6.0,1.0,3.0,1.0,5.0,2.32,0.0,75.0,2.0,22.0,5.0,1.0,14.375,1.0,1.0,1.0,0.4,1.0,0.0,5.0,5.0,0.5562556016560719,0.4437443983439281,1
623,0,2.0,0.0,1.0,1.0,0.0,4.0,2.0,0.0,6.0,10.0,0.62,1.0,83.0,3.0,0.0,2.0,1.0,3.58333333333333,1.0,1.0,1.0,1.73333333333333,0.0,0.0,3.0,1.0,0.7986433754452866,0.20135662455471334,1
629,0,0.0,0.0,1.0,0.0,0.0,1.0,2.0,0.0,2.0,10.0,1.02,0.0,30.0,3.0,0.0,2.0,1.0,1.9,1.0,1.0,1.0,0.923076923076923,0.2,0.0,3.0,2.0,0.7035884610548777,0.29641153894512234,1
1247,0,0.0,0.0,1.0,0.0,20.0,0.0,1.0,1.0,2.0,25.0,0.21,0.0,86.0,3.0,59.0,7.0,1.0,10.3076923076923,0.0,1.0,1.0,0.285714285714286,0.2,0.0,1.0,0.0,0.550554810953036,0.4494451890469639,1
651,0,0.0,0.0,1.0,0.0,0.0,0.0,1.0,0.0,0.0,9.0,0.12,1.0,0.0,3.0,0.0,3.0,1.0,0.444444444444444,0.0,2.0,1.0,0.363636363636364,0.0,0.0,2.0,0.0,0.8777510642871625,0.12224893571283746,1
1257,0,0.0,0.0,1.0,0.0,0.0,0.0,1.0,0.0,0.0,8.0,0.16,0.0,0.0,3.0,0.0,2.0,1.0,0.375,0.0,2.0,1.0,0.4,0.2,0.0,1.0,0.0,0.748629581248091,0.2513704187519091,1
660,0,6.0,0.0,1.0,0.0,0.0,3.0,1.0,0.0,0.0,12.0,0.22,4.0,0.0,3.0,0.0,19.0,1.0,4.0,0.0,4.0,1.0,0.65,0.0,0.0,2.0,1.0,0.7455427343007579,0.25445726569924204,1
661,0,1.0,2.0,1.0,2.0,0.0,0.0,5.0,0.0,7.0,9.0,0.23,1.0,62.0,3.0,2.0,17.0,1.0,3.08333333333333,0.0,0.0,1.0,0.777777777777778,0.0,0.0,1.0,0.0,0.6770572939236262,0.32294270607637376,1
662,0,6.0,0.0,1.0,0.0,1.0,1.0,1.0,0.0,1.0,13.0,0.2,3.0,78.0,3.0,0.0,22.0,1.0,4.68421052631579,0.0,1.0,1.0,1.42857142857143,0.0,0.0,2.0,2.0,0.6630772312329312,0.33692276876706884,1
666,0,3.0,0.0,1.0,0.0,0.0,3.0,5.0,0.0,13.0,17.0,0.23,4.0,70.0,3.0,0.0,27.0,2.0,3.8,1.0,2.0,1.0,1.84615384615385,0.0,0.0,1.0,1.0,0.536067407755943,0.46393259224405703,1
668,0,0.0,0.0,1.0,0.0,0.0,2.0,5.0,1.0,9.0,13.0,0.18,3.0,60.0,4.0,0.0,26.0,2.0,3.71428571428571,0.0,1.0,1.0,0.5,0.5,0.0,6.0,2.0,0.51047912114631,0.48952087885368994,1
670,0,3.0,0.0,1.0,2.0,0.0,0.0,4.0,1.0,6.0,26.0,0.09,0.0,61.0,2.0,0.0,19.0,2.0,3.6,1.0,1.0,1.0,0.485714285714286,1.0,0.0,3.0,3.0,0.6351699254702003,0.3648300745297997,1
675,0,11.0,0.0,1.0,0.0,2.0,3.0,1.0,0.0,0.0,41.0,0.18,3.0,0.0,5.0,0.0,45.0,1.0,3.26923076923077,0.0,1.0,1.0,0.925925925925926,0.2,0.0,3.0,10.0,0.5485727383372151,0.4514272616627849,2
676,0,6.0,4.0,1.0,0.0,3.0,1.0,16.0,19.0,7.0,29.0,0.09,3.0,91.0,5.0,8.0,30.0,2.0,2.75862068965517,0.0,0.0,1.0,0.746666666666667,0.2,0.0,3.0,2.0,0.5181772462196337,0.48182275378036626,2
677,0,6.0,16.0,1.0,2.0,3.0,1.0,30.0,0.0,40.0,148.0,0.11,2.0,97.0,4.0,2.0,71.0,2.0,3.35294117647059,0.0,0.0,1.0,1.21890547263682,0.0,0.0,2.0,6.0,0.7955768877370599,0.20442311226294002,1
678,0,5.0,0.0,2.0,0.0,0.0,2.0,3.0,0.0,3.0,17.0,0.15,5.0,0.0,3.0,0.0,21.0,2.0,3.0,0.0,1.0,1.0,2.0,0.0,0.0,1.0,1.0,0.6706131431789832,0.3293868568210167,1
680,0,2.0,0.0,1.0,0.0,0.0,0.0,1.0,0.0,0.0,6.0,0.22,4.0,0.0,3.0,0.0,13.0,1.0,2.625,0.0,4.0,1.0,1.7,0.0,0.0,3.0,0.0,0.8531036461431951,0.14689635385680483,1
1264,0,0.0,10.0,1.0,4.0,4.0,1.0,9.0,0.0,17.0,29.0,0.13,2.0,74.0,3.0,0.0,25.0,2.0,3.48717948717949,0.0,1.0,1.0,0.959183673469388,0.0,0.0,1.0,0.0,0.6426143520634113,0.3573856479365886,1
1267,0,0.0,0.0,1.0,0.0,0.0,7.0,1.0,0.0,0.0,2.0,0.44,7.0,0.0,3.0,0.0,13.0,1.0,3.0,1.0,11.0,1.0,0.0,0.2,0.0,1.0,0.0,0.5247971902576708,0.4752028097423292,1
690,0,4.0,10.0,1.0,0.0,0.0,2.0,7.0,0.0,19.0,10.0,0.18,2.0,50.0,4.0,0.0,22.0,2.0,4.0,0.0,1.0,1.0,1.125,0.2,0.0,1.0,1.0,0.5290132141534969,0.4709867858465031,1
696,0,1.0,1.0,1.0,2.0,0.0,1.0,4.0,0.0,8.0,8.0,0.3,2.0,62.0,3.0,2.0,12.0,1.0,3.0,0.0,0.0,1.0,0.933333333333333,0.0,0.0,1.0,0.0,0.598948785518922,0.4010512144810781,1
1268,0,1.0,1.0,2.0,9.0,6.0,1.0,5.0,0.0,11.0,22.0,0.13,2.0,85.0,3.0,0.0,19.0,2.0,5.08333333333333,0.0,2.0,1.0,1.43333333333333,0.0,0.0,1.0,2.0,0.6892979887472463,0.3107020112527537,1
699,0,0.0,0.0,1.0,1.0,0.0,2.0,5.0,1.0,19.0,16.0,0.16,1.0,75.0,3.0,0.0,24.0,2.0,4.52941176470588,0.0,0.0,1.0,1.08695652173913,0.0,0.0,5.0,2.0,0.6093079421602745,0.39069205783972555,1
1269,0,2.0,0.0,1.0,1.0,0.0,1.0,4.0,1.0,2.0,9.0,0.46,0.0,40.0,3.0,0.0,15.0,2.0,1.66666666666667,0.0,0.0,1.0,1.29411764705882,0.0,0.0,1.0,1.0,0.7427682499887557,0.2572317500112443,1
704,0,1.0,0.0,1.0,0.0,0.0,1.0,3.0,0.0,1.0,13.0,0.18,2.0,50.0,4.0,0.0,24.0,1.0,1.71428571428571,0.0,1.0,1.0,0.5,0.2,0.0,3.0,4.0,0.6054326795553557,0.3945673204446442,1
705,0,7.0,0.0,1.0,1.0,1.0,1.0,5.0,5.0,6.0,46.0,0.15,1.0,96.0,4.0,0.0,37.0,2.0,2.67241379310345,0.0,1.0,1.0,0.453125,0.0,0.0,8.0,6.0,0.713038097285938,0.286961902714062,1
1273,0,0.0,1.0,1.0,0.0,0.0,1.0,2.0,0.0,1.0,6.0,0.5,1.0,33.0,3.0,0.0,2.0,1.0,1.14285714285714,0.0,1.0,1.0,0.0,0.2,0.0,1.0,1.0,0.5429998505402492,0.45700014945975076,1
720,0,0.0,0.0,1.0,2.0,0.0,0.0,1.0,2.0,2.0,14.0,0.22,0.0,75.0,3.0,0.0,21.0,1.0,3.25,1.0,1.0,1.0,0.166666666666667,0.0,0.0,2.0,2.0,0.8193525463453047,0.18064745365469526,1
726,0,0.0,0.0,1.0,1.0,1.0,0.0,3.0,0.0,2.0,17.0,0.22,0.0,82.0,2.0,1.0,24.0,2.0,2.64705882352941,0.0,0.0,1.0,0.476190476190476,1.0,0.0,3.0,1.0,0.5336605728828885,0.4663394271171115,1
727,0,0.0,0.0,1.0,0.0,0.0,5.0,2.0,1.0,3.0,18.0,0.5,3.0,90.0,3.0,0.0,24.0,2.0,3.73684210526316,1.0,4.0,1.0,1.09090909090909,0.0,0.0,1.0,2.0,0.7248428146195292,0.2751571853804708,1
738,0,1.0,0.0,1.0,3.0,1.0,4.0,1.0,0.0,0.0,2.0,0.53,3.0,33.0,3.0,0.0,19.0,1.0,6.0,2.0,5.0,1.0,0.6,0.0,0.0,1.0,3.0,0.8217844502317304,0.1782155497682696,1
1283,0,4.0,0.0,1.0,0.0,0.0,1.0,3.0,0.0,5.0,9.0,0.31,1.0,61.0,3.0,0.0,25.0,2.0,3.30769230769231,0.0,1.0,1.0,0.294117647058824,0.0,0.0,1.0,0.0,0.8216168729881261,0.17838312701187392,1
741,0,1.0,0.0,1.0,3.0,2.0,1.0,2.0,0.0,2.0,26.0,0.55,0.0,90.0,3.0,3.0,24.0,1.0,10.6296296296296,0.0,0.0,1.0,0.2,0.0,0.0,1.0,3.0,0.5626721962373288,0.4373278037626712,1
745,0,1.0,0.0,1.0,0.0,0.0,2.0,1.0,0.0,1.0,2.0,0.33,5.0,66.0,3.0,0.0,24.0,1.0,4.0,0.0,5.0,1.0,0.0,0.0,0.0,5.0,1.0,0.808446464103783,0.19155353589621707,1
747,0,3.0,0.0,1.0,0.0,2.0,4.0,2.0,1.0,0.0,11.0,0.42,4.0,0.0,3.0,1.0,24.0,2.0,2.53333333333333,0.0,1.0,1.0,0.444444444444444,0.0,0.0,6.0,2.0,0.7211983275036786,0.27880167249632143,1
1288,0,0.0,1.0,1.0,1.0,6.0,2.0,2.0,0.0,3.0,24.0,0.17,6.0,88.0,4.0,0.0,27.0,2.0,5.68,0.0,1.0,1.0,0.321428571428571,0.2,0.0,1.0,1.0,0.6821600056426886,0.3178399943573113,1
753,0,0.0,0.0,1.0,1.0,0.0,4.0,2.0,0.0,3.0,19.0,0.27,3.0,60.0,3.0,0.0,26.0,2.0,3.68421052631579,0.0,1.0,1.0,0.0,0.0,0.0,7.0,3.0,0.6931049861419103,0.30689501385808965,1
754,0,0.0,0.0,1.0,0.0,0.0,2.0,6.0,0.0,14.0,9.0,0.16,3.0,25.0,4.0,0.0,27.0,2.0,3.33333333333333,0.0,1.0,1.0,0.9375,0.2,0.0,5.0,4.0,0.5695574823055611,0.4304425176944389,1
1292,0,0.0,0.0,1.0,0.0,0.0,5.0,1.0,0.0,0.0,1.0,0.42,8.0,0.0,3.0,0.0,20.0,1.0,6.0,6.0,19.0,1.0,0.0,0.0,0.0,2.0,0.0,0.8696427393383749,0.13035726066162512,1
1299,0,8.0,0.0,1.0,5.0,0.0,1.0,3.0,1.0,7.0,16.0,0.3,0.0,87.0,3.0,0.0,17.0,2.0,2.68,0.0,0.0,1.0,0.551724137931034,0.0,0.0,1.0,1.0,0.7229409607715681,0.2770590392284319,1
776,0,2.0,2.0,1.0,0.0,0.0,1.0,2.0,0.0,12.0,27.0,0.39,0.0,87.0,3.0,11.0,6.0,1.0,12.1290322580645,1.0,0.0,1.0,0.735294117647059,0.0,0.0,1.0,1.0,0.5246981574693448,0.47530184253065527,1
1302,0,1.0,0.0,1.0,0.0,0.0,0.0,1.0,0.0,0.0,7.0,0.23,1.0,0.0,3.0,0.0,13.0,1.0,0.625,0.0,2.0,1.0,1.5,0.0,0.0,2.0,1.0,0.7066285407322188,0.29337145926778113,1
782,0,1.0,0.0,1.0,0.0,0.0,1.0,5.0,0.0,10.0,25.0,0.23,2.0,66.0,3.0,0.0,22.0,1.0,1.92307692307692,0.0,0.0,1.0,0.84375,0.0,0.0,3.0,3.0,0.5186152846348097,0.48138471536519034,1
786,0,0.0,0.0,1.0,0.0,0.0,7.0,1.0,0.0,0.0,1.0,0.69,4.0,0.0,3.0,0.0,18.0,1.0,6.0,6.0,17.0,2.0,1.0,0.0,0.0,5.0,1.0,0.821858042112918,0.17814195788708195,1
790,0,3.0,0.0,1.0,1.0,0.0,5.0,2.0,0.0,1.0,4.0,0.4,1.0,83.0,3.0,0.0,16.0,2.0,3.71428571428571,1.0,3.0,1.0,2.1,0.0,0.0,1.0,1.0,0.8077252345969328,0.19227476540306726,1
1307,0,0.0,0.0,1.0,0.0,0.0,2.0,1.0,0.0,0.0,3.0,0.28,3.0,0.0,3.0,0.0,6.0,1.0,1.0,1.0,12.0,1.0,0.6,0.0,0.0,2.0,0.0,0.8846183884382424,0.11538161156175764,1
1312,0,0.0,6.0,1.0,0.0,0.0,1.0,1.0,0.0,1.0,4.0,0.21,2.0,40.0,3.0,0.0,4.0,1.0,2.5,0.0,0.0,1.0,1.58333333333333,0.0,0.0,2.0,0.0,0.8715271943278604,0.12847280567213964,1
