CountDeclMethodPrivate,CountDeclMethodDefault,AvgEssential,CountDeclClassVariable,CountDeclClassMethod,AvgLineComment,AvgCyclomaticModified,CountLineComment,CountDeclClass,CountDeclMethodProtected,CountDeclInstanceVariable,RatioCommentToCode,AvgLineBlank,PercentLackOfCohesion,MaxInheritanceTree,CountClassDerived,CountClassCoupled,CountClassBase,CountInput_Mean,CountInput_Min,CountOutput_Min,MaxNesting_Min,Del_lines,OWN_LINE,MAJOR_LINE,target
0.0,0.0,0.25,0.0,0.0,0.0,0.07,0.02,0.0,0.0,0.01,0.18,0.0,0.0,0.25,0.0,0.0,0.11,0.02,0.02,0.02,0.0,0.0,1.0,0.0,0
0.0,0.0,0.25,0.0,0.0,0.0,0.07,0.02,0.0,0.0,0.01,0.19,0.0,0.0,0.25,0.0,0.0,0.11,0.02,0.02,0.02,0.0,0.0,1.0,0.0,0
0.0,0.0,0.25,0.0,0.0,0.0,0.21,0.02,0.0,0.02,0.03,0.04,0.0,0.54,0.25,0.04,0.04,0.11,0.08,0.02,0.0,0.0,0.01,0.74,0.0,0
0.0,0.0,0.25,0.0,0.01,0.12,0.14,0.06,0.0,0.08,0.03,0.06,0.0,0.85,0.25,0.0,0.03,0.11,0.04,0.0,0.02,0.0,0.0,0.63,0.0,0
0.0,0.0,0.25,0.01,0.0,0.06,0.14,0.02,0.0,0.02,0.02,0.07,0.07,0.62,0.25,0.0,0.01,0.11,0.07,0.07,0.05,0.33,0.36,0.98,0.25,0
0.0,0.0,0.25,0.0,0.0,0.0,0.07,0.02,0.03,0.05,0.02,0.06,0.07,0.77,0.25,0.0,0.03,0.22,0.02,0.0,0.02,0.0,0.0,1.0,0.0,0
0.0,0.0,0.75,0.0,0.0,0.53,0.21,0.02,0.0,0.02,0.01,0.07,0.13,1.0,0.5,0.0,0.0,0.11,0.02,0.02,0.15,0.67,0.0,0.49,0.25,1
0.0,0.0,0.25,0.0,0.0,0.41,0.14,0.04,0.0,0.05,0.0,0.17,0.07,0.0,0.38,0.0,0.0,0.11,0.03,0.02,0.05,0.0,0.0,1.0,0.0,0
0.0,0.38,0.25,0.0,0.0,0.24,0.07,0.08,0.0,0.0,0.0,0.36,0.0,0.0,0.0,0.02,0.0,0.0,0.02,0.02,0.0,0.0,0.0,1.0,0.0,0
0.02,0.0,0.25,0.03,0.03,0.0,0.07,0.02,0.0,0.0,0.0,0.05,0.0,1.0,0.12,0.0,0.1,0.11,0.05,0.0,0.02,0.0,0.0,1.0,0.0,0
0.02,0.0,0.25,0.0,0.09,0.0,0.07,0.03,0.0,0.0,0.0,0.04,0.0,0.0,0.12,0.0,0.15,0.11,0.05,0.0,0.02,0.0,0.0,0.71,0.25,0
0.02,0.0,0.75,0.0,0.01,0.0,0.21,0.02,0.0,0.0,0.0,0.09,0.07,0.0,0.12,0.0,0.01,0.11,0.01,0.0,0.02,0.0,0.0,0.72,0.0,0
0.02,0.0,0.5,0.0,0.01,0.12,0.21,0.03,0.0,0.0,0.0,0.11,0.2,0.0,0.12,0.0,0.03,0.11,0.03,0.0,0.02,0.0,0.0,1.0,0.0,0
0.02,0.0,0.25,0.02,0.0,0.12,0.07,0.06,0.0,0.0,0.05,0.09,0.0,0.81,0.12,0.0,0.0,0.22,0.1,0.02,0.02,0.0,0.0,0.54,0.25,0
0.0,0.0,0.25,0.0,0.0,0.0,0.07,0.02,0.0,0.02,0.0,0.05,0.0,0.0,0.38,0.02,0.06,0.44,0.03,0.0,0.02,0.0,0.0,0.83,0.0,0
0.0,0.0,0.25,0.0,0.0,0.0,0.07,0.05,0.0,0.02,0.0,0.16,0.0,0.0,0.25,0.0,0.07,0.56,0.01,0.0,0.0,0.0,0.1,0.77,0.0,1
0.0,0.02,0.25,0.0,0.0,0.0,0.07,0.02,0.0,0.0,0.0,0.81,0.0,0.0,0.0,0.04,0.01,0.0,0.02,0.02,0.0,0.0,0.0,1.0,0.0,0
0.0,1.0,0.25,0.0,0.0,0.29,0.07,0.25,0.0,0.0,0.0,0.45,0.0,0.0,0.25,0.08,0.24,0.22,0.08,0.04,0.0,0.0,0.0,0.13,0.25,0
0.0,0.02,0.25,0.0,0.0,0.0,0.07,0.02,0.0,0.0,0.0,0.63,0.0,0.0,0.0,0.15,0.01,0.0,0.06,0.07,0.0,0.0,0.0,0.59,0.0,0
0.0,0.0,0.25,0.0,0.0,0.18,0.21,0.04,0.0,0.0,0.0,0.09,0.0,0.0,0.25,0.0,0.07,0.11,0.07,0.04,0.05,0.0,0.0,0.36,0.25,0
0.02,0.0,0.25,0.01,0.0,0.06,0.14,0.05,0.07,0.1,0.1,0.03,0.0,0.83,0.12,0.0,0.28,0.33,0.06,0.0,0.0,0.0,0.0,0.36,0.0,1
0.0,0.98,0.25,0.0,0.0,0.06,0.07,0.08,0.0,0.0,0.0,0.2,0.0,0.0,0.12,0.02,0.0,0.11,0.01,0.0,0.0,0.0,0.0,0.46,0.5,1
0.0,0.0,0.25,0.0,0.0,0.12,0.07,0.04,0.0,0.0,0.01,0.11,0.0,0.16,0.12,0.0,0.07,0.22,0.02,0.0,0.02,0.0,0.0,0.48,0.0,1
0.0,0.0,0.0,0.0,0.0,0.0,0.0,0.02,0.0,0.0,0.0,0.46,0.0,0.0,0.12,0.02,0.0,0.11,0.0,0.0,0.0,0.0,0.0,0.5,0.0,0
0.0,0.0,0.25,0.0,0.0,0.18,0.07,0.06,0.0,0.0,0.01,0.14,0.0,0.66,0.38,0.0,0.08,0.22,0.02,0.0,0.02,0.0,0.0,0.41,0.0,0
0.0,0.0,0.25,0.0,0.0,0.0,0.07,0.02,0.0,0.0,0.01,0.06,0.0,0.0,0.12,0.0,0.01,0.22,0.02,0.02,0.02,0.0,0.0,1.0,0.0,0
0.0,0.0,0.25,0.0,0.0,0.0,0.07,0.02,0.0,0.0,0.0,0.02,0.0,0.0,0.25,0.0,0.15,0.22,0.05,0.02,0.02,0.0,0.0,0.1,0.0,0
0.0,0.27,0.25,0.0,0.0,0.29,0.07,0.11,0.0,0.0,0.0,0.55,0.0,0.0,0.12,0.02,0.0,0.11,0.02,0.0,0.0,0.0,0.0,0.22,0.25,0
0.0,0.0,0.25,0.0,0.0,0.06,0.21,0.03,0.0,0.08,0.0,0.06,0.07,0.0,0.12,0.0,0.03,0.22,0.03,0.02,0.02,0.0,0.0,0.79,0.25,0
0.0,0.71,0.25,0.0,0.0,0.24,0.07,0.18,0.0,0.0,0.0,0.4,0.0,0.0,0.12,0.02,0.08,0.11,0.07,0.0,0.0,0.0,0.0,0.59,0.0,1
0.0,0.0,0.25,0.0,0.0,0.0,0.07,0.03,0.0,0.0,0.03,0.03,0.0,0.7,0.12,0.0,0.07,0.22,0.03,0.02,0.02,0.0,0.0,0.2,0.0,1
0.0,0.4,0.25,0.0,0.0,0.0,0.07,0.03,0.0,0.0,0.0,0.15,0.0,0.0,0.0,0.04,0.06,0.0,0.12,0.0,0.0,0.0,0.0,0.23,0.0,0
0.0,0.0,0.25,0.01,0.0,0.0,0.07,0.02,0.03,0.08,0.03,0.03,0.0,0.81,0.12,0.0,0.21,0.22,0.04,0.0,0.0,0.0,0.0,0.42,0.25,0
0.0,0.0,0.25,0.0,0.0,0.41,0.07,0.03,0.0,0.0,0.0,0.36,0.0,0.0,0.12,0.0,0.06,0.22,0.04,0.04,0.05,0.0,0.0,0.33,0.0,0
0.0,0.09,0.25,0.0,0.0,0.35,0.07,0.05,0.0,0.0,0.0,0.41,0.0,0.0,0.12,0.12,0.08,0.11,0.02,0.02,0.0,0.0,0.0,0.1,0.0,0
0.0,0.0,0.25,0.01,0.0,0.06,0.07,0.03,0.0,0.1,0.0,0.05,0.0,0.88,0.38,0.02,0.2,0.22,0.05,0.0,0.0,0.0,0.0,0.17,0.0,0
0.0,0.0,0.25,0.01,0.0,0.06,0.14,0.02,0.0,0.05,0.0,0.06,0.0,0.8,0.38,0.02,0.2,0.11,0.09,0.07,0.02,0.0,0.0,0.3,0.25,0
0.02,0.02,0.25,0.01,0.0,0.06,0.14,0.08,0.17,0.08,0.07,0.02,0.07,0.87,0.25,0.02,0.61,0.22,0.06,0.0,0.0,0.0,0.31,0.17,0.5,1
0.0,0.29,0.25,0.0,0.0,0.0,0.07,0.02,0.0,0.0,0.0,0.1,0.0,0.0,0.0,0.04,0.07,0.0,0.02,0.0,0.0,0.0,0.0,1.0,0.0,0
0.02,0.0,0.25,0.01,0.0,0.0,0.14,0.02,0.0,0.02,0.02,0.04,0.0,0.83,0.12,0.0,0.04,0.22,0.05,0.02,0.02,0.0,0.0,0.77,0.0,0
0.02,0.0,0.25,0.01,0.0,0.0,0.07,0.02,0.0,0.1,0.05,0.01,0.0,0.93,0.38,0.02,0.38,0.11,0.05,0.02,0.02,0.0,0.0,0.97,0.25,0
0.0,0.0,0.25,0.0,0.0,0.06,0.07,0.03,0.0,0.0,0.01,0.21,0.0,0.0,0.12,0.0,0.03,0.22,0.03,0.02,0.02,0.0,0.0,0.79,0.0,0
0.0,0.09,0.25,0.0,0.0,0.0,0.07,0.02,0.0,0.0,0.0,0.21,0.0,0.0,0.0,0.04,0.01,0.0,0.0,0.0,0.0,0.0,0.0,0.3,0.0,0
0.0,0.0,0.25,0.06,0.0,0.0,0.07,0.07,0.0,0.0,0.05,0.07,0.0,0.9,0.25,0.0,0.13,0.11,0.2,0.0,0.02,0.0,0.0,0.5,0.5,0
0.0,0.0,0.25,0.09,0.0,0.0,0.07,0.03,0.0,0.0,0.02,0.05,0.0,0.84,0.25,0.0,0.07,0.11,0.27,0.02,0.02,0.0,0.0,0.47,0.0,0
0.04,0.0,0.25,0.03,0.0,0.0,0.07,0.07,0.0,0.02,0.04,0.03,0.0,0.94,0.12,0.0,0.13,0.33,0.06,0.0,0.0,0.0,0.0,0.5,0.5,0
0.0,0.18,0.25,0.0,0.0,0.0,0.07,0.03,0.0,0.0,0.0,0.16,0.0,0.0,0.25,0.02,0.01,0.11,0.02,0.0,0.02,0.0,0.0,0.89,0.0,0
0.0,0.0,0.75,0.02,0.01,0.0,0.21,0.02,0.0,0.0,0.0,0.06,0.0,0.75,0.12,0.08,0.13,0.22,0.14,0.02,0.02,0.0,0.0,0.55,0.0,1
0.0,0.0,0.25,0.02,0.0,0.12,0.14,0.07,0.0,0.1,0.01,0.07,0.0,0.88,0.12,0.06,0.06,0.11,0.11,0.02,0.02,0.0,0.0,0.77,0.25,1
0.0,0.0,0.25,0.0,0.0,0.0,0.07,0.02,0.0,0.02,0.0,0.17,0.0,0.0,0.25,0.0,0.03,0.11,0.01,0.0,0.0,0.0,0.0,1.0,0.0,0
0.0,0.0,0.5,0.0,0.0,0.06,0.14,0.02,0.0,0.0,0.01,0.1,0.0,0.4,0.25,0.0,0.03,0.11,0.03,0.0,0.02,0.0,0.0,0.59,0.0,1
0.0,0.02,0.25,0.01,0.0,0.0,0.14,0.03,0.59,0.0,0.01,0.02,0.0,0.47,0.12,0.31,0.06,0.22,0.03,0.02,0.02,0.0,0.0,0.29,0.25,0
0.0,0.0,0.25,0.0,0.0,0.0,0.07,0.02,0.0,0.0,0.0,0.24,0.0,0.0,0.12,0.0,0.0,0.22,0.02,0.02,0.02,0.0,0.0,0.32,0.0,0
0.0,0.0,0.25,0.01,0.0,0.12,0.21,0.04,0.0,0.0,0.07,0.04,0.07,0.59,0.12,0.0,0.03,0.11,0.11,0.07,0.05,0.0,0.0,1.0,0.0,0
0.0,0.02,0.25,0.0,0.0,0.0,0.07,0.02,0.0,0.0,0.02,0.1,0.0,0.41,0.12,0.0,0.03,0.22,0.04,0.02,0.05,0.0,0.0,0.4,0.0,0
0.0,0.04,0.25,0.0,0.0,0.12,0.07,0.04,0.0,0.0,0.02,0.12,0.0,0.6,0.12,0.0,0.0,0.33,0.07,0.02,0.02,0.0,0.0,0.33,0.0,0
0.0,0.0,0.0,0.0,0.0,0.0,0.0,0.02,0.0,0.0,0.03,0.3,0.0,0.0,0.0,0.04,0.0,0.0,0.0,0.0,0.0,0.0,0.0,1.0,0.0,0
0.0,0.0,0.25,0.01,0.0,0.24,0.07,0.03,0.0,0.0,0.0,0.35,0.0,1.0,0.25,0.0,0.0,0.11,0.03,0.02,0.02,0.0,0.0,0.37,0.0,0
0.0,0.16,0.25,0.01,0.0,0.06,0.07,0.03,0.0,0.0,0.01,0.07,0.0,0.57,0.12,0.0,0.01,0.22,0.06,0.02,0.02,0.0,0.0,0.43,0.0,0
0.0,0.24,0.25,0.02,0.0,0.12,0.07,0.1,0.0,0.0,0.08,0.07,0.0,0.83,0.12,0.0,0.04,0.33,0.11,0.02,0.02,0.0,0.0,0.39,0.0,0
0.0,0.13,0.25,0.02,0.0,0.0,0.21,0.02,0.0,0.0,0.03,0.03,0.0,0.52,0.12,0.0,0.13,0.11,0.15,0.09,0.05,0.0,0.0,0.35,0.0,0
0.0,0.04,0.25,0.0,0.0,0.35,0.07,0.03,0.0,0.0,0.0,0.48,0.0,0.0,0.12,0.29,0.0,0.11,0.09,0.09,0.0,0.0,0.0,0.53,0.0,0
0.0,0.0,0.25,0.0,0.0,0.0,0.14,0.02,0.0,0.0,0.01,0.04,0.0,0.71,0.38,0.0,0.04,0.11,0.06,0.02,0.02,0.0,0.0,0.52,0.0,0
0.0,0.0,0.25,0.01,0.0,0.0,0.14,0.03,0.0,0.0,0.03,0.04,0.0,0.62,0.12,0.0,0.06,0.22,0.04,0.0,0.02,0.0,0.0,0.28,0.0,0
0.0,0.0,0.25,0.03,0.0,0.0,0.07,0.02,0.0,0.02,0.01,0.11,0.0,0.62,0.25,0.0,0.0,0.11,0.07,0.02,0.05,0.0,0.0,0.49,0.25,0
0.0,0.0,0.5,0.01,0.0,0.0,0.14,0.03,0.03,0.08,0.01,0.02,0.0,0.66,0.38,0.0,0.2,0.22,0.06,0.02,0.02,0.0,0.0,0.24,0.0,1
0.0,0.0,0.25,0.01,0.0,0.18,0.21,0.04,0.0,0.1,0.0,0.07,0.0,0.8,0.5,0.0,0.13,0.11,0.07,0.07,0.05,0.0,0.05,0.29,0.25,1
0.0,0.0,0.25,0.01,0.0,0.06,0.07,0.04,0.0,0.22,0.04,0.05,0.0,0.85,0.12,0.04,0.03,0.33,0.06,0.02,0.0,0.0,0.0,0.63,0.25,0
0.04,0.0,0.25,0.03,0.01,0.06,0.07,0.09,0.03,0.15,0.12,0.06,0.0,1.0,0.12,0.04,0.08,0.22,0.04,0.0,0.0,0.0,0.0,0.16,0.25,0
0.0,0.0,0.25,0.0,0.0,0.06,0.07,0.05,0.0,0.12,0.05,0.07,0.0,0.83,0.25,0.04,0.0,0.11,0.05,0.0,0.02,0.0,0.0,0.44,0.5,0
0.02,0.0,0.25,0.0,0.01,0.29,0.14,0.04,0.0,0.0,0.0,0.16,0.0,0.0,0.12,0.0,0.1,0.11,0.06,0.0,0.02,0.0,0.0,0.72,0.0,0
0.0,0.0,0.25,0.0,0.0,0.0,0.07,0.02,0.0,0.0,0.06,0.03,0.0,0.84,0.12,0.0,0.04,0.22,0.03,0.02,0.02,0.0,0.0,0.32,0.25,0
0.0,0.0,0.25,0.0,0.0,0.29,0.07,0.05,0.0,0.0,0.0,0.18,0.13,0.0,0.25,0.06,0.04,0.11,0.12,0.13,0.08,0.0,0.0,0.26,0.0,0
0.0,0.0,0.25,0.0,0.0,0.24,0.07,0.06,0.0,0.0,0.0,0.14,0.07,0.0,0.25,0.0,0.07,0.11,0.05,0.0,0.02,0.0,0.0,0.29,0.25,0
0.0,0.0,0.25,0.0,0.0,0.29,0.07,0.06,0.0,0.0,0.0,0.12,0.07,0.0,0.38,0.0,0.1,0.11,0.05,0.0,0.02,0.0,0.0,0.28,0.25,0
0.0,0.0,0.25,0.0,0.0,0.24,0.07,0.06,0.0,0.0,0.0,0.15,0.07,0.0,0.25,0.02,0.06,0.11,0.06,0.0,0.02,0.0,0.0,0.82,0.25,0
0.0,0.0,0.25,0.0,0.0,0.29,0.14,0.06,0.0,0.0,0.0,0.1,0.13,0.0,0.38,0.0,0.1,0.11,0.05,0.0,0.02,0.0,0.0,0.37,0.25,0
0.0,0.0,0.25,0.0,0.0,0.29,0.07,0.06,0.0,0.0,0.0,0.14,0.07,0.0,0.25,0.0,0.06,0.11,0.05,0.0,0.02,0.0,0.0,0.35,0.25,0
0.0,0.0,0.25,0.0,0.0,0.29,0.07,0.05,0.0,0.0,0.0,0.26,0.07,0.0,0.38,0.04,0.03,0.11,0.1,0.11,0.02,0.0,0.0,0.91,0.0,0
0.0,0.0,0.25,0.0,0.0,0.24,0.07,0.06,0.0,0.0,0.0,0.22,0.07,0.0,0.5,0.0,0.06,0.11,0.05,0.0,0.02,0.0,0.0,0.93,0.0,0
0.0,0.0,0.25,0.0,0.0,0.24,0.07,0.06,0.0,0.0,0.0,0.22,0.07,0.0,0.38,0.0,0.06,0.11,0.05,0.0,0.02,0.0,0.0,0.93,0.0,0
0.0,0.0,0.25,0.0,0.0,0.29,0.14,0.06,0.0,0.0,0.0,0.09,0.13,0.0,0.38,0.0,0.1,0.11,0.05,0.0,0.02,0.0,0.0,0.95,0.25,0
0.0,0.0,0.25,0.0,0.0,0.24,0.07,0.06,0.0,0.0,0.0,0.17,0.07,0.0,0.38,0.0,0.07,0.11,0.05,0.0,0.02,0.0,0.0,0.93,0.25,0
0.0,0.0,0.25,0.0,0.0,0.24,0.07,0.06,0.0,0.0,0.0,0.12,0.2,0.0,0.25,0.0,0.06,0.11,0.05,0.0,0.02,0.0,0.0,0.94,0.25,0
0.0,0.0,0.25,0.0,0.0,0.24,0.07,0.06,0.0,0.0,0.0,0.22,0.07,0.0,0.62,0.0,0.06,0.11,0.05,0.0,0.02,0.0,0.0,1.0,0.0,0
0.0,0.0,0.25,0.0,0.0,0.29,0.07,0.05,0.0,0.0,0.0,0.18,0.13,0.0,0.25,0.06,0.04,0.11,0.12,0.13,0.08,0.0,0.0,1.0,0.0,0
0.02,0.0,0.25,0.01,0.0,0.0,0.14,0.02,0.0,1.0,0.01,0.0,0.0,0.98,0.12,0.35,0.06,0.22,0.21,0.0,0.0,0.0,0.0,0.58,0.0,0
0.0,0.0,0.25,0.0,0.0,0.24,0.07,0.06,0.0,0.0,0.0,0.15,0.07,0.0,0.38,0.0,0.07,0.11,0.05,0.0,0.02,0.0,0.0,1.0,0.0,0
0.0,0.0,0.25,0.0,0.0,0.24,0.07,0.06,0.0,0.0,0.0,0.11,0.07,0.0,0.38,0.0,0.07,0.11,0.05,0.0,0.02,0.0,0.0,1.0,0.0,0
0.0,0.0,0.25,0.0,0.0,0.29,0.07,0.06,0.0,0.0,0.0,0.1,0.07,0.0,0.25,0.0,0.1,0.11,0.05,0.0,0.02,0.0,0.0,1.0,0.0,0
0.0,0.0,0.25,0.0,0.0,0.24,0.07,0.06,0.0,0.0,0.0,0.15,0.07,0.0,0.25,0.0,0.07,0.11,0.05,0.0,0.02,0.0,0.0,1.0,0.0,0
0.0,0.0,0.25,0.0,0.0,0.24,0.07,0.06,0.0,0.0,0.0,0.14,0.07,0.0,0.38,0.0,0.06,0.11,0.05,0.0,0.02,0.0,0.0,1.0,0.0,0
0.02,0.0,0.25,0.01,0.0,0.0,0.07,0.02,0.07,0.02,0.04,0.02,0.0,0.81,0.12,0.0,0.08,0.22,0.05,0.02,0.02,0.0,0.0,0.42,0.25,0
0.0,0.0,0.25,0.0,0.0,0.06,0.14,0.05,0.0,0.0,0.01,0.04,0.07,0.62,0.25,0.0,0.17,0.22,0.04,0.0,0.0,0.0,0.04,0.32,0.25,1
0.0,0.0,0.25,0.0,0.0,0.18,0.07,0.03,0.0,0.0,0.0,0.62,0.0,0.0,0.38,0.0,0.0,0.11,0.0,0.0,0.0,0.0,0.0,1.0,0.0,0
0.0,0.0,0.25,0.0,0.0,0.0,0.07,0.02,0.0,0.0,0.01,0.11,0.0,0.0,0.38,0.0,0.0,0.11,0.05,0.04,0.02,0.0,0.0,0.53,0.0,1
0.0,0.0,0.25,0.0,0.0,0.24,0.07,0.03,0.0,0.05,0.0,0.31,0.0,0.0,0.25,0.04,0.0,0.11,0.05,0.04,0.02,0.0,0.0,0.38,0.0,0
0.04,0.0,0.5,0.01,0.01,0.0,0.21,0.08,0.0,0.05,0.01,0.01,0.0,0.62,0.12,0.13,0.11,0.22,0.1,0.02,0.02,0.0,0.01,0.48,0.5,1
0.0,0.0,0.25,0.0,0.0,0.0,0.07,0.02,0.0,0.0,0.0,0.25,0.0,0.0,0.38,0.0,0.01,0.11,0.02,0.02,0.12,0.0,0.0,1.0,0.0,1
0.0,0.0,0.25,0.02,0.0,0.0,0.14,0.02,0.0,0.0,0.04,0.02,0.0,0.75,0.12,0.0,0.04,0.22,0.05,0.02,0.02,0.0,0.02,0.23,0.0,1
0.0,0.0,0.25,0.0,0.0,0.06,0.14,0.04,0.07,0.0,0.03,0.03,0.0,0.56,0.12,0.02,0.2,0.22,0.07,0.0,0.0,0.0,0.0,0.28,0.25,1
0.02,0.0,0.25,0.02,0.01,0.0,0.14,0.06,0.1,0.1,0.1,0.02,0.0,0.94,0.25,0.0,0.31,0.33,0.06,0.0,0.0,0.0,0.0,0.48,0.5,0
0.02,0.0,0.25,0.01,0.0,0.0,0.21,0.03,0.0,0.0,0.04,0.02,0.0,0.74,0.12,0.0,0.03,0.11,0.14,0.04,0.02,0.0,0.0,0.58,0.5,0
0.0,0.0,0.25,0.0,0.0,0.0,0.14,0.02,0.0,0.0,0.01,0.07,0.0,0.0,0.12,0.0,0.06,0.22,0.04,0.04,0.05,0.0,0.0,0.64,0.0,0
0.07,0.0,0.25,0.03,0.0,0.0,0.14,0.03,0.0,0.18,0.08,0.01,0.0,0.92,0.12,0.02,0.35,0.22,0.05,0.0,0.0,0.0,0.0,0.58,0.0,1
0.0,0.13,0.25,0.0,0.0,0.0,0.14,0.02,0.0,0.0,0.01,0.04,0.0,0.33,0.12,0.0,0.04,0.11,0.07,0.04,0.02,0.0,0.0,0.33,0.0,0
0.0,0.2,0.25,0.0,0.0,0.53,0.07,0.1,0.0,0.0,0.0,0.73,0.0,0.0,0.38,0.04,0.06,0.22,0.02,0.02,0.0,0.0,0.0,0.95,0.25,0
0.13,0.0,0.25,0.01,0.0,0.06,0.14,0.03,0.0,0.0,0.02,0.03,0.0,0.59,0.25,0.0,0.06,0.11,0.11,0.09,0.0,0.0,0.0,0.3,0.25,0
0.0,0.02,0.25,0.0,0.0,0.0,0.07,0.02,0.0,0.0,0.03,0.04,0.0,0.7,0.25,0.0,0.03,0.11,0.04,0.02,0.02,0.0,0.0,1.0,0.0,0
0.0,0.0,0.25,0.0,0.0,0.24,0.07,0.06,0.0,0.0,0.0,0.6,0.0,0.0,0.0,0.04,0.0,0.0,0.02,0.0,0.0,0.0,0.0,1.0,0.0,0
0.0,0.0,0.25,0.0,0.0,0.0,0.07,0.02,0.0,0.0,0.01,0.1,0.0,0.33,0.25,0.0,0.04,0.11,0.05,0.04,0.08,0.0,0.0,0.72,0.0,0
0.02,0.0,0.25,0.01,0.0,0.29,0.14,0.07,0.0,0.05,0.03,0.1,0.0,0.7,0.25,0.0,0.0,0.11,0.06,0.0,0.0,0.0,0.0,1.0,0.0,0
0.0,0.0,0.25,0.0,0.0,0.47,0.14,0.06,0.0,0.0,0.0,0.17,0.07,0.0,0.62,0.02,0.03,0.11,0.08,0.02,0.05,0.0,0.0,1.0,0.0,0
0.04,0.0,0.5,0.01,0.0,0.0,0.21,0.02,0.0,0.0,0.02,0.03,0.0,0.62,0.25,0.0,0.0,0.11,0.06,0.0,0.02,0.0,0.0,0.28,0.0,0
0.0,0.0,0.25,0.01,0.0,0.24,0.14,0.06,0.0,0.0,0.03,0.11,0.0,0.62,0.25,0.0,0.0,0.11,0.06,0.0,0.02,0.0,0.0,0.33,0.0,1
0.02,0.0,0.25,0.01,0.0,0.06,0.14,0.1,0.03,0.12,0.14,0.04,0.0,0.93,0.5,0.06,0.2,0.22,0.04,0.0,0.0,0.0,0.23,0.24,0.75,1
0.0,0.0,0.25,0.0,0.0,0.18,0.07,0.03,0.0,0.0,0.0,0.67,0.0,0.0,0.0,0.02,0.0,0.0,0.0,0.0,0.0,0.0,0.0,1.0,0.0,0
0.0,0.0,0.25,0.0,0.0,0.24,0.07,0.04,0.0,0.0,0.0,0.71,0.0,0.0,0.0,0.02,0.0,0.0,0.0,0.0,0.0,0.0,0.0,1.0,0.0,0
0.0,0.0,0.25,0.0,0.0,0.0,0.07,0.02,0.0,0.0,0.01,0.08,0.0,0.0,0.12,0.0,0.03,0.22,0.02,0.02,0.02,0.0,0.0,0.46,0.0,0
0.0,0.0,0.25,0.03,0.0,0.06,0.14,0.08,0.0,0.4,0.11,0.03,0.0,0.93,0.5,0.04,0.21,0.44,0.05,0.0,0.02,0.0,0.0,0.7,0.0,0
0.0,0.0,0.25,0.04,0.01,0.0,0.14,0.04,0.03,0.08,0.01,0.06,0.0,0.88,0.25,0.0,0.03,0.11,0.04,0.0,0.02,0.0,0.0,1.0,0.0,1
0.0,0.0,0.25,0.0,0.01,0.29,0.21,0.02,0.0,0.0,0.0,0.21,0.0,0.0,0.12,0.0,0.04,0.11,0.02,0.02,0.1,0.33,0.0,1.0,0.0,0
0.02,0.0,0.5,0.02,0.0,0.0,0.14,0.02,0.0,0.05,0.0,0.04,0.0,0.75,0.25,0.0,0.0,0.11,0.06,0.02,0.02,0.0,0.0,0.33,0.0,0
0.02,0.0,0.25,0.01,0.0,0.12,0.14,0.07,0.0,0.0,0.01,0.05,0.0,0.55,0.25,0.0,0.01,0.22,0.11,0.04,0.02,0.0,0.0,0.35,0.25,0
0.0,0.0,0.25,0.0,0.0,0.0,0.07,0.02,0.0,0.0,0.01,0.14,0.0,0.0,0.12,0.0,0.0,0.11,0.17,0.02,0.02,0.0,0.0,0.22,0.0,0
0.02,0.0,0.5,0.0,0.01,0.12,0.14,0.03,0.0,0.0,0.0,0.17,0.0,0.0,0.12,0.0,0.0,0.11,0.04,0.0,0.02,0.0,0.0,0.31,0.0,0
0.07,0.0,0.25,0.0,0.08,0.06,0.14,0.04,0.03,0.0,0.04,0.02,0.0,0.71,0.12,0.0,0.01,0.11,0.1,0.0,0.02,0.0,0.0,0.42,0.5,1
0.02,0.0,0.25,0.01,0.0,0.12,0.07,0.04,0.0,0.02,0.0,0.05,0.13,0.77,0.5,0.0,0.1,0.11,0.01,0.0,0.02,0.0,0.0,0.35,0.0,1
0.02,0.0,0.25,0.01,0.0,0.0,0.07,0.02,0.03,0.12,0.05,0.03,0.07,0.8,0.38,0.0,0.14,0.22,0.06,0.02,0.02,0.0,0.0,0.99,0.25,0
0.0,0.0,0.25,0.01,0.01,0.12,0.14,0.24,0.0,0.0,0.03,0.03,0.2,0.81,0.62,0.06,0.15,0.11,0.06,0.0,0.05,0.0,0.0,0.3,0.75,1
0.0,0.0,0.25,0.0,0.0,0.0,0.07,0.02,0.0,0.12,0.0,0.07,0.0,0.0,0.38,0.0,0.08,0.11,0.04,0.0,0.02,0.0,0.0,0.79,0.0,0
0.0,0.0,0.25,0.0,0.0,0.06,0.07,0.01,0.03,0.1,0.02,0.01,0.0,0.75,0.75,0.02,0.07,0.22,0.04,0.0,0.02,0.0,0.0,1.0,0.0,0
0.0,0.0,0.25,0.0,0.0,0.0,0.07,0.02,0.03,0.08,0.0,0.09,0.0,0.0,0.75,0.0,0.0,0.22,0.0,0.0,0.02,0.0,0.0,0.93,0.25,0
0.0,0.0,0.25,0.0,0.0,0.0,0.07,0.02,0.0,0.02,0.0,0.4,0.0,0.0,0.75,0.0,0.0,0.11,0.0,0.0,0.02,0.0,0.0,0.66,0.0,0
0.0,0.0,0.25,0.01,0.01,0.0,0.14,0.02,0.0,0.12,0.05,0.03,0.0,0.8,0.38,0.0,0.06,0.11,0.05,0.0,0.02,0.0,0.01,0.87,0.25,0
0.0,0.0,0.25,0.01,0.0,0.0,0.07,0.02,0.0,0.28,0.1,0.02,0.0,0.87,0.38,0.06,0.06,0.11,0.07,0.02,0.0,0.0,0.0,0.7,0.0,1
0.07,0.0,0.25,0.0,0.0,0.0,0.07,0.02,0.0,0.05,0.04,0.03,0.0,0.58,0.25,0.0,0.07,0.11,0.06,0.0,0.08,0.0,0.0,1.0,0.0,1
0.0,0.0,0.25,0.0,0.0,0.0,0.07,0.02,0.07,0.0,0.05,0.06,0.0,0.5,0.25,0.0,0.06,0.11,0.07,0.07,0.05,0.0,0.0,0.95,0.25,0
0.0,0.0,0.25,0.0,0.0,0.0,0.07,0.02,0.0,0.02,0.0,0.26,0.0,0.0,0.5,0.0,0.01,0.11,0.0,0.0,0.08,0.0,0.0,1.0,0.0,0
0.0,0.0,0.25,0.0,0.0,0.0,0.07,0.02,0.0,0.1,0.0,0.12,0.0,0.0,0.5,0.0,0.03,0.11,0.0,0.0,0.02,0.0,0.0,0.75,0.0,0
0.0,0.0,0.25,0.09,0.0,0.0,0.14,0.03,0.28,0.05,0.1,0.01,0.0,0.85,0.25,0.0,0.1,0.22,0.1,0.02,0.02,0.0,0.0,1.0,0.0,0
0.0,0.02,0.25,0.0,0.0,0.0,0.07,0.02,0.0,0.0,0.0,0.46,0.0,0.0,0.0,0.25,0.0,0.0,0.06,0.07,0.0,0.0,0.0,0.73,0.0,0
0.0,0.0,0.25,0.0,0.0,0.47,0.07,0.03,0.0,0.02,0.0,0.17,0.47,0.0,0.62,0.0,0.01,0.11,0.02,0.02,0.12,0.0,0.0,0.62,0.25,0
0.0,0.0,0.25,0.0,0.0,0.18,0.14,0.03,0.0,0.05,0.01,0.11,0.07,0.0,0.25,0.0,0.03,0.11,0.02,0.0,0.02,0.0,0.0,0.42,0.0,0
0.02,0.0,0.25,0.01,0.01,0.0,0.21,0.03,0.0,0.02,0.0,0.06,0.13,0.66,0.12,0.0,0.01,0.11,0.05,0.0,0.02,0.0,0.0,0.62,0.0,0
0.0,0.0,0.25,0.01,0.0,0.0,0.07,0.02,0.0,0.02,0.01,0.07,0.0,0.87,0.25,0.0,0.04,0.11,0.02,0.0,0.05,0.0,0.0,0.33,0.0,0
0.0,0.0,0.25,0.0,0.0,0.0,0.07,0.02,0.0,0.02,0.0,0.14,0.07,0.0,0.38,0.0,0.04,0.11,0.0,0.0,0.02,0.0,0.0,0.18,0.0,0
0.0,0.0,0.25,0.01,0.0,0.29,0.07,0.04,0.0,0.05,0.01,0.09,0.13,0.33,0.38,0.0,0.01,0.11,0.04,0.02,0.02,0.0,0.0,0.34,0.0,0
0.0,0.0,0.25,0.0,0.0,0.24,0.14,0.07,0.07,0.05,0.03,0.05,0.13,0.54,0.25,0.0,0.04,0.22,0.04,0.0,0.05,0.0,0.0,0.43,0.25,0
0.04,0.0,0.25,0.0,0.01,0.06,0.14,0.04,0.0,0.05,0.03,0.04,0.07,0.82,0.25,0.0,0.06,0.11,0.04,0.02,0.02,0.0,0.0,1.0,0.0,1
0.0,0.0,0.25,0.0,0.0,0.0,0.07,0.02,0.0,0.02,0.0,0.12,0.0,0.0,0.38,0.0,0.04,0.11,0.08,0.09,0.12,0.0,0.0,1.0,0.0,0
0.0,0.0,0.25,0.0,0.0,0.0,0.07,0.02,0.0,0.02,0.0,0.1,0.13,0.0,0.38,0.0,0.04,0.11,0.04,0.0,0.05,0.0,0.0,0.55,0.0,0
0.0,0.0,0.25,0.0,0.0,0.0,0.07,0.02,0.0,0.05,0.0,0.13,0.0,0.0,0.38,0.0,0.01,0.11,0.0,0.0,0.02,0.0,0.0,0.3,0.0,0
0.0,0.0,0.25,0.0,0.0,0.0,0.07,0.02,0.0,0.02,0.0,0.3,0.07,0.0,0.5,0.06,0.01,0.11,0.08,0.09,0.05,0.0,0.0,0.32,0.0,0
0.0,0.0,0.25,0.0,0.0,0.0,0.07,0.02,0.0,0.02,0.0,0.35,0.07,0.0,0.62,0.04,0.01,0.11,0.06,0.07,0.02,0.0,0.0,0.32,0.0,0
0.0,0.0,0.25,0.01,0.0,0.0,0.07,0.02,0.0,0.02,0.0,0.2,0.0,1.0,0.75,0.0,0.01,0.11,0.02,0.0,0.02,0.0,0.0,0.31,0.0,0
0.0,0.0,0.25,0.01,0.0,0.0,0.07,0.02,0.0,0.02,0.0,0.16,0.0,1.0,0.62,0.0,0.01,0.11,0.02,0.0,0.05,0.0,0.0,1.0,0.0,0
0.0,0.0,0.25,0.01,0.0,0.0,0.07,0.02,0.0,0.02,0.0,0.2,0.0,1.0,0.75,0.0,0.01,0.11,0.02,0.0,0.05,0.0,0.0,0.33,0.0,0
0.0,0.0,0.25,0.01,0.0,0.0,0.07,0.02,0.0,0.02,0.0,0.21,0.0,1.0,0.62,0.0,0.01,0.11,0.02,0.0,0.02,0.0,0.0,0.31,0.0,0
0.0,0.0,0.25,0.01,0.0,0.0,0.07,0.02,0.0,0.02,0.0,0.18,0.0,1.0,0.5,0.0,0.01,0.11,0.02,0.0,0.08,0.0,0.0,1.0,0.0,0
0.0,0.0,0.25,0.01,0.0,0.0,0.07,0.03,0.0,0.02,0.0,0.19,0.0,1.0,0.5,0.0,0.01,0.11,0.02,0.0,0.05,0.0,0.0,1.0,0.0,0
0.0,0.0,0.25,0.01,0.0,0.0,0.07,0.03,0.0,0.02,0.0,0.18,0.0,1.0,0.5,0.0,0.01,0.11,0.02,0.0,0.08,0.0,0.0,1.0,0.0,0
0.0,0.0,0.25,0.01,0.0,0.0,0.07,0.03,0.0,0.02,0.0,0.17,0.0,1.0,0.5,0.0,0.01,0.11,0.02,0.0,0.08,0.0,0.0,1.0,0.0,0
0.0,0.0,0.25,0.01,0.0,0.0,0.07,0.03,0.0,0.02,0.0,0.15,0.0,1.0,0.62,0.0,0.01,0.11,0.02,0.0,0.08,0.0,0.0,1.0,0.0,0
0.0,0.0,0.25,0.01,0.0,0.0,0.07,0.03,0.0,0.02,0.0,0.18,0.0,1.0,0.5,0.02,0.01,0.11,0.03,0.0,0.08,0.0,0.0,1.0,0.0,0
0.0,0.0,0.25,0.01,0.0,0.0,0.07,0.03,0.0,0.02,0.0,0.21,0.0,1.0,0.62,0.0,0.01,0.11,0.02,0.0,0.08,0.0,0.0,1.0,0.0,0
0.0,0.0,0.25,0.01,0.0,0.0,0.07,0.03,0.0,0.02,0.0,0.19,0.0,1.0,0.62,0.0,0.01,0.11,0.02,0.0,0.08,0.0,0.0,1.0,0.0,0
0.0,0.0,0.25,0.01,0.0,0.0,0.07,0.03,0.0,0.02,0.0,0.18,0.0,1.0,0.62,0.0,0.01,0.11,0.02,0.0,0.08,0.0,0.0,1.0,0.0,0
0.0,0.0,0.25,0.0,0.0,0.0,0.07,0.02,0.0,0.02,0.0,0.27,0.07,0.0,0.5,0.46,0.01,0.11,0.47,0.56,0.08,0.0,0.0,0.58,0.0,0
0.0,0.0,0.25,0.0,0.0,0.0,0.07,0.02,0.0,0.02,0.0,0.15,0.0,0.0,0.38,0.0,0.01,0.11,0.0,0.0,0.1,0.0,0.0,0.13,0.0,0
0.0,0.0,0.25,0.0,0.0,0.0,0.07,0.02,0.0,0.02,0.0,0.27,0.07,0.0,0.5,0.0,0.03,0.11,0.04,0.04,0.1,0.0,0.0,0.4,0.25,0
0.02,0.0,0.25,0.01,0.0,0.0,0.07,0.02,0.0,0.05,0.0,0.03,0.13,0.8,0.25,0.0,0.03,0.11,0.02,0.0,0.02,0.0,0.01,1.0,0.0,0
0.0,0.0,0.25,0.01,0.0,0.0,0.07,0.02,0.0,0.08,0.01,0.07,0.07,0.5,0.75,0.0,0.03,0.11,0.03,0.02,0.05,0.0,0.0,0.38,0.0,0
0.0,0.0,0.25,0.01,0.0,0.18,0.07,0.04,0.0,0.15,0.02,0.08,0.13,0.66,0.5,0.23,0.01,0.11,0.12,0.02,0.02,0.0,0.0,0.59,0.0,0
0.0,0.0,0.25,0.01,0.01,0.06,0.07,0.02,0.0,0.15,0.01,0.03,0.07,0.9,0.75,0.02,0.17,0.11,0.02,0.0,0.02,0.0,0.0,0.35,0.75,1
0.0,0.0,0.5,0.02,0.0,0.41,0.29,0.03,0.0,0.02,0.0,0.05,0.27,0.5,0.75,0.0,0.04,0.11,0.04,0.0,0.02,0.0,0.0,0.52,0.0,0
0.0,0.0,0.25,0.0,0.0,0.0,0.07,0.02,0.0,0.02,0.0,0.21,0.0,0.0,0.5,0.0,0.0,0.11,0.0,0.0,0.08,0.0,0.04,0.95,0.25,0
0.0,0.0,0.25,0.03,0.0,0.0,0.14,0.02,0.07,0.05,0.08,0.02,0.07,0.68,0.25,0.0,0.08,0.22,0.06,0.0,0.0,0.0,0.0,0.97,0.5,0
0.0,0.0,0.25,0.0,0.0,0.0,0.07,0.02,0.0,0.05,0.01,0.11,0.0,0.6,0.38,0.0,0.01,0.11,0.01,0.0,0.0,0.0,0.0,0.49,0.0,0
0.04,0.0,0.25,0.01,0.0,0.06,0.14,0.04,0.14,0.05,0.08,0.03,0.0,0.85,0.5,0.0,0.1,0.22,0.04,0.0,0.0,0.0,0.0,0.98,0.5,0
0.0,0.0,0.25,0.0,0.0,0.0,0.07,0.02,0.0,0.0,0.01,0.02,0.0,0.89,0.12,0.0,0.0,0.22,0.01,0.0,0.0,0.0,0.0,1.0,0.0,0
0.0,0.0,0.25,0.0,0.0,0.12,0.07,0.02,0.0,0.02,0.01,0.16,0.0,0.0,0.38,0.0,0.01,0.11,0.02,0.02,0.05,0.0,0.0,1.0,0.0,1
0.04,0.0,0.25,0.01,0.0,0.06,0.14,0.04,0.1,0.05,0.05,0.03,0.07,0.71,0.5,0.0,0.08,0.22,0.06,0.0,0.0,0.0,0.0,1.0,0.0,0
0.0,0.0,0.25,0.01,0.0,0.0,0.14,0.02,0.07,0.22,0.05,0.01,0.0,0.82,0.25,0.04,0.17,0.22,0.04,0.0,0.0,0.0,0.0,0.76,0.0,0
0.0,0.0,0.25,0.01,0.0,0.0,0.07,0.02,0.03,0.2,0.03,0.03,0.07,0.77,0.5,0.0,0.03,0.22,0.06,0.0,0.02,0.0,0.0,0.68,0.0,0
0.0,0.0,0.25,0.0,0.0,0.0,0.14,0.02,0.03,0.1,0.02,0.03,0.0,0.61,0.25,0.0,0.03,0.22,0.03,0.0,0.05,0.0,0.0,0.73,0.0,0
0.02,0.0,0.25,0.02,0.0,0.0,0.07,0.02,0.0,0.22,0.04,0.02,0.07,0.78,0.38,0.02,0.01,0.11,0.05,0.0,0.02,0.0,0.01,0.72,0.25,0
0.0,0.0,0.25,0.0,0.0,0.06,0.21,0.02,0.0,0.05,0.01,0.05,0.13,0.33,0.75,0.0,0.1,0.11,0.04,0.02,0.05,0.33,0.0,0.54,0.25,1
0.0,0.0,0.25,0.02,0.01,0.12,0.14,0.04,0.0,0.15,0.01,0.1,0.0,0.72,0.75,0.0,0.04,0.11,0.03,0.0,0.02,0.0,0.0,0.81,0.0,0
0.0,0.0,0.25,0.0,0.0,0.0,0.07,0.02,0.0,0.02,0.0,0.37,0.0,0.0,0.5,0.0,0.0,0.11,0.0,0.0,0.02,0.0,0.0,0.61,0.0,0
0.0,0.0,0.25,0.0,0.0,0.0,0.07,0.02,0.0,0.02,0.0,0.31,0.0,0.0,0.5,0.0,0.0,0.11,0.0,0.0,0.05,0.0,0.0,0.5,0.0,0
0.0,0.0,0.25,0.03,0.0,0.06,0.14,0.03,0.03,0.15,0.05,0.02,0.0,0.86,0.38,0.0,0.08,0.22,0.05,0.0,0.02,0.0,0.0,0.6,0.0,0
0.0,0.0,0.25,0.01,0.0,0.47,0.07,0.07,0.0,0.0,0.0,0.09,0.33,0.16,0.62,0.02,0.01,0.11,0.02,0.02,0.08,0.0,0.12,0.9,0.0,1
0.0,0.0,0.25,0.01,0.0,0.12,0.14,0.03,0.0,0.02,0.01,0.04,0.0,0.8,0.62,0.0,0.07,0.11,0.05,0.0,0.08,0.0,0.01,0.41,0.0,1
0.0,0.0,0.25,0.01,0.0,0.18,0.07,0.04,0.0,0.02,0.01,0.03,0.2,0.42,0.38,0.04,0.01,0.11,0.07,0.0,0.02,0.0,0.0,0.64,0.0,0
0.0,0.0,0.25,0.0,0.0,0.06,0.07,0.02,0.0,0.05,0.0,0.22,0.0,0.0,0.75,0.0,0.01,0.11,0.0,0.0,0.05,0.0,0.0,0.63,0.0,0
0.0,0.0,0.25,0.01,0.0,0.0,0.14,0.02,0.0,0.08,0.03,0.03,0.13,0.5,0.25,0.0,0.21,0.11,0.06,0.02,0.02,0.0,0.0,0.26,0.0,0
0.0,0.02,0.25,0.0,0.0,0.24,0.07,0.02,0.0,0.0,0.0,0.69,0.0,0.0,0.0,0.02,0.0,0.0,0.02,0.02,0.0,0.0,0.0,1.0,0.0,0
0.0,0.0,0.25,0.0,0.0,0.06,0.14,0.05,0.38,0.12,0.03,0.01,0.0,0.53,0.25,0.0,0.07,0.22,0.02,0.0,0.05,0.0,0.0,1.0,0.0,0
0.0,0.0,0.25,0.0,0.0,0.0,0.29,0.02,0.0,0.0,0.01,0.06,0.0,0.0,0.12,0.0,0.0,0.22,0.07,0.07,0.08,0.0,0.0,1.0,0.0,0
0.0,0.0,0.25,0.0,0.0,0.0,0.07,0.02,0.0,0.0,0.0,0.08,0.07,0.0,0.25,0.0,0.01,0.11,0.0,0.0,0.08,0.0,0.0,1.0,0.0,0
0.0,0.0,0.25,0.0,0.0,0.0,0.07,0.02,0.0,0.05,0.03,0.08,0.0,0.5,0.25,0.0,0.0,0.11,0.04,0.04,0.05,0.0,0.0,1.0,0.0,0
0.0,0.0,0.25,0.0,0.0,0.0,0.07,0.03,0.0,0.0,0.0,0.03,0.0,0.0,0.25,0.0,0.14,0.22,0.01,0.0,0.0,0.0,0.0,0.74,0.0,1
0.0,0.0,0.25,0.0,0.0,0.0,0.07,0.02,0.0,0.0,0.03,0.04,0.0,0.81,0.12,0.0,0.0,0.11,0.04,0.02,0.02,0.0,0.0,1.0,0.0,0
0.0,0.0,0.25,0.01,0.0,0.0,0.07,0.02,0.0,0.05,0.01,0.08,0.0,0.66,0.38,0.0,0.01,0.11,0.03,0.0,0.0,0.0,0.01,0.26,0.0,0
0.0,0.0,0.25,0.03,0.0,0.0,0.14,0.04,0.0,0.1,0.03,0.03,0.0,0.9,0.62,0.02,0.08,0.11,0.04,0.0,0.0,0.0,0.11,0.28,0.25,0
0.0,0.0,0.25,0.0,0.0,0.0,0.07,0.02,0.0,0.0,0.0,0.26,0.0,0.0,0.75,0.0,0.01,0.11,0.06,0.07,0.05,0.0,0.0,1.0,0.0,0
0.0,0.0,0.25,0.0,0.0,0.0,0.07,0.02,0.0,0.05,0.0,0.06,0.0,0.0,0.75,0.0,0.01,0.11,0.01,0.0,0.05,0.0,0.0,1.0,0.0,0
0.0,0.0,0.25,0.0,0.0,0.29,0.07,0.04,0.0,0.02,0.02,0.03,0.4,0.16,0.25,0.0,0.07,0.11,0.08,0.02,0.02,0.0,0.01,0.27,0.0,0
0.0,0.0,0.25,0.01,0.01,0.0,0.14,0.04,0.03,0.0,0.02,0.07,0.0,0.75,0.12,0.0,0.07,0.11,0.04,0.02,0.02,0.0,0.0,1.0,0.0,0
0.0,0.0,0.25,0.0,0.01,0.0,0.14,0.02,0.0,0.0,0.02,0.05,0.0,0.61,0.12,0.0,0.0,0.11,0.04,0.02,0.02,0.0,0.0,0.58,0.0,0
0.0,0.0,0.25,0.0,0.0,0.0,0.14,0.01,0.0,0.02,0.01,0.08,0.0,0.0,0.38,0.0,0.06,0.11,0.07,0.04,0.08,0.0,0.01,1.0,0.0,0
0.0,0.0,0.25,0.01,0.0,0.0,0.14,0.05,0.0,0.08,0.05,0.04,0.0,0.86,0.12,0.04,0.08,0.33,0.06,0.02,0.02,0.0,0.0,0.27,0.25,0
0.0,0.0,0.25,0.0,0.0,0.41,0.29,0.03,0.0,0.02,0.03,0.08,0.27,0.5,0.38,0.0,0.14,0.11,0.08,0.02,0.12,0.0,0.0,1.0,0.0,0
0.02,0.0,0.25,0.0,0.0,0.24,0.07,0.19,0.0,0.0,0.01,0.14,0.0,0.91,0.12,0.0,0.03,0.44,0.04,0.0,0.0,0.0,0.0,0.88,0.5,1
0.0,0.11,0.25,0.0,0.0,0.12,0.07,0.03,0.0,0.0,0.0,0.35,0.0,0.0,0.25,0.02,0.04,0.11,0.03,0.0,0.02,0.0,0.0,0.75,0.25,1
0.0,0.0,0.25,0.02,0.0,0.18,0.14,0.04,0.0,0.0,0.0,0.09,0.0,0.83,0.12,0.0,0.0,0.33,0.03,0.0,0.0,0.0,0.0,0.49,0.0,0
0.0,0.09,0.25,0.0,0.0,0.18,0.07,0.03,0.0,0.0,0.0,0.51,0.0,0.0,0.12,0.04,0.0,0.11,0.02,0.02,0.0,0.0,0.0,0.57,0.0,0
0.0,0.0,0.25,0.0,0.0,0.0,0.14,0.02,0.0,0.02,0.03,0.03,0.0,0.75,0.38,0.0,0.04,0.22,0.03,0.02,0.02,0.0,0.0,0.82,0.0,0
0.0,0.0,0.25,0.0,0.0,0.0,0.07,0.02,0.0,0.02,0.0,0.12,0.0,0.0,0.38,0.0,0.03,0.11,0.0,0.0,0.02,0.0,0.0,0.46,0.0,0
0.0,0.0,0.25,0.02,0.0,0.0,0.07,0.03,0.0,0.1,0.04,0.03,0.0,0.86,0.38,0.0,0.01,0.22,0.03,0.0,0.0,0.0,0.0,0.73,0.0,0
0.0,0.0,0.25,0.0,0.0,0.0,0.14,0.02,0.07,0.1,0.02,0.03,0.0,0.73,0.25,0.02,0.01,0.22,0.03,0.0,0.02,0.0,0.0,0.81,0.0,0
0.0,0.0,0.25,0.0,0.01,0.0,0.21,0.03,0.0,0.05,0.01,0.03,0.07,0.85,0.25,0.0,0.06,0.11,0.12,0.09,0.02,0.0,0.0,0.88,0.0,0
0.0,0.0,0.25,0.0,0.0,0.0,0.07,0.02,0.0,0.0,0.0,0.11,0.07,0.0,0.5,0.0,0.07,0.22,0.09,0.11,0.05,0.0,0.0,0.41,0.0,0
0.0,0.0,0.25,0.01,0.0,0.0,0.07,0.02,0.0,0.15,0.03,0.02,0.0,0.88,0.12,0.0,0.0,0.11,0.05,0.0,0.02,0.0,0.0,0.98,0.25,0
0.0,0.0,0.25,0.0,0.0,0.0,0.07,0.02,0.0,0.0,0.01,0.07,0.0,0.33,0.25,0.04,0.0,0.22,0.05,0.0,0.02,0.0,0.0,1.0,0.0,0
0.0,0.0,0.25,0.01,0.0,0.0,0.14,0.02,0.07,0.0,0.01,0.01,0.0,0.57,0.38,0.0,0.03,0.22,0.06,0.0,0.02,0.0,0.0,0.89,0.0,0
0.0,0.0,0.25,0.0,0.0,0.06,0.07,0.02,0.0,0.0,0.01,0.17,0.0,0.0,0.25,0.0,0.0,0.11,0.05,0.04,0.02,0.0,0.0,1.0,0.0,0
0.0,0.0,0.25,0.0,0.0,0.0,0.07,0.02,0.0,0.12,0.05,0.02,0.0,0.86,0.25,0.04,0.03,0.22,0.03,0.02,0.0,0.0,0.0,1.0,0.0,0
0.0,0.0,0.25,0.0,0.0,0.0,0.14,0.02,0.0,0.02,0.03,0.03,0.0,0.67,0.12,0.0,0.0,0.33,0.04,0.02,0.02,0.0,0.0,1.0,0.0,0
0.0,0.0,0.25,0.0,0.0,0.0,0.07,0.02,0.0,0.0,0.0,0.12,0.0,0.0,0.25,0.02,0.01,0.11,0.03,0.02,0.02,0.0,0.0,1.0,0.0,0
0.0,0.04,0.25,0.0,0.0,0.0,0.07,0.02,0.0,0.0,0.0,0.26,0.0,0.0,0.0,0.04,0.0,0.0,0.01,0.0,0.0,0.0,0.0,1.0,0.0,0
0.0,0.0,0.25,0.0,0.0,0.0,0.07,0.02,0.21,0.0,0.11,0.01,0.0,0.75,0.38,0.02,0.1,0.22,0.03,0.0,0.0,0.0,0.0,1.0,0.0,0
0.0,0.0,0.25,0.0,0.0,0.12,0.14,0.07,0.07,0.05,0.03,0.13,0.0,0.66,0.25,0.0,0.03,0.22,0.04,0.0,0.02,0.0,0.0,0.37,0.0,0
0.0,0.0,0.25,0.0,0.0,0.0,0.07,0.02,0.0,0.0,0.0,0.1,0.0,0.0,0.25,0.0,0.01,0.22,0.01,0.0,0.05,0.0,0.0,0.73,0.0,0
0.0,0.0,0.5,0.01,0.01,0.06,0.21,0.05,0.0,0.4,0.06,0.03,0.0,0.89,0.25,0.06,0.06,0.11,0.07,0.02,0.05,0.0,0.0,0.42,0.75,1
0.0,0.0,0.25,0.01,0.0,0.12,0.14,0.04,0.0,0.08,0.01,0.09,0.0,0.5,0.12,0.0,0.03,0.22,0.05,0.02,0.02,0.0,0.0,0.66,0.0,0
0.0,0.02,0.25,0.0,0.0,0.0,0.07,0.02,0.0,0.0,0.0,0.61,0.0,0.0,0.12,0.15,0.0,0.11,0.04,0.04,0.0,0.0,0.0,0.94,0.25,0
0.0,0.0,0.25,0.0,0.01,0.0,0.14,0.02,0.0,0.0,0.0,0.12,0.33,0.0,0.25,0.0,0.03,0.22,0.02,0.02,0.2,0.33,0.0,0.38,0.5,0
0.0,0.0,0.25,0.0,0.0,0.0,0.14,0.02,0.0,0.05,0.01,0.07,0.0,0.33,0.25,0.0,0.04,0.11,0.01,0.0,0.02,0.0,0.0,0.64,0.25,0
0.0,0.0,0.25,0.0,0.0,0.02,0.07,0.02,0.0,0.12,0.04,0.03,0.0,0.87,0.29,0.03,0.09,0.22,0.04,0.01,0.0,0.0,0.0,0.71,0.0,0
0.0,0.12,0.25,0.0,0.0,0.1,0.07,0.04,0.0,0.0,0.0,0.12,0.0,0.38,0.22,0.02,0.08,0.13,0.02,0.0,0.01,0.0,0.0,0.66,0.0,0
0.0,0.0,0.25,0.02,0.0,0.0,0.14,0.02,0.0,0.0,0.04,0.03,0.0,0.76,0.14,0.0,0.04,0.22,0.05,0.02,0.03,0.0,0.02,0.26,0.0,1
0.0,0.0,0.17,0.01,0.01,0.0,0.1,0.03,0.02,0.0,0.01,0.19,0.0,0.51,0.12,0.01,0.05,0.11,0.03,0.02,0.02,0.0,0.0,0.84,0.0,0
0.1,0.0,0.25,0.01,0.0,0.05,0.13,0.03,0.0,0.01,0.02,0.07,0.0,0.69,0.37,0.0,0.05,0.11,0.09,0.07,0.01,0.0,0.0,0.31,0.19,0
0.0,0.01,0.25,0.06,0.0,0.09,0.11,0.03,0.16,0.03,0.06,0.29,0.0,0.51,0.15,0.01,0.06,0.13,0.07,0.02,0.01,0.0,0.0,1.0,0.0,0
0.02,0.0,0.25,0.01,0.0,0.0,0.13,0.03,0.0,0.02,0.02,0.06,0.0,0.86,0.19,0.0,0.04,0.2,0.04,0.02,0.03,0.0,0.0,0.81,0.0,0
0.0,0.0,0.25,0.0,0.0,0.06,0.07,0.05,0.0,0.12,0.05,0.07,0.0,0.82,0.25,0.04,0.0,0.11,0.05,0.0,0.02,0.0,0.0,0.44,0.5,0
0.0,0.15,0.25,0.0,0.0,0.07,0.07,0.02,0.0,0.02,0.0,0.16,0.0,0.0,0.24,0.01,0.03,0.07,0.06,0.01,0.03,0.0,0.0,0.72,0.0,0
0.0,0.0,0.25,0.01,0.0,0.0,0.07,0.02,0.0,0.01,0.0,0.1,0.0,0.29,0.25,0.0,0.01,0.17,0.04,0.01,0.05,0.0,0.0,0.62,0.12,0
0.0,0.0,0.25,0.03,0.0,0.0,0.07,0.02,0.0,0.02,0.01,0.11,0.0,0.62,0.25,0.0,0.0,0.11,0.07,0.02,0.05,0.0,0.0,0.49,0.25,0
0.0,0.0,0.25,0.0,0.0,0.0,0.1,0.02,0.02,0.04,0.03,0.05,0.04,0.76,0.3,0.0,0.03,0.22,0.03,0.01,0.02,0.0,0.0,0.92,0.0,0
0.01,0.0,0.25,0.01,0.0,0.13,0.11,0.04,0.04,0.08,0.06,0.14,0.0,0.5,0.17,0.02,0.17,0.25,0.05,0.02,0.01,0.0,0.0,0.37,0.0,0
0.03,0.0,0.5,0.0,0.0,0.06,0.21,0.03,0.0,0.0,0.01,0.07,0.11,0.29,0.18,0.0,0.01,0.11,0.05,0.0,0.02,0.0,0.0,0.66,0.0,0
0.0,0.01,0.25,0.0,0.0,0.0,0.07,0.02,0.0,0.02,0.0,0.27,0.04,0.0,0.33,0.32,0.01,0.07,0.32,0.37,0.05,0.0,0.0,0.72,0.0,0
0.01,0.0,0.25,0.01,0.0,0.0,0.12,0.02,0.0,0.1,0.02,0.06,0.02,0.27,0.38,0.01,0.04,0.11,0.06,0.03,0.06,0.0,0.01,0.9,0.09,0
0.0,0.08,0.25,0.01,0.0,0.09,0.13,0.03,0.0,0.02,0.02,0.13,0.05,0.5,0.2,0.0,0.01,0.09,0.06,0.06,0.04,0.27,0.29,0.98,0.2,0
0.0,0.02,0.27,0.0,0.0,0.01,0.08,0.02,0.0,0.0,0.03,0.04,0.02,0.64,0.24,0.0,0.03,0.11,0.04,0.02,0.02,0.0,0.0,1.0,0.0,0
0.0,0.0,0.25,0.01,0.0,0.0,0.07,0.02,0.0,0.02,0.0,0.21,0.01,0.79,0.7,0.1,0.01,0.11,0.11,0.12,0.04,0.0,0.0,0.37,0.0,0
0.0,0.01,0.25,0.0,0.0,0.07,0.07,0.02,0.0,0.02,0.0,0.42,0.0,0.0,0.23,0.02,0.01,0.07,0.02,0.02,0.03,0.0,0.0,1.0,0.0,0
0.0,0.0,0.25,0.0,0.0,0.06,0.14,0.04,0.07,0.0,0.03,0.03,0.0,0.57,0.14,0.02,0.19,0.22,0.07,0.0,0.0,0.0,0.0,0.3,0.24,1
0.02,0.0,0.25,0.0,0.06,0.1,0.1,0.03,0.0,0.0,0.0,0.08,0.0,0.0,0.12,0.0,0.14,0.11,0.06,0.0,0.02,0.0,0.0,0.71,0.17,0
0.0,0.0,0.25,0.0,0.0,0.01,0.08,0.02,0.0,0.12,0.0,0.07,0.0,0.04,0.36,0.0,0.08,0.12,0.04,0.0,0.02,0.0,0.0,0.78,0.0,0
0.01,0.0,0.25,0.01,0.0,0.2,0.17,0.02,0.0,0.07,0.01,0.15,0.02,0.25,0.2,0.01,0.03,0.11,0.03,0.02,0.08,0.23,0.0,0.91,0.08,0
0.0,0.0,0.27,0.0,0.0,0.0,0.08,0.02,0.0,0.02,0.0,0.25,0.06,0.05,0.48,0.42,0.01,0.11,0.44,0.51,0.07,0.0,0.0,0.55,0.0,0
0.02,0.0,0.25,0.01,0.0,0.13,0.07,0.04,0.0,0.02,0.0,0.05,0.14,0.75,0.5,0.0,0.1,0.11,0.01,0.0,0.03,0.0,0.0,0.36,0.0,1
0.04,0.0,0.45,0.01,0.0,0.0,0.2,0.02,0.01,0.04,0.03,0.02,0.0,0.66,0.25,0.01,0.03,0.13,0.06,0.0,0.02,0.0,0.0,0.37,0.0,0
0.0,0.0,0.25,0.0,0.0,0.33,0.09,0.05,0.0,0.02,0.0,0.15,0.07,0.0,0.29,0.0,0.04,0.11,0.04,0.01,0.03,0.0,0.0,0.55,0.17,0
0.0,0.0,0.25,0.0,0.0,0.26,0.07,0.06,0.0,0.0,0.0,0.24,0.07,0.0,0.45,0.02,0.05,0.11,0.07,0.04,0.02,0.0,0.0,0.92,0.0,0
0.01,0.0,0.47,0.0,0.0,0.0,0.13,0.02,0.0,0.01,0.0,0.25,0.03,0.0,0.34,0.0,0.01,0.11,0.0,0.0,0.02,0.0,0.0,0.66,0.0,0
0.05,0.01,0.25,0.0,0.0,0.0,0.07,0.02,0.0,0.04,0.03,0.17,0.0,0.44,0.22,0.04,0.05,0.11,0.05,0.01,0.06,0.0,0.0,0.99,0.06,0
0.0,0.0,0.25,0.01,0.01,0.17,0.09,0.03,0.0,0.12,0.0,0.07,0.07,0.61,0.63,0.01,0.11,0.11,0.02,0.01,0.03,0.0,0.0,0.56,0.51,0
0.0,0.0,0.25,0.0,0.0,0.2,0.07,0.05,0.0,0.03,0.0,0.1,0.17,0.21,0.36,0.0,0.08,0.11,0.04,0.0,0.02,0.0,0.0,0.81,0.36,0
0.0,0.0,0.25,0.0,0.0,0.18,0.07,0.03,0.0,0.04,0.0,0.28,0.0,0.0,0.25,0.03,0.01,0.11,0.04,0.03,0.02,0.0,0.0,0.53,0.0,0
0.04,0.0,0.25,0.0,0.05,0.08,0.14,0.04,0.02,0.01,0.03,0.03,0.0,0.74,0.31,0.0,0.04,0.11,0.08,0.0,0.04,0.0,0.0,0.42,0.31,0
0.02,0.0,0.48,0.0,0.01,0.12,0.14,0.03,0.0,0.0,0.0,0.16,0.0,0.04,0.13,0.0,0.0,0.12,0.04,0.0,0.02,0.0,0.0,0.31,0.02,0
0.0,0.01,0.25,0.0,0.0,0.13,0.1,0.03,0.25,0.03,0.01,0.18,0.0,0.2,0.2,0.15,0.02,0.16,0.04,0.03,0.02,0.0,0.0,0.34,0.11,0
0.02,0.0,0.25,0.01,0.01,0.15,0.18,0.03,0.0,0.0,0.02,0.09,0.0,0.36,0.12,0.0,0.06,0.11,0.1,0.02,0.02,0.0,0.0,0.65,0.25,0
0.0,0.02,0.25,0.0,0.0,0.22,0.07,0.05,0.0,0.0,0.01,0.2,0.04,0.24,0.27,0.02,0.02,0.2,0.09,0.07,0.02,0.0,0.0,0.68,0.0,0
0.02,0.0,0.75,0.0,0.01,0.0,0.21,0.02,0.0,0.0,0.0,0.09,0.07,0.0,0.13,0.0,0.02,0.11,0.01,0.0,0.02,0.0,0.0,0.72,0.0,0
0.0,0.0,0.25,0.0,0.0,0.0,0.18,0.02,0.0,0.0,0.0,0.1,0.24,0.0,0.21,0.0,0.02,0.22,0.03,0.03,0.16,0.24,0.0,0.56,0.36,0
0.0,0.0,0.25,0.01,0.0,0.47,0.07,0.06,0.0,0.0,0.0,0.1,0.36,0.13,0.62,0.02,0.01,0.11,0.02,0.02,0.08,0.0,0.1,0.85,0.04,1
0.0,0.02,0.25,0.0,0.0,0.0,0.07,0.02,0.0,0.01,0.0,0.49,0.0,0.0,0.16,0.11,0.01,0.11,0.03,0.03,0.0,0.0,0.0,0.96,0.19,0
0.0,0.0,0.25,0.01,0.0,0.0,0.13,0.02,0.06,0.02,0.02,0.01,0.0,0.64,0.38,0.0,0.09,0.2,0.06,0.0,0.02,0.0,0.0,0.91,0.05,0
0.0,0.0,0.25,0.01,0.0,0.0,0.07,0.02,0.0,0.02,0.0,0.15,0.0,0.63,0.44,0.0,0.01,0.15,0.02,0.01,0.06,0.0,0.0,1.0,0.0,0
0.02,0.0,0.25,0.02,0.0,0.0,0.07,0.02,0.0,0.21,0.04,0.03,0.06,0.74,0.36,0.02,0.01,0.12,0.05,0.0,0.02,0.0,0.0,0.7,0.24,0
0.0,0.0,0.25,0.0,0.0,0.24,0.07,0.06,0.0,0.0,0.0,0.15,0.07,0.0,0.38,0.0,0.07,0.11,0.05,0.0,0.02,0.0,0.0,1.0,0.0,0
0.01,0.0,0.25,0.01,0.0,0.08,0.09,0.04,0.0,0.03,0.01,0.14,0.0,0.92,0.52,0.0,0.01,0.11,0.03,0.0,0.04,0.0,0.0,1.0,0.0,0
0.0,0.0,0.25,0.01,0.0,0.08,0.07,0.04,0.0,0.02,0.0,0.32,0.0,0.66,0.33,0.01,0.01,0.07,0.02,0.0,0.05,0.0,0.0,1.0,0.0,0
0.0,0.22,0.25,0.0,0.0,0.07,0.07,0.03,0.0,0.0,0.0,0.12,0.03,0.0,0.06,0.04,0.06,0.03,0.05,0.03,0.02,0.0,0.0,1.0,0.0,0
0.02,0.0,0.49,0.02,0.0,0.02,0.14,0.02,0.0,0.05,0.0,0.04,0.0,0.71,0.25,0.0,0.01,0.11,0.06,0.02,0.02,0.0,0.0,0.37,0.0,0
0.0,0.0,0.25,0.0,0.0,0.15,0.12,0.05,0.04,0.04,0.02,0.08,0.11,0.34,0.3,0.0,0.04,0.18,0.03,0.0,0.04,0.0,0.0,0.34,0.16,0
0.0,0.0,0.25,0.0,0.0,0.0,0.11,0.02,0.04,0.05,0.01,0.11,0.0,0.4,0.25,0.01,0.01,0.17,0.02,0.01,0.02,0.0,0.0,0.9,0.0,0
0.0,0.0,0.01,0.0,0.0,0.0,0.0,0.02,0.0,0.0,0.03,0.29,0.0,0.05,0.01,0.04,0.01,0.02,0.0,0.0,0.0,0.0,0.0,0.97,0.03,0
0.0,0.0,0.25,0.0,0.0,0.0,0.07,0.05,0.0,0.02,0.0,0.16,0.0,0.0,0.25,0.0,0.07,0.55,0.01,0.0,0.0,0.0,0.1,0.77,0.0,1
0.0,0.0,0.25,0.01,0.0,0.22,0.16,0.04,0.0,0.06,0.0,0.11,0.05,0.48,0.4,0.02,0.09,0.11,0.09,0.09,0.06,0.0,0.03,0.58,0.15,1
0.02,0.0,0.25,0.0,0.01,0.27,0.14,0.03,0.0,0.0,0.0,0.15,0.0,0.0,0.15,0.0,0.09,0.11,0.06,0.0,0.03,0.0,0.0,0.74,0.0,0
0.0,0.0,0.25,0.02,0.0,0.14,0.13,0.04,0.01,0.04,0.01,0.08,0.01,0.82,0.21,0.0,0.01,0.31,0.04,0.0,0.01,0.0,0.0,0.54,0.0,0
0.0,0.0,0.25,0.0,0.0,0.1,0.07,0.02,0.16,0.01,0.09,0.04,0.1,0.59,0.43,0.02,0.08,0.2,0.03,0.0,0.03,0.0,0.0,0.92,0.05,0
0.0,0.0,0.25,0.01,0.0,0.0,0.13,0.03,0.0,0.01,0.02,0.11,0.02,0.47,0.22,0.01,0.05,0.19,0.05,0.02,0.03,0.0,0.0,0.29,0.0,0
0.0,0.0,0.25,0.0,0.0,0.17,0.07,0.04,0.0,0.01,0.0,0.17,0.08,0.42,0.41,0.03,0.03,0.11,0.08,0.08,0.08,0.0,0.0,0.57,0.0,0
0.0,0.0,0.25,0.01,0.01,0.04,0.07,0.02,0.0,0.1,0.0,0.09,0.04,0.94,0.65,0.01,0.11,0.11,0.02,0.0,0.05,0.0,0.0,0.61,0.45,0
0.0,0.0,0.25,0.0,0.0,0.24,0.07,0.06,0.0,0.0,0.0,0.15,0.07,0.0,0.35,0.0,0.07,0.11,0.05,0.0,0.02,0.0,0.0,0.88,0.04,0
0.0,0.0,0.25,0.0,0.0,0.27,0.07,0.05,0.0,0.0,0.0,0.33,0.05,0.0,0.38,0.03,0.02,0.11,0.08,0.09,0.02,0.0,0.0,0.93,0.0,0
0.0,0.0,0.37,0.01,0.0,0.03,0.11,0.02,0.0,0.04,0.01,0.08,0.04,0.45,0.51,0.0,0.03,0.11,0.03,0.01,0.04,0.0,0.0,0.48,0.0,0
0.0,0.0,0.25,0.01,0.0,0.04,0.1,0.04,0.0,0.05,0.01,0.07,0.0,0.87,0.21,0.02,0.05,0.11,0.05,0.01,0.04,0.0,0.0,0.49,0.09,0
0.0,0.0,0.25,0.0,0.0,0.11,0.13,0.02,0.0,0.02,0.01,0.31,0.07,0.14,0.65,0.0,0.04,0.11,0.02,0.01,0.05,0.0,0.0,0.76,0.0,0
0.0,0.9,0.25,0.0,0.0,0.06,0.08,0.08,0.0,0.0,0.0,0.18,0.01,0.03,0.18,0.02,0.01,0.11,0.01,0.0,0.0,0.03,0.0,0.46,0.48,1
0.0,0.04,0.25,0.0,0.0,0.01,0.07,0.02,0.0,0.0,0.0,0.25,0.0,0.0,0.04,0.03,0.0,0.01,0.01,0.0,0.0,0.0,0.0,1.0,0.0,0
0.01,0.06,0.25,0.0,0.0,0.04,0.1,0.03,0.0,0.0,0.0,0.15,0.0,0.19,0.09,0.02,0.01,0.08,0.04,0.02,0.01,0.0,0.0,0.32,0.09,0
0.0,0.54,0.25,0.0,0.0,0.29,0.07,0.15,0.0,0.01,0.01,0.26,0.18,0.07,0.25,0.04,0.16,0.17,0.08,0.03,0.01,0.0,0.0,0.2,0.14,0
0.03,0.0,0.25,0.03,0.01,0.04,0.07,0.07,0.02,0.11,0.09,0.07,0.0,0.88,0.17,0.03,0.06,0.19,0.05,0.01,0.02,0.0,0.0,0.27,0.25,0
0.0,0.0,0.25,0.0,0.0,0.15,0.07,0.05,0.0,0.01,0.0,0.21,0.07,0.0,0.42,0.02,0.05,0.11,0.06,0.03,0.03,0.0,0.0,0.74,0.0,0
0.0,0.07,0.25,0.0,0.0,0.18,0.07,0.04,0.0,0.0,0.0,0.27,0.02,0.0,0.29,0.01,0.06,0.11,0.03,0.0,0.02,0.0,0.0,0.59,0.25,0
0.0,0.03,0.25,0.0,0.0,0.32,0.12,0.04,0.0,0.03,0.0,0.3,0.04,0.0,0.28,0.01,0.0,0.11,0.03,0.02,0.03,0.0,0.0,0.83,0.0,0
0.0,0.0,0.25,0.0,0.0,0.29,0.07,0.06,0.0,0.0,0.0,0.18,0.06,0.0,0.23,0.0,0.05,0.1,0.05,0.0,0.02,0.0,0.0,0.41,0.23,0
0.0,0.0,0.25,0.01,0.0,0.0,0.14,0.03,0.0,0.03,0.03,0.04,0.0,0.64,0.15,0.01,0.06,0.21,0.05,0.0,0.02,0.0,0.0,0.32,0.0,0
0.0,0.0,0.25,0.0,0.0,0.11,0.07,0.04,0.0,0.0,0.0,0.31,0.0,0.0,0.07,0.02,0.01,0.12,0.02,0.01,0.01,0.0,0.0,1.0,0.0,0
0.0,0.0,0.25,0.0,0.0,0.06,0.13,0.04,0.32,0.1,0.02,0.04,0.0,0.44,0.25,0.0,0.06,0.2,0.03,0.01,0.05,0.0,0.0,1.0,0.0,0
0.0,0.0,0.25,0.0,0.0,0.0,0.09,0.02,0.01,0.0,0.01,0.1,0.0,0.17,0.32,0.0,0.02,0.11,0.05,0.04,0.02,0.0,0.0,0.64,0.0,0
0.0,0.08,0.25,0.0,0.0,0.31,0.07,0.04,0.0,0.0,0.0,0.37,0.0,0.04,0.14,0.11,0.07,0.12,0.03,0.02,0.0,0.0,0.0,0.21,0.0,0
0.02,0.0,0.25,0.01,0.0,0.05,0.07,0.03,0.05,0.06,0.04,0.04,0.03,0.77,0.22,0.06,0.07,0.19,0.07,0.02,0.02,0.0,0.0,0.46,0.19,0
0.0,0.0,0.25,0.0,0.0,0.2,0.21,0.04,0.0,0.0,0.0,0.1,0.0,0.0,0.28,0.0,0.07,0.11,0.07,0.04,0.05,0.0,0.0,0.41,0.23,0
0.0,0.0,0.25,0.01,0.0,0.05,0.13,0.02,0.0,0.02,0.02,0.16,0.05,0.48,0.2,0.05,0.01,0.09,0.06,0.07,0.04,0.26,0.28,0.92,0.2,0
0.0,0.0,0.25,0.0,0.0,0.0,0.08,0.02,0.0,0.04,0.01,0.15,0.0,0.11,0.27,0.0,0.03,0.11,0.02,0.0,0.0,0.0,0.0,0.98,0.03,0
0.0,0.0,0.25,0.0,0.0,0.03,0.07,0.02,0.0,0.0,0.01,0.14,0.0,0.16,0.19,0.02,0.01,0.22,0.04,0.01,0.02,0.0,0.0,0.9,0.0,0
0.0,0.0,0.25,0.0,0.0,0.0,0.07,0.02,0.18,0.0,0.09,0.03,0.0,0.64,0.38,0.02,0.09,0.21,0.03,0.0,0.01,0.0,0.0,0.88,0.0,0
0.0,0.0,0.25,0.0,0.0,0.04,0.08,0.02,0.0,0.02,0.0,0.2,0.0,0.0,0.44,0.0,0.01,0.11,0.01,0.0,0.07,0.0,0.03,0.91,0.21,0
0.02,0.0,0.25,0.01,0.0,0.0,0.07,0.02,0.0,0.05,0.0,0.04,0.12,0.7,0.31,0.0,0.03,0.11,0.02,0.0,0.03,0.0,0.01,1.0,0.0,0
0.0,0.0,0.25,0.01,0.0,0.0,0.07,0.02,0.0,0.02,0.0,0.18,0.0,0.74,0.59,0.0,0.01,0.11,0.01,0.0,0.08,0.0,0.0,1.0,0.0,0
0.07,0.06,0.25,0.01,0.0,0.09,0.11,0.03,0.0,0.0,0.01,0.19,0.0,0.29,0.25,0.01,0.05,0.11,0.07,0.04,0.01,0.0,0.0,0.53,0.25,0
0.0,0.0,0.25,0.0,0.0,0.0,0.07,0.02,0.19,0.0,0.1,0.01,0.0,0.72,0.37,0.02,0.09,0.22,0.03,0.0,0.0,0.0,0.0,1.0,0.0,0
0.0,0.05,0.25,0.0,0.0,0.15,0.07,0.04,0.0,0.0,0.0,0.32,0.0,0.07,0.12,0.02,0.03,0.16,0.02,0.01,0.01,0.0,0.0,0.53,0.0,0
0.02,0.0,0.25,0.01,0.0,0.04,0.07,0.03,0.06,0.02,0.03,0.05,0.01,0.67,0.17,0.0,0.08,0.2,0.05,0.02,0.02,0.0,0.0,0.52,0.21,0
0.0,0.0,0.25,0.01,0.0,0.01,0.14,0.02,0.0,0.08,0.03,0.04,0.13,0.52,0.24,0.0,0.2,0.11,0.06,0.02,0.02,0.0,0.0,0.29,0.02,0
0.0,0.03,0.25,0.0,0.0,0.0,0.14,0.02,0.0,0.0,0.02,0.05,0.0,0.55,0.12,0.0,0.01,0.11,0.05,0.03,0.02,0.0,0.0,0.53,0.0,0
0.0,0.0,0.25,0.0,0.0,0.11,0.14,0.05,0.26,0.09,0.03,0.04,0.0,0.56,0.25,0.0,0.05,0.19,0.04,0.0,0.04,0.0,0.0,0.8,0.0,0
0.01,0.13,0.25,0.01,0.01,0.0,0.15,0.03,0.0,0.01,0.0,0.08,0.07,0.36,0.07,0.02,0.04,0.06,0.04,0.0,0.01,0.0,0.0,0.8,0.0,0
0.0,0.03,0.25,0.01,0.0,0.0,0.09,0.02,0.0,0.03,0.01,0.19,0.0,0.29,0.2,0.03,0.03,0.04,0.02,0.0,0.0,0.0,0.03,0.77,0.08,0
0.0,0.0,0.25,0.0,0.0,0.14,0.07,0.03,0.0,0.03,0.0,0.21,0.05,0.0,0.58,0.02,0.02,0.11,0.04,0.05,0.06,0.0,0.0,0.5,0.0,0
0.0,0.0,0.25,0.01,0.01,0.0,0.13,0.04,0.03,0.0,0.02,0.07,0.0,0.64,0.14,0.0,0.06,0.11,0.04,0.02,0.02,0.0,0.0,1.0,0.0,0
0.0,0.0,0.25,0.01,0.0,0.0,0.09,0.02,0.0,0.0,0.02,0.09,0.0,0.19,0.31,0.0,0.01,0.14,0.05,0.04,0.02,0.0,0.0,0.46,0.0,0
0.0,0.0,0.25,0.0,0.0,0.09,0.12,0.04,0.0,0.0,0.01,0.11,0.03,0.44,0.47,0.0,0.05,0.11,0.06,0.01,0.02,0.0,0.0,0.7,0.0,0
0.0,0.0,0.25,0.0,0.0,0.24,0.07,0.06,0.0,0.0,0.0,0.54,0.01,0.0,0.03,0.03,0.01,0.01,0.02,0.0,0.0,0.0,0.0,0.92,0.03,0
0.0,0.0,0.25,0.0,0.0,0.05,0.11,0.03,0.0,0.03,0.02,0.04,0.0,0.73,0.23,0.0,0.09,0.19,0.04,0.03,0.03,0.0,0.01,0.23,0.07,1
0.0,0.01,0.25,0.0,0.0,0.13,0.07,0.02,0.0,0.0,0.0,0.44,0.0,0.0,0.16,0.01,0.0,0.05,0.03,0.03,0.01,0.0,0.0,0.8,0.0,0
0.0,0.0,0.25,0.0,0.0,0.02,0.08,0.02,0.0,0.03,0.01,0.1,0.0,0.4,0.34,0.0,0.04,0.11,0.05,0.04,0.07,0.0,0.0,0.74,0.0,0
0.0,0.0,0.25,0.01,0.0,0.0,0.1,0.02,0.0,0.01,0.01,0.1,0.0,0.82,0.39,0.0,0.01,0.11,0.03,0.01,0.05,0.0,0.0,0.8,0.0,0
0.0,0.05,0.25,0.01,0.0,0.0,0.11,0.02,0.0,0.0,0.01,0.45,0.0,0.14,0.12,0.11,0.03,0.11,0.07,0.06,0.01,0.0,0.0,0.79,0.18,0
0.01,0.02,0.25,0.0,0.05,0.05,0.07,0.03,0.0,0.0,0.01,0.07,0.0,0.25,0.12,0.0,0.09,0.2,0.06,0.01,0.02,0.0,0.0,0.55,0.15,0
0.02,0.0,0.25,0.02,0.0,0.0,0.1,0.05,0.03,0.06,0.03,0.03,0.0,0.84,0.18,0.01,0.07,0.28,0.04,0.0,0.01,0.0,0.0,0.64,0.27,0
0.0,0.0,0.25,0.03,0.0,0.14,0.13,0.03,0.03,0.13,0.04,0.05,0.09,0.7,0.42,0.0,0.07,0.2,0.05,0.0,0.04,0.0,0.0,0.6,0.05,0
0.01,0.0,0.28,0.0,0.0,0.2,0.09,0.05,0.0,0.0,0.0,0.15,0.06,0.08,0.36,0.0,0.06,0.11,0.05,0.0,0.02,0.0,0.0,0.85,0.22,0
0.02,0.0,0.25,0.02,0.0,0.03,0.07,0.03,0.0,0.19,0.04,0.02,0.09,0.73,0.38,0.02,0.01,0.11,0.06,0.0,0.02,0.0,0.0,0.71,0.21,0
0.0,0.0,0.25,0.0,0.0,0.25,0.07,0.05,0.0,0.0,0.0,0.16,0.12,0.0,0.23,0.05,0.04,0.13,0.11,0.12,0.07,0.0,0.0,1.0,0.0,0
0.0,0.0,0.25,0.0,0.0,0.17,0.07,0.03,0.0,0.02,0.01,0.07,0.24,0.09,0.3,0.0,0.06,0.11,0.08,0.05,0.07,0.0,0.0,0.57,0.0,0
0.0,0.0,0.25,0.0,0.0,0.11,0.07,0.03,0.0,0.0,0.0,0.11,0.09,0.0,0.32,0.0,0.03,0.11,0.05,0.02,0.02,0.0,0.0,0.72,0.11,0
0.0,0.0,0.25,0.01,0.0,0.0,0.07,0.04,0.0,0.04,0.0,0.12,0.0,0.36,0.32,0.0,0.04,0.31,0.02,0.0,0.0,0.0,0.05,0.49,0.0,0
0.0,0.0,0.4,0.01,0.0,0.36,0.11,0.03,0.0,0.04,0.01,0.08,0.13,0.53,0.41,0.0,0.01,0.11,0.04,0.02,0.06,0.2,0.0,0.38,0.07,0
0.01,0.0,0.25,0.0,0.0,0.17,0.07,0.04,0.0,0.04,0.02,0.09,0.04,0.41,0.3,0.01,0.2,0.11,0.05,0.01,0.02,0.0,0.0,0.62,0.25,0
0.0,0.09,0.25,0.0,0.0,0.22,0.07,0.04,0.0,0.0,0.0,0.48,0.0,0.0,0.12,0.06,0.02,0.11,0.02,0.02,0.0,0.0,0.0,0.45,0.0,0
0.0,0.0,0.25,0.0,0.0,0.12,0.07,0.03,0.0,0.01,0.01,0.06,0.2,0.06,0.25,0.0,0.04,0.11,0.03,0.01,0.05,0.0,0.0,0.71,0.0,0
0.0,0.0,0.25,0.0,0.0,0.01,0.08,0.02,0.02,0.01,0.01,0.09,0.01,0.09,0.25,0.0,0.07,0.22,0.02,0.0,0.04,0.0,0.03,0.67,0.05,0
0.0,0.0,0.25,0.0,0.0,0.03,0.07,0.02,0.0,0.02,0.0,0.24,0.05,0.0,0.47,0.0,0.02,0.11,0.03,0.04,0.09,0.0,0.0,0.57,0.18,0
0.0,0.0,0.25,0.0,0.0,0.15,0.1,0.04,0.0,0.0,0.01,0.16,0.04,0.22,0.28,0.0,0.04,0.11,0.05,0.01,0.02,0.0,0.0,0.8,0.0,0
0.0,0.0,0.25,0.0,0.0,0.0,0.07,0.02,0.0,0.04,0.03,0.08,0.0,0.53,0.25,0.0,0.0,0.11,0.04,0.04,0.05,0.0,0.0,1.0,0.0,0
0.02,0.0,0.25,0.02,0.01,0.0,0.14,0.06,0.1,0.1,0.1,0.02,0.0,0.91,0.25,0.0,0.3,0.33,0.06,0.0,0.0,0.0,0.0,0.48,0.49,0
0.0,0.0,0.25,0.01,0.0,0.0,0.07,0.03,0.0,0.02,0.0,0.19,0.0,1.0,0.62,0.0,0.01,0.11,0.02,0.0,0.08,0.0,0.0,1.0,0.0,0
0.0,0.0,0.25,0.0,0.0,0.0,0.13,0.02,0.0,0.01,0.01,0.16,0.0,0.21,0.17,0.02,0.02,0.18,0.04,0.02,0.02,0.0,0.0,0.49,0.0,0
0.0,0.0,0.25,0.0,0.0,0.0,0.07,0.03,0.0,0.0,0.03,0.04,0.0,0.64,0.14,0.0,0.07,0.22,0.02,0.02,0.03,0.0,0.0,0.25,0.0,0
0.01,0.0,0.39,0.01,0.0,0.0,0.11,0.02,0.0,0.02,0.0,0.16,0.02,0.73,0.4,0.01,0.01,0.11,0.02,0.0,0.06,0.0,0.0,0.92,0.0,0
0.0,0.0,0.25,0.01,0.0,0.21,0.08,0.03,0.0,0.11,0.0,0.31,0.0,1.0,0.24,0.04,0.01,0.12,0.05,0.02,0.02,0.0,0.0,0.4,0.0,0
0.02,0.0,0.25,0.0,0.01,0.28,0.13,0.04,0.0,0.0,0.0,0.16,0.01,0.0,0.17,0.0,0.09,0.11,0.06,0.0,0.02,0.0,0.0,0.77,0.0,0
0.01,0.0,0.25,0.0,0.0,0.0,0.11,0.02,0.0,0.05,0.04,0.03,0.0,0.76,0.24,0.01,0.17,0.11,0.05,0.02,0.02,0.0,0.0,0.76,0.11,0
0.02,0.02,0.25,0.0,0.02,0.18,0.09,0.03,0.01,0.0,0.01,0.49,0.0,0.21,0.04,0.01,0.0,0.03,0.04,0.02,0.01,0.0,0.0,0.83,0.15,0
0.0,0.0,0.25,0.0,0.0,0.2,0.08,0.04,0.0,0.0,0.01,0.6,0.0,0.1,0.02,0.02,0.0,0.05,0.01,0.0,0.0,0.0,0.0,1.0,0.0,0
0.0,0.27,0.25,0.0,0.0,0.09,0.07,0.08,0.0,0.0,0.02,0.18,0.0,0.5,0.12,0.01,0.03,0.11,0.05,0.01,0.02,0.0,0.0,0.84,0.0,0
0.0,0.0,0.25,0.0,0.0,0.0,0.14,0.01,0.0,0.02,0.01,0.09,0.0,0.0,0.35,0.0,0.05,0.1,0.06,0.04,0.07,0.0,0.0,1.0,0.0,0
0.0,0.0,0.25,0.01,0.0,0.0,0.14,0.05,0.0,0.07,0.05,0.04,0.0,0.85,0.12,0.04,0.08,0.33,0.06,0.02,0.02,0.0,0.0,0.28,0.25,0
0.01,0.0,0.33,0.0,0.0,0.2,0.12,0.05,0.0,0.0,0.0,0.19,0.11,0.0,0.38,0.0,0.05,0.11,0.04,0.0,0.02,0.0,0.0,0.95,0.0,0
0.01,0.02,0.25,0.0,0.0,0.0,0.07,0.02,0.02,0.01,0.01,0.47,0.0,0.22,0.03,0.11,0.03,0.06,0.06,0.05,0.01,0.0,0.0,0.54,0.07,0
0.0,0.0,0.25,0.0,0.0,0.02,0.07,0.02,0.0,0.05,0.0,0.07,0.01,0.0,0.72,0.0,0.02,0.11,0.02,0.0,0.05,0.0,0.0,0.99,0.0,0
0.0,0.0,0.25,0.0,0.0,0.43,0.14,0.06,0.0,0.0,0.0,0.16,0.07,0.06,0.59,0.02,0.04,0.12,0.07,0.02,0.05,0.0,0.0,0.94,0.02,0
0.0,0.0,0.36,0.0,0.0,0.12,0.16,0.02,0.0,0.04,0.01,0.07,0.03,0.48,0.31,0.0,0.03,0.11,0.01,0.0,0.05,0.15,0.0,0.61,0.25,0
0.0,0.0,0.08,0.0,0.0,0.0,0.02,0.02,0.0,0.0,0.0,0.34,0.02,0.0,0.25,0.01,0.02,0.15,0.03,0.04,0.02,0.0,0.0,0.47,0.0,0
0.0,0.0,0.25,0.0,0.0,0.0,0.29,0.02,0.0,0.0,0.01,0.06,0.0,0.0,0.13,0.0,0.0,0.22,0.07,0.07,0.08,0.0,0.0,1.0,0.0,0
0.0,0.15,0.25,0.03,0.0,0.07,0.1,0.08,0.01,0.03,0.06,0.06,0.0,0.85,0.17,0.0,0.04,0.25,0.08,0.01,0.02,0.0,0.0,0.62,0.0,0
0.01,0.02,0.25,0.01,0.0,0.2,0.07,0.03,0.0,0.0,0.01,0.52,0.0,0.23,0.04,0.01,0.0,0.06,0.04,0.02,0.01,0.0,0.0,0.87,0.07,0
0.0,0.0,0.25,0.0,0.0,0.11,0.07,0.06,0.0,0.01,0.0,0.19,0.03,0.0,0.43,0.0,0.06,0.34,0.03,0.0,0.01,0.0,0.05,0.88,0.0,0
0.0,0.0,0.25,0.0,0.0,0.0,0.07,0.02,0.0,0.03,0.01,0.1,0.0,0.26,0.25,0.01,0.01,0.11,0.04,0.03,0.04,0.0,0.0,1.0,0.0,0
0.0,0.0,0.25,0.03,0.0,0.05,0.13,0.07,0.0,0.33,0.09,0.04,0.0,0.85,0.45,0.03,0.17,0.38,0.05,0.01,0.03,0.0,0.0,0.76,0.0,0
0.0,0.01,0.25,0.0,0.0,0.16,0.12,0.05,0.05,0.03,0.02,0.12,0.09,0.36,0.17,0.01,0.03,0.15,0.03,0.0,0.03,0.0,0.0,0.62,0.17,0
0.0,0.03,0.25,0.0,0.0,0.0,0.07,0.02,0.0,0.0,0.0,0.21,0.0,0.0,0.05,0.03,0.03,0.05,0.02,0.0,0.01,0.0,0.0,0.81,0.0,0
0.0,0.0,0.25,0.0,0.0,0.0,0.07,0.02,0.0,0.0,0.01,0.21,0.0,0.12,0.12,0.0,0.0,0.21,0.02,0.02,0.02,0.0,0.0,0.42,0.0,0
0.0,0.0,0.3,0.01,0.0,0.01,0.08,0.02,0.0,0.02,0.01,0.08,0.0,0.78,0.25,0.0,0.04,0.11,0.02,0.0,0.05,0.0,0.0,0.38,0.0,0
0.0,0.0,0.25,0.0,0.0,0.24,0.07,0.05,0.0,0.0,0.0,0.14,0.06,0.0,0.38,0.0,0.08,0.11,0.04,0.0,0.04,0.0,0.0,0.4,0.21,0
0.03,0.01,0.25,0.02,0.0,0.03,0.11,0.07,0.09,0.05,0.06,0.03,0.04,0.9,0.19,0.01,0.38,0.27,0.06,0.0,0.0,0.0,0.17,0.32,0.5,1
0.0,0.0,0.25,0.01,0.0,0.07,0.08,0.05,0.0,0.19,0.04,0.05,0.0,0.8,0.15,0.03,0.03,0.31,0.07,0.03,0.0,0.0,0.0,0.58,0.25,0
0.0,0.0,0.25,0.04,0.01,0.0,0.13,0.04,0.06,0.07,0.03,0.05,0.0,0.86,0.27,0.0,0.04,0.13,0.04,0.0,0.02,0.0,0.0,1.0,0.0,0
0.0,0.88,0.25,0.0,0.0,0.05,0.07,0.07,0.01,0.0,0.01,0.18,0.0,0.05,0.14,0.02,0.01,0.11,0.02,0.01,0.01,0.0,0.0,0.51,0.47,1
0.0,0.0,0.25,0.0,0.0,0.05,0.07,0.02,0.0,0.03,0.0,0.27,0.0,0.0,0.44,0.01,0.01,0.11,0.01,0.01,0.06,0.0,0.0,0.86,0.0,0
0.0,0.0,0.25,0.0,0.0,0.23,0.07,0.06,0.0,0.0,0.0,0.22,0.07,0.0,0.38,0.0,0.06,0.12,0.05,0.0,0.02,0.0,0.0,0.92,0.0,0
0.0,0.0,0.25,0.0,0.0,0.0,0.14,0.02,0.0,0.0,0.01,0.06,0.0,0.27,0.22,0.0,0.05,0.18,0.05,0.04,0.04,0.0,0.0,0.59,0.0,0
0.0,0.07,0.25,0.0,0.0,0.27,0.07,0.04,0.0,0.0,0.0,0.33,0.0,0.0,0.12,0.09,0.07,0.14,0.02,0.02,0.01,0.0,0.0,0.19,0.0,0
0.02,0.0,0.25,0.01,0.0,0.0,0.07,0.02,0.0,0.05,0.0,0.04,0.12,0.79,0.26,0.0,0.03,0.11,0.02,0.0,0.02,0.0,0.01,0.94,0.0,0
0.0,0.0,0.25,0.0,0.0,0.07,0.11,0.04,0.09,0.04,0.07,0.04,0.0,0.81,0.3,0.01,0.06,0.16,0.04,0.0,0.01,0.0,0.0,0.79,0.0,0
0.0,0.01,0.42,0.01,0.01,0.04,0.17,0.04,0.0,0.28,0.04,0.2,0.0,0.62,0.21,0.09,0.04,0.11,0.06,0.03,0.03,0.0,0.0,0.58,0.6,0
0.0,0.02,0.25,0.01,0.0,0.0,0.13,0.03,0.47,0.01,0.01,0.07,0.01,0.38,0.2,0.25,0.05,0.2,0.03,0.03,0.04,0.0,0.0,0.31,0.25,0
0.0,0.2,0.25,0.0,0.0,0.48,0.07,0.1,0.0,0.0,0.0,0.68,0.0,0.0,0.36,0.04,0.05,0.21,0.02,0.02,0.0,0.0,0.0,0.94,0.23,0
0.0,0.0,0.25,0.01,0.0,0.0,0.08,0.03,0.0,0.03,0.0,0.16,0.02,0.92,0.56,0.0,0.05,0.11,0.03,0.0,0.07,0.0,0.0,0.88,0.0,0
0.02,0.0,0.46,0.0,0.01,0.1,0.13,0.03,0.01,0.03,0.01,0.15,0.01,0.13,0.19,0.0,0.0,0.13,0.04,0.0,0.02,0.0,0.0,0.37,0.0,0
0.04,0.02,0.45,0.01,0.0,0.03,0.19,0.02,0.0,0.0,0.02,0.11,0.0,0.5,0.23,0.01,0.0,0.11,0.06,0.0,0.02,0.0,0.0,0.34,0.0,0
0.01,0.0,0.25,0.0,0.0,0.0,0.13,0.02,0.0,0.01,0.0,0.08,0.05,0.26,0.2,0.0,0.01,0.18,0.03,0.0,0.04,0.0,0.0,0.69,0.0,0
0.0,0.02,0.25,0.01,0.0,0.15,0.11,0.04,0.0,0.0,0.01,0.11,0.0,0.72,0.12,0.0,0.0,0.33,0.05,0.01,0.01,0.0,0.0,0.42,0.0,0
0.0,0.0,0.25,0.01,0.0,0.03,0.11,0.02,0.0,0.02,0.01,0.19,0.07,0.3,0.38,0.03,0.01,0.11,0.07,0.08,0.05,0.16,0.17,0.64,0.12,0
0.0,0.05,0.25,0.0,0.0,0.07,0.07,0.03,0.0,0.01,0.01,0.13,0.08,0.17,0.15,0.04,0.01,0.05,0.03,0.0,0.01,0.0,0.0,0.44,0.0,0
0.0,0.09,0.25,0.0,0.0,0.34,0.07,0.05,0.0,0.01,0.0,0.39,0.0,0.04,0.13,0.11,0.08,0.12,0.02,0.02,0.0,0.0,0.0,0.14,0.0,0
0.0,0.0,0.25,0.01,0.0,0.0,0.07,0.02,0.0,0.07,0.01,0.07,0.07,0.5,0.75,0.0,0.03,0.11,0.03,0.02,0.05,0.0,0.0,0.38,0.0,0
0.01,0.0,0.39,0.0,0.0,0.06,0.15,0.03,0.0,0.01,0.0,0.09,0.11,0.4,0.18,0.0,0.03,0.11,0.03,0.0,0.04,0.0,0.0,0.69,0.0,0
0.0,0.0,0.25,0.0,0.0,0.07,0.07,0.03,0.0,0.01,0.01,0.16,0.08,0.17,0.38,0.02,0.01,0.11,0.04,0.01,0.09,0.0,0.0,0.86,0.0,0
0.0,0.0,0.25,0.0,0.0,0.0,0.07,0.02,0.02,0.02,0.01,0.09,0.03,0.35,0.32,0.0,0.01,0.16,0.04,0.02,0.02,0.0,0.0,0.75,0.0,0
0.0,0.0,0.02,0.0,0.0,0.0,0.01,0.02,0.0,0.0,0.03,0.28,0.0,0.05,0.03,0.04,0.0,0.01,0.0,0.0,0.0,0.0,0.0,0.94,0.0,0
0.0,0.03,0.25,0.0,0.0,0.09,0.07,0.03,0.0,0.0,0.0,0.22,0.03,0.0,0.15,0.02,0.03,0.04,0.02,0.0,0.01,0.0,0.0,1.0,0.0,0
0.0,0.0,0.25,0.0,0.0,0.0,0.11,0.03,0.0,0.04,0.0,0.1,0.0,0.2,0.25,0.0,0.05,0.29,0.01,0.0,0.02,0.0,0.04,0.69,0.15,0
0.01,0.0,0.25,0.02,0.01,0.15,0.07,0.03,0.0,0.0,0.0,0.12,0.07,0.48,0.19,0.03,0.07,0.11,0.09,0.07,0.05,0.0,0.0,0.62,0.0,0
0.0,0.0,0.2,0.0,0.0,0.0,0.06,0.02,0.0,0.02,0.0,0.26,0.0,0.0,0.42,0.0,0.0,0.11,0.0,0.0,0.06,0.0,0.03,0.85,0.2,0
0.0,0.06,0.25,0.01,0.0,0.17,0.12,0.05,0.0,0.05,0.02,0.25,0.09,0.34,0.29,0.01,0.16,0.15,0.05,0.02,0.02,0.0,0.0,0.48,0.08,0
0.0,0.1,0.25,0.0,0.0,0.11,0.07,0.05,0.0,0.0,0.0,0.37,0.0,0.0,0.28,0.01,0.01,0.11,0.02,0.01,0.08,0.0,0.0,0.7,0.1,0
0.0,0.02,0.25,0.0,0.0,0.01,0.07,0.02,0.0,0.0,0.0,0.09,0.0,0.08,0.23,0.0,0.01,0.22,0.02,0.0,0.05,0.0,0.0,0.69,0.0,0
0.01,0.0,0.4,0.01,0.01,0.04,0.16,0.04,0.0,0.26,0.04,0.03,0.05,0.85,0.25,0.03,0.05,0.11,0.05,0.01,0.04,0.0,0.0,0.65,0.45,0
0.02,0.0,0.25,0.01,0.01,0.12,0.19,0.03,0.0,0.03,0.0,0.09,0.11,0.46,0.2,0.0,0.01,0.11,0.04,0.01,0.03,0.0,0.0,0.74,0.0,0
0.04,0.0,0.46,0.01,0.01,0.03,0.19,0.07,0.0,0.04,0.01,0.03,0.01,0.53,0.16,0.11,0.11,0.21,0.09,0.02,0.02,0.0,0.01,0.56,0.43,1
0.0,0.0,0.25,0.0,0.0,0.31,0.12,0.05,0.01,0.03,0.01,0.12,0.04,0.27,0.46,0.01,0.09,0.15,0.06,0.01,0.03,0.0,0.0,0.81,0.08,0
0.0,0.14,0.25,0.01,0.0,0.05,0.07,0.03,0.0,0.0,0.01,0.07,0.0,0.53,0.17,0.0,0.01,0.21,0.05,0.02,0.03,0.0,0.0,0.47,0.0,0
0.0,0.0,0.25,0.0,0.0,0.05,0.07,0.01,0.03,0.13,0.03,0.02,0.01,0.76,0.67,0.02,0.06,0.2,0.04,0.0,0.02,0.0,0.0,0.94,0.05,0
0.02,0.0,0.26,0.0,0.01,0.29,0.15,0.04,0.0,0.0,0.0,0.16,0.01,0.0,0.12,0.0,0.1,0.11,0.06,0.0,0.02,0.0,0.0,0.73,0.0,0
0.0,0.0,0.25,0.01,0.0,0.0,0.11,0.03,0.0,0.04,0.02,0.03,0.0,0.43,0.19,0.02,0.12,0.28,0.06,0.02,0.02,0.0,0.0,0.18,0.12,0
0.0,0.0,0.55,0.0,0.0,0.32,0.16,0.02,0.0,0.02,0.0,0.12,0.08,1.0,0.6,0.0,0.01,0.11,0.02,0.01,0.11,0.4,0.0,0.43,0.15,0
0.01,0.0,0.25,0.01,0.01,0.11,0.14,0.04,0.0,0.01,0.0,0.1,0.1,0.34,0.25,0.0,0.04,0.11,0.05,0.0,0.02,0.0,0.0,0.81,0.0,0
0.0,0.0,0.5,0.01,0.01,0.06,0.21,0.05,0.0,0.4,0.06,0.03,0.0,0.88,0.25,0.06,0.06,0.11,0.07,0.02,0.05,0.0,0.0,0.42,0.74,1
0.01,0.0,0.25,0.03,0.0,0.0,0.14,0.05,0.05,0.1,0.07,0.02,0.0,0.92,0.43,0.01,0.2,0.23,0.05,0.0,0.0,0.0,0.05,0.38,0.38,1
0.04,0.0,0.25,0.01,0.01,0.06,0.14,0.04,0.07,0.05,0.06,0.03,0.03,0.84,0.38,0.0,0.08,0.17,0.04,0.01,0.01,0.0,0.0,0.99,0.27,0
0.0,0.0,0.25,0.01,0.0,0.0,0.1,0.03,0.0,0.08,0.02,0.06,0.04,0.63,0.52,0.01,0.05,0.19,0.04,0.02,0.04,0.0,0.0,0.34,0.09,0
0.0,0.0,0.25,0.0,0.0,0.14,0.07,0.02,0.0,0.0,0.0,0.5,0.0,0.0,0.32,0.0,0.0,0.13,0.0,0.0,0.01,0.0,0.0,1.0,0.0,0
0.0,0.0,0.25,0.01,0.0,0.14,0.13,0.03,0.0,0.02,0.01,0.06,0.01,0.63,0.57,0.0,0.07,0.11,0.05,0.0,0.06,0.0,0.0,0.53,0.0,0
0.0,0.32,0.25,0.0,0.0,0.1,0.07,0.1,0.0,0.0,0.0,0.2,0.0,0.0,0.19,0.01,0.12,0.17,0.04,0.0,0.0,0.0,0.0,0.67,0.0,0
0.0,0.0,0.27,0.0,0.0,0.03,0.09,0.02,0.0,0.05,0.0,0.06,0.02,0.04,0.75,0.0,0.02,0.11,0.01,0.0,0.05,0.0,0.0,0.96,0.0,0
0.01,0.0,0.35,0.0,0.0,0.05,0.1,0.02,0.0,0.0,0.0,0.19,0.0,0.0,0.2,0.0,0.0,0.11,0.03,0.01,0.02,0.0,0.0,0.73,0.0,0
0.0,0.0,0.25,0.0,0.0,0.14,0.09,0.05,0.02,0.02,0.01,0.11,0.0,0.68,0.35,0.0,0.07,0.22,0.02,0.0,0.02,0.0,0.0,0.5,0.0,0
0.0,0.0,0.25,0.0,0.0,0.09,0.07,0.04,0.0,0.0,0.0,0.2,0.08,0.0,0.33,0.0,0.03,0.11,0.03,0.01,0.09,0.0,0.0,0.98,0.1,0
0.0,0.0,0.25,0.01,0.0,0.0,0.07,0.02,0.0,0.04,0.0,0.15,0.02,0.44,0.42,0.02,0.01,0.11,0.04,0.03,0.02,0.0,0.0,0.28,0.0,0
0.0,0.05,0.25,0.0,0.0,0.17,0.12,0.06,0.05,0.04,0.02,0.08,0.09,0.38,0.25,0.01,0.03,0.19,0.03,0.0,0.04,0.0,0.0,0.57,0.18,0
0.01,0.0,0.25,0.01,0.0,0.1,0.12,0.06,0.0,0.04,0.03,0.06,0.0,0.64,0.25,0.01,0.01,0.18,0.09,0.03,0.02,0.0,0.0,0.38,0.33,0
0.0,0.0,0.25,0.0,0.0,0.0,0.12,0.02,0.0,0.02,0.0,0.11,0.0,0.35,0.46,0.0,0.04,0.11,0.05,0.03,0.07,0.0,0.0,1.0,0.0,0
0.0,0.0,0.25,0.0,0.0,0.15,0.07,0.03,0.0,0.0,0.0,0.64,0.0,0.0,0.0,0.06,0.0,0.0,0.01,0.01,0.0,0.0,0.0,0.95,0.0,0
0.0,0.0,0.25,0.01,0.0,0.0,0.14,0.02,0.02,0.11,0.03,0.04,0.03,0.65,0.37,0.02,0.04,0.17,0.07,0.01,0.01,0.0,0.01,0.71,0.0,0
0.0,0.0,0.09,0.0,0.0,0.0,0.03,0.02,0.0,0.02,0.02,0.22,0.0,0.0,0.27,0.02,0.01,0.04,0.0,0.0,0.02,0.0,0.0,1.0,0.0,0
0.02,0.0,0.25,0.01,0.0,0.0,0.11,0.02,0.0,0.56,0.03,0.01,0.0,0.96,0.25,0.18,0.22,0.17,0.13,0.01,0.01,0.0,0.0,0.77,0.12,0
0.02,0.0,0.25,0.01,0.0,0.05,0.13,0.03,0.0,0.79,0.01,0.03,0.04,0.77,0.15,0.27,0.06,0.2,0.18,0.0,0.01,0.0,0.0,0.66,0.05,0
0.0,0.0,0.25,0.01,0.0,0.01,0.15,0.02,0.0,0.07,0.03,0.03,0.13,0.51,0.24,0.0,0.19,0.11,0.06,0.03,0.03,0.0,0.0,0.34,0.0,0
0.0,0.0,0.25,0.0,0.0,0.18,0.07,0.06,0.0,0.0,0.01,0.14,0.0,0.66,0.37,0.0,0.08,0.22,0.02,0.0,0.03,0.0,0.0,0.41,0.0,0
0.0,0.0,0.25,0.0,0.0,0.03,0.11,0.02,0.0,0.0,0.02,0.05,0.02,0.17,0.12,0.0,0.02,0.19,0.05,0.03,0.03,0.0,0.0,1.0,0.0,0
0.0,0.0,0.25,0.0,0.0,0.0,0.14,0.02,0.1,0.02,0.01,0.07,0.0,0.08,0.33,0.05,0.06,0.13,0.06,0.04,0.07,0.0,0.0,0.88,0.04,0
0.01,0.0,0.32,0.0,0.0,0.03,0.11,0.02,0.0,0.0,0.01,0.11,0.05,0.0,0.31,0.0,0.01,0.11,0.04,0.03,0.02,0.0,0.0,0.66,0.0,0
0.0,0.28,0.25,0.0,0.0,0.17,0.07,0.06,0.0,0.01,0.0,0.28,0.0,0.23,0.07,0.01,0.01,0.03,0.02,0.02,0.01,0.0,0.0,0.83,0.0,0
0.0,0.0,0.25,0.01,0.0,0.23,0.07,0.03,0.0,0.0,0.0,0.35,0.0,0.97,0.26,0.0,0.0,0.11,0.03,0.02,0.02,0.0,0.0,0.38,0.0,0
0.0,0.0,0.45,0.01,0.01,0.06,0.2,0.05,0.0,0.31,0.05,0.03,0.01,0.83,0.25,0.05,0.08,0.14,0.07,0.02,0.04,0.0,0.01,0.4,0.64,1
0.0,0.0,0.25,0.01,0.0,0.19,0.07,0.04,0.0,0.13,0.02,0.13,0.1,0.5,0.44,0.18,0.01,0.11,0.1,0.03,0.02,0.0,0.0,0.54,0.0,0
0.04,0.0,0.48,0.01,0.01,0.01,0.21,0.07,0.01,0.05,0.02,0.02,0.0,0.64,0.16,0.12,0.11,0.22,0.1,0.02,0.02,0.0,0.01,0.53,0.5,1
0.0,0.0,0.25,0.0,0.0,0.02,0.12,0.02,0.0,0.11,0.0,0.06,0.02,0.0,0.29,0.0,0.06,0.15,0.04,0.01,0.02,0.0,0.0,0.79,0.09,0
0.0,0.02,0.29,0.0,0.0,0.0,0.08,0.02,0.01,0.01,0.0,0.54,0.0,0.1,0.06,0.13,0.04,0.03,0.06,0.06,0.0,0.0,0.0,0.54,0.0,0
0.01,0.07,0.25,0.01,0.0,0.0,0.11,0.02,0.02,0.06,0.03,0.03,0.03,0.56,0.25,0.0,0.09,0.17,0.06,0.03,0.02,0.0,0.0,0.66,0.12,0
0.0,0.02,0.25,0.01,0.0,0.05,0.12,0.04,0.41,0.0,0.01,0.06,0.0,0.53,0.2,0.21,0.06,0.22,0.03,0.02,0.02,0.0,0.0,0.32,0.17,0
0.12,0.0,0.25,0.01,0.0,0.08,0.13,0.03,0.0,0.0,0.02,0.04,0.01,0.52,0.25,0.0,0.06,0.11,0.1,0.08,0.0,0.0,0.0,0.36,0.25,0
0.0,0.0,0.25,0.0,0.0,0.0,0.07,0.02,0.01,0.03,0.01,0.12,0.07,0.2,0.34,0.0,0.04,0.14,0.0,0.0,0.02,0.0,0.0,0.39,0.0,0
0.02,0.0,0.25,0.02,0.02,0.0,0.07,0.02,0.0,0.0,0.0,0.09,0.0,0.8,0.18,0.0,0.08,0.11,0.05,0.0,0.05,0.0,0.0,1.0,0.0,0
0.0,0.0,0.25,0.0,0.0,0.0,0.14,0.02,0.0,0.03,0.01,0.05,0.05,0.2,0.17,0.0,0.12,0.18,0.05,0.04,0.04,0.0,0.0,0.49,0.0,0
0.0,0.0,0.25,0.01,0.0,0.03,0.07,0.03,0.0,0.02,0.0,0.16,0.0,0.95,0.59,0.0,0.02,0.13,0.02,0.0,0.05,0.0,0.0,0.92,0.0,0
0.0,0.0,0.25,0.0,0.0,0.0,0.07,0.02,0.0,0.02,0.0,0.31,0.0,0.0,0.62,0.0,0.04,0.14,0.0,0.0,0.02,0.0,0.0,0.68,0.0,0
0.04,0.0,0.25,0.0,0.0,0.0,0.07,0.02,0.01,0.06,0.02,0.05,0.0,0.35,0.45,0.0,0.04,0.16,0.04,0.0,0.06,0.0,0.0,0.97,0.1,0
0.01,0.0,0.25,0.0,0.01,0.29,0.11,0.04,0.0,0.0,0.0,0.17,0.05,0.0,0.17,0.02,0.08,0.11,0.09,0.05,0.04,0.0,0.0,0.83,0.0,0
0.0,0.0,0.25,0.0,0.0,0.29,0.07,0.05,0.0,0.0,0.0,0.26,0.07,0.0,0.37,0.04,0.03,0.11,0.1,0.11,0.02,0.0,0.0,0.91,0.0,0
0.0,0.0,0.25,0.0,0.0,0.03,0.11,0.02,0.0,0.05,0.0,0.14,0.0,0.18,0.48,0.0,0.03,0.11,0.01,0.0,0.04,0.0,0.0,0.64,0.13,0
0.0,0.0,0.56,0.0,0.0,0.42,0.16,0.04,0.0,0.02,0.0,0.1,0.11,0.63,0.45,0.0,0.03,0.11,0.03,0.01,0.1,0.42,0.0,0.66,0.25,0
0.0,0.17,0.25,0.0,0.0,0.44,0.07,0.09,0.0,0.01,0.0,0.63,0.0,0.08,0.35,0.03,0.05,0.2,0.03,0.03,0.01,0.0,0.0,0.96,0.21,0
0.0,0.01,0.25,0.0,0.0,0.0,0.07,0.02,0.0,0.04,0.0,0.17,0.0,0.0,0.27,0.01,0.01,0.08,0.0,0.0,0.02,0.0,0.0,0.5,0.0,0
0.0,0.0,0.25,0.01,0.01,0.02,0.14,0.03,0.0,0.12,0.05,0.04,0.01,0.76,0.38,0.0,0.05,0.11,0.05,0.0,0.02,0.0,0.0,0.83,0.23,0
0.0,0.02,0.25,0.0,0.0,0.2,0.07,0.02,0.0,0.0,0.0,0.59,0.0,0.05,0.04,0.02,0.0,0.04,0.02,0.02,0.0,0.0,0.0,1.0,0.0,0
0.0,0.0,0.25,0.01,0.0,0.0,0.13,0.02,0.06,0.0,0.01,0.03,0.0,0.5,0.39,0.0,0.02,0.21,0.05,0.0,0.03,0.0,0.0,0.9,0.03,0
0.0,0.0,0.25,0.04,0.01,0.0,0.14,0.04,0.04,0.07,0.03,0.05,0.02,0.83,0.25,0.0,0.04,0.14,0.05,0.0,0.02,0.0,0.0,0.99,0.14,0
0.07,0.0,0.25,0.03,0.0,0.0,0.14,0.03,0.0,0.17,0.08,0.01,0.0,0.92,0.12,0.02,0.35,0.22,0.05,0.0,0.0,0.0,0.0,0.58,0.0,1
0.0,0.25,0.25,0.0,0.0,0.04,0.1,0.03,0.0,0.01,0.0,0.11,0.0,0.3,0.23,0.02,0.06,0.04,0.1,0.0,0.03,0.0,0.0,0.3,0.0,0
0.0,0.0,0.25,0.0,0.0,0.47,0.14,0.06,0.0,0.0,0.0,0.17,0.07,0.0,0.62,0.02,0.03,0.11,0.08,0.02,0.05,0.0,0.0,1.0,0.0,0
0.0,0.0,0.25,0.03,0.0,0.01,0.15,0.03,0.06,0.05,0.06,0.02,0.07,0.57,0.23,0.0,0.08,0.22,0.06,0.0,0.0,0.0,0.0,0.94,0.46,0
0.0,0.02,0.25,0.0,0.0,0.0,0.07,0.02,0.0,0.03,0.0,0.14,0.0,0.0,0.47,0.01,0.01,0.07,0.01,0.0,0.03,0.0,0.0,1.0,0.0,0
0.01,0.0,0.25,0.01,0.0,0.24,0.07,0.02,0.0,0.04,0.0,0.1,0.3,0.39,0.44,0.0,0.02,0.11,0.02,0.01,0.08,0.0,0.0,0.8,0.13,0
0.0,0.0,0.25,0.0,0.0,0.0,0.07,0.02,0.0,0.09,0.0,0.15,0.0,0.0,0.53,0.0,0.03,0.11,0.0,0.0,0.02,0.0,0.0,0.74,0.0,0
0.0,0.37,0.25,0.0,0.0,0.0,0.07,0.03,0.0,0.01,0.0,0.15,0.0,0.0,0.03,0.04,0.05,0.01,0.12,0.0,0.0,0.0,0.0,0.26,0.0,0
0.0,0.0,0.25,0.06,0.0,0.08,0.12,0.04,0.18,0.03,0.06,0.09,0.02,0.56,0.29,0.0,0.08,0.18,0.08,0.01,0.02,0.0,0.0,0.97,0.0,0
0.0,0.0,0.25,0.0,0.0,0.01,0.08,0.02,0.0,0.03,0.0,0.2,0.0,0.04,0.48,0.0,0.0,0.12,0.0,0.0,0.07,0.0,0.03,0.91,0.23,0
0.0,0.0,0.25,0.01,0.0,0.01,0.08,0.02,0.01,0.25,0.09,0.02,0.0,0.87,0.39,0.05,0.06,0.12,0.07,0.02,0.0,0.0,0.0,0.73,0.05,0
0.0,0.0,0.25,0.01,0.0,0.04,0.14,0.05,0.02,0.07,0.04,0.07,0.0,0.79,0.17,0.03,0.07,0.3,0.06,0.01,0.02,0.0,0.0,0.3,0.17,0
0.0,0.0,0.25,0.0,0.0,0.0,0.09,0.02,0.0,0.01,0.0,0.22,0.0,0.0,0.66,0.0,0.02,0.11,0.06,0.06,0.06,0.0,0.0,1.0,0.0,0
0.01,0.0,0.25,0.02,0.0,0.0,0.07,0.02,0.0,0.15,0.02,0.09,0.04,0.87,0.52,0.01,0.01,0.11,0.04,0.0,0.02,0.0,0.0,0.56,0.15,0
0.0,0.0,0.25,0.0,0.0,0.19,0.07,0.05,0.0,0.0,0.0,0.14,0.05,0.07,0.25,0.02,0.05,0.11,0.06,0.01,0.04,0.0,0.0,0.8,0.2,0
0.0,0.15,0.25,0.0,0.0,0.05,0.08,0.03,0.0,0.0,0.0,0.15,0.02,0.0,0.27,0.02,0.03,0.11,0.02,0.0,0.02,0.0,0.0,0.8,0.04,0
0.0,0.0,0.25,0.01,0.0,0.02,0.08,0.03,0.0,0.03,0.01,0.19,0.0,0.98,0.57,0.0,0.02,0.11,0.02,0.0,0.02,0.0,0.0,0.36,0.0,0
0.0,0.0,0.25,0.0,0.0,0.01,0.08,0.02,0.01,0.0,0.01,0.07,0.06,0.09,0.23,0.0,0.04,0.13,0.01,0.0,0.06,0.0,0.0,0.88,0.04,0
0.0,0.0,0.25,0.0,0.0,0.01,0.07,0.03,0.0,0.12,0.05,0.03,0.0,0.85,0.25,0.04,0.02,0.19,0.04,0.02,0.01,0.0,0.0,0.86,0.13,0
0.0,0.0,0.25,0.0,0.0,0.0,0.13,0.02,0.0,0.07,0.01,0.07,0.0,0.26,0.28,0.0,0.05,0.11,0.02,0.0,0.02,0.0,0.0,0.67,0.2,0
0.0,0.01,0.25,0.0,0.0,0.11,0.07,0.03,0.0,0.0,0.01,0.11,0.02,0.26,0.22,0.0,0.05,0.18,0.04,0.01,0.04,0.0,0.0,0.36,0.09,0
0.0,0.0,0.25,0.0,0.0,0.03,0.08,0.02,0.01,0.01,0.01,0.08,0.01,0.06,0.14,0.0,0.03,0.22,0.03,0.02,0.03,0.0,0.0,0.46,0.03,0
0.01,0.0,0.25,0.0,0.0,0.04,0.07,0.02,0.04,0.01,0.03,0.06,0.05,0.59,0.34,0.0,0.07,0.11,0.05,0.04,0.04,0.0,0.0,0.74,0.16,0
0.0,0.2,0.25,0.0,0.0,0.06,0.07,0.07,0.0,0.02,0.0,0.31,0.05,0.0,0.45,0.02,0.07,0.13,0.05,0.04,0.08,0.0,0.0,0.35,0.25,0
0.0,0.0,0.07,0.0,0.0,0.0,0.02,0.02,0.0,0.08,0.05,0.22,0.0,0.25,0.11,0.04,0.02,0.03,0.02,0.01,0.0,0.0,0.0,0.91,0.0,0
0.0,0.0,0.25,0.0,0.0,0.15,0.21,0.04,0.0,0.0,0.0,0.08,0.0,0.1,0.25,0.01,0.07,0.11,0.07,0.04,0.04,0.0,0.0,0.43,0.21,0
0.0,0.0,0.25,0.0,0.0,0.0,0.07,0.02,0.0,0.02,0.0,0.25,0.04,0.12,0.49,0.04,0.01,0.15,0.05,0.04,0.02,0.0,0.0,0.57,0.0,0
0.06,0.0,0.25,0.0,0.07,0.05,0.14,0.04,0.03,0.0,0.04,0.03,0.0,0.73,0.14,0.0,0.02,0.11,0.09,0.0,0.03,0.0,0.0,0.41,0.45,1
0.0,0.0,0.25,0.0,0.0,0.08,0.07,0.03,0.0,0.0,0.0,0.09,0.02,0.0,0.21,0.0,0.03,0.18,0.03,0.01,0.02,0.0,0.0,1.0,0.0,0
0.0,0.0,0.25,0.02,0.0,0.09,0.14,0.03,0.0,0.08,0.02,0.07,0.03,0.45,0.44,0.01,0.06,0.11,0.03,0.0,0.01,0.0,0.05,0.35,0.13,0
0.02,0.0,0.25,0.01,0.0,0.01,0.08,0.03,0.03,0.16,0.06,0.03,0.06,0.82,0.39,0.01,0.15,0.25,0.06,0.02,0.02,0.0,0.0,0.95,0.22,0
0.0,0.0,0.25,0.0,0.0,0.0,0.1,0.02,0.0,0.0,0.01,0.08,0.02,0.11,0.12,0.0,0.03,0.2,0.03,0.02,0.02,0.0,0.0,0.49,0.0,0
0.0,0.0,0.25,0.01,0.0,0.24,0.14,0.06,0.0,0.0,0.03,0.11,0.0,0.62,0.25,0.0,0.0,0.11,0.06,0.0,0.03,0.0,0.0,0.33,0.0,1
0.0,0.0,0.25,0.0,0.0,0.0,0.09,0.02,0.0,0.01,0.02,0.03,0.0,0.88,0.12,0.0,0.01,0.22,0.01,0.0,0.01,0.0,0.0,0.95,0.0,0
0.0,0.0,0.25,0.01,0.0,0.0,0.08,0.03,0.0,0.04,0.0,0.17,0.0,0.99,0.48,0.02,0.03,0.12,0.03,0.0,0.07,0.0,0.0,0.98,0.0,0
0.0,0.0,0.3,0.0,0.0,0.0,0.09,0.02,0.0,0.01,0.01,0.07,0.0,0.16,0.15,0.0,0.02,0.2,0.03,0.02,0.02,0.0,0.0,0.44,0.0,0
0.0,0.0,0.25,0.01,0.0,0.09,0.18,0.04,0.0,0.01,0.06,0.05,0.05,0.6,0.18,0.0,0.03,0.11,0.09,0.05,0.04,0.0,0.0,0.84,0.0,0
0.02,0.0,0.25,0.01,0.0,0.08,0.12,0.05,0.0,0.03,0.01,0.07,0.0,0.38,0.33,0.0,0.02,0.19,0.07,0.03,0.02,0.0,0.0,0.47,0.17,0
0.0,0.0,0.25,0.01,0.0,0.27,0.07,0.04,0.0,0.03,0.01,0.11,0.11,0.22,0.33,0.0,0.03,0.11,0.04,0.01,0.02,0.0,0.0,0.32,0.08,0
0.06,0.0,0.25,0.01,0.0,0.1,0.1,0.04,0.0,0.02,0.01,0.04,0.09,0.71,0.42,0.0,0.08,0.11,0.05,0.03,0.02,0.0,0.0,0.33,0.08,0
0.0,0.0,0.25,0.01,0.0,0.0,0.07,0.03,0.0,0.02,0.0,0.2,0.03,0.57,0.57,0.2,0.01,0.11,0.21,0.24,0.08,0.0,0.0,0.82,0.0,0
0.01,0.0,0.3,0.0,0.0,0.05,0.16,0.04,0.3,0.1,0.03,0.02,0.0,0.55,0.25,0.0,0.06,0.2,0.03,0.0,0.04,0.0,0.0,0.85,0.0,0
0.0,0.0,0.25,0.02,0.0,0.22,0.12,0.07,0.0,0.07,0.01,0.07,0.1,0.67,0.27,0.05,0.04,0.11,0.08,0.02,0.04,0.0,0.04,0.81,0.18,1
0.0,0.0,0.25,0.0,0.0,0.19,0.09,0.05,0.0,0.01,0.0,0.13,0.05,0.18,0.28,0.0,0.1,0.11,0.06,0.02,0.02,0.0,0.0,0.84,0.06,0
0.0,0.0,0.25,0.03,0.0,0.0,0.07,0.05,0.0,0.0,0.06,0.05,0.0,0.87,0.19,0.0,0.09,0.16,0.13,0.01,0.02,0.0,0.0,0.42,0.39,0
0.0,0.0,0.25,0.0,0.0,0.02,0.07,0.02,0.01,0.05,0.01,0.11,0.05,0.22,0.48,0.01,0.05,0.14,0.01,0.0,0.02,0.0,0.0,0.42,0.0,0
0.0,0.0,0.25,0.0,0.0,0.19,0.07,0.09,0.0,0.0,0.01,0.14,0.0,0.71,0.33,0.0,0.07,0.27,0.02,0.0,0.02,0.0,0.0,0.5,0.1,0
0.0,0.0,0.25,0.0,0.0,0.11,0.07,0.03,0.0,0.01,0.0,0.52,0.03,0.0,0.19,0.01,0.01,0.04,0.01,0.02,0.04,0.0,0.0,0.77,0.1,0
0.0,0.0,0.25,0.0,0.0,0.0,0.07,0.02,0.0,0.12,0.05,0.03,0.0,0.79,0.25,0.04,0.03,0.21,0.03,0.02,0.0,0.0,0.0,1.0,0.0,0
0.02,0.0,0.25,0.01,0.0,0.03,0.11,0.03,0.07,0.02,0.05,0.03,0.0,0.77,0.31,0.0,0.08,0.22,0.03,0.01,0.01,0.0,0.0,0.59,0.25,0
0.0,0.0,0.25,0.0,0.0,0.02,0.1,0.02,0.0,0.01,0.01,0.06,0.03,0.23,0.17,0.0,0.01,0.18,0.04,0.04,0.03,0.13,0.13,0.99,0.09,0
0.0,0.0,0.25,0.0,0.01,0.29,0.21,0.02,0.0,0.0,0.0,0.2,0.0,0.0,0.13,0.0,0.04,0.11,0.02,0.02,0.1,0.32,0.0,0.98,0.01,0
0.0,0.0,0.25,0.0,0.0,0.21,0.07,0.05,0.0,0.0,0.0,0.12,0.06,0.0,0.38,0.0,0.06,0.11,0.05,0.0,0.04,0.0,0.0,1.0,0.0,0
0.0,0.0,0.65,0.0,0.0,0.48,0.2,0.03,0.0,0.02,0.01,0.07,0.13,0.8,0.48,0.0,0.02,0.11,0.02,0.02,0.13,0.54,0.0,0.58,0.25,0
0.0,0.65,0.25,0.0,0.0,0.22,0.07,0.17,0.0,0.01,0.0,0.38,0.0,0.07,0.14,0.02,0.08,0.11,0.07,0.0,0.0,0.0,0.0,0.58,0.04,0
0.0,0.0,0.25,0.0,0.0,0.1,0.17,0.02,0.0,0.0,0.01,0.09,0.0,0.47,0.29,0.0,0.04,0.11,0.05,0.02,0.05,0.11,0.0,0.68,0.0,0
0.01,0.0,0.25,0.03,0.0,0.0,0.1,0.02,0.03,0.15,0.06,0.02,0.07,0.74,0.32,0.01,0.04,0.16,0.06,0.0,0.01,0.0,0.0,0.82,0.35,0
0.0,0.0,0.25,0.0,0.0,0.28,0.22,0.03,0.0,0.02,0.02,0.06,0.18,0.34,0.34,0.0,0.14,0.15,0.05,0.02,0.09,0.0,0.0,0.92,0.0,0
0.02,0.0,0.25,0.02,0.0,0.03,0.07,0.04,0.0,0.01,0.02,0.1,0.0,0.49,0.18,0.0,0.07,0.23,0.05,0.02,0.01,0.0,0.0,0.74,0.26,0
0.0,0.0,0.25,0.01,0.0,0.37,0.07,0.06,0.0,0.0,0.0,0.12,0.21,0.09,0.46,0.01,0.04,0.11,0.03,0.01,0.05,0.0,0.07,0.94,0.0,0
0.0,0.0,0.25,0.03,0.0,0.0,0.07,0.04,0.0,0.01,0.03,0.13,0.0,0.42,0.25,0.0,0.07,0.11,0.1,0.0,0.01,0.0,0.0,0.77,0.23,0
0.02,0.0,0.25,0.01,0.0,0.0,0.17,0.02,0.01,0.02,0.03,0.04,0.0,0.52,0.31,0.0,0.02,0.14,0.1,0.03,0.02,0.0,0.0,0.69,0.42,0
0.0,0.0,0.25,0.01,0.0,0.1,0.13,0.03,0.0,0.02,0.01,0.05,0.02,0.68,0.59,0.0,0.07,0.11,0.05,0.0,0.07,0.0,0.0,0.43,0.0,1
0.0,0.02,0.25,0.01,0.0,0.02,0.07,0.03,0.0,0.02,0.0,0.23,0.0,0.79,0.55,0.0,0.02,0.11,0.02,0.0,0.06,0.0,0.0,0.95,0.05,0
0.1,0.0,0.25,0.01,0.0,0.07,0.14,0.04,0.0,0.0,0.02,0.03,0.0,0.58,0.25,0.0,0.05,0.14,0.11,0.08,0.01,0.0,0.0,0.31,0.25,0
0.0,0.0,0.25,0.0,0.0,0.07,0.07,0.03,0.0,0.02,0.0,0.23,0.02,0.0,0.46,0.0,0.03,0.11,0.01,0.0,0.06,0.0,0.0,0.98,0.07,0
0.02,0.0,0.25,0.01,0.0,0.0,0.07,0.02,0.0,0.05,0.0,0.03,0.13,0.8,0.25,0.0,0.03,0.11,0.02,0.0,0.02,0.0,0.01,1.0,0.0,0
0.0,0.4,0.25,0.0,0.0,0.0,0.07,0.03,0.0,0.0,0.0,0.15,0.0,0.0,0.0,0.04,0.06,0.0,0.12,0.0,0.0,0.0,0.0,0.24,0.0,0
0.0,0.0,0.25,0.0,0.0,0.26,0.07,0.06,0.0,0.0,0.0,0.41,0.03,0.0,0.11,0.02,0.02,0.05,0.03,0.0,0.01,0.0,0.0,0.73,0.11,0
0.01,0.09,0.25,0.0,0.0,0.09,0.14,0.03,0.0,0.0,0.01,0.07,0.0,0.23,0.12,0.0,0.06,0.11,0.07,0.03,0.02,0.0,0.0,0.44,0.0,0
0.0,0.06,0.25,0.0,0.0,0.0,0.07,0.02,0.02,0.0,0.02,0.15,0.0,0.18,0.09,0.02,0.03,0.04,0.02,0.02,0.02,0.0,0.0,0.54,0.09,0
0.0,0.17,0.39,0.01,0.0,0.33,0.19,0.05,0.0,0.01,0.0,0.19,0.15,0.28,0.42,0.01,0.02,0.06,0.03,0.01,0.01,0.0,0.0,0.73,0.0,0
0.02,0.0,0.25,0.01,0.0,0.09,0.13,0.08,0.03,0.1,0.1,0.18,0.0,0.71,0.47,0.04,0.15,0.2,0.03,0.0,0.0,0.0,0.18,0.42,0.57,1
0.0,0.02,0.25,0.0,0.0,0.0,0.11,0.01,0.0,0.01,0.0,0.17,0.0,0.0,0.2,0.02,0.03,0.06,0.04,0.02,0.04,0.0,0.0,1.0,0.0,0
0.0,0.0,0.25,0.01,0.0,0.0,0.07,0.03,0.03,0.07,0.02,0.05,0.0,0.83,0.18,0.0,0.19,0.21,0.04,0.0,0.01,0.0,0.0,0.48,0.22,0
0.0,0.0,0.25,0.0,0.0,0.05,0.13,0.04,0.31,0.1,0.02,0.02,0.0,0.6,0.23,0.0,0.06,0.22,0.02,0.0,0.04,0.0,0.0,1.0,0.0,0
0.0,0.0,0.25,0.0,0.0,0.0,0.07,0.02,0.0,0.0,0.01,0.11,0.0,0.0,0.38,0.0,0.0,0.11,0.05,0.04,0.02,0.0,0.0,0.52,0.0,0
0.0,0.0,0.25,0.09,0.0,0.0,0.14,0.03,0.27,0.05,0.09,0.02,0.0,0.85,0.27,0.0,0.1,0.22,0.09,0.02,0.02,0.0,0.0,1.0,0.03,0
0.0,0.0,0.25,0.0,0.0,0.15,0.07,0.05,0.0,0.0,0.01,0.15,0.04,0.26,0.28,0.0,0.06,0.15,0.04,0.01,0.02,0.0,0.0,0.66,0.0,0
0.02,0.0,0.25,0.01,0.0,0.0,0.21,0.03,0.0,0.0,0.04,0.02,0.0,0.73,0.13,0.0,0.03,0.11,0.14,0.04,0.02,0.0,0.0,0.58,0.5,0
0.0,0.0,0.25,0.01,0.0,0.19,0.14,0.05,0.0,0.01,0.03,0.1,0.02,0.62,0.25,0.0,0.0,0.11,0.06,0.02,0.03,0.09,0.09,0.5,0.06,1
0.02,0.0,0.44,0.0,0.01,0.16,0.14,0.03,0.0,0.0,0.0,0.17,0.0,0.0,0.12,0.0,0.02,0.11,0.04,0.0,0.02,0.0,0.0,0.41,0.0,0
0.0,0.7,0.25,0.0,0.0,0.14,0.07,0.14,0.0,0.0,0.0,0.3,0.0,0.0,0.12,0.06,0.15,0.11,0.1,0.02,0.0,0.0,0.0,0.18,0.12,0
0.0,0.0,0.25,0.0,0.0,0.0,0.07,0.02,0.0,0.01,0.0,0.12,0.05,0.0,0.44,0.0,0.06,0.2,0.08,0.09,0.04,0.0,0.0,0.55,0.0,0
0.0,0.0,0.45,0.02,0.0,0.36,0.26,0.03,0.0,0.03,0.01,0.05,0.22,0.57,0.66,0.0,0.04,0.11,0.04,0.0,0.02,0.0,0.0,0.54,0.0,0
0.0,0.0,0.25,0.0,0.0,0.04,0.17,0.02,0.0,0.03,0.01,0.04,0.09,0.5,0.56,0.0,0.07,0.15,0.03,0.02,0.03,0.23,0.0,0.69,0.17,0
0.0,0.0,0.25,0.01,0.0,0.0,0.13,0.02,0.0,0.07,0.02,0.05,0.11,0.42,0.27,0.0,0.18,0.11,0.05,0.02,0.02,0.0,0.0,0.29,0.0,0
0.0,0.0,0.25,0.0,0.0,0.01,0.14,0.02,0.0,0.03,0.01,0.08,0.0,0.13,0.38,0.0,0.08,0.11,0.07,0.05,0.07,0.0,0.0,0.89,0.04,0
0.0,0.0,0.25,0.0,0.0,0.2,0.07,0.06,0.0,0.0,0.0,0.15,0.03,0.36,0.38,0.0,0.08,0.17,0.03,0.0,0.02,0.0,0.0,0.65,0.11,0
0.0,0.0,0.2,0.0,0.0,0.0,0.06,0.02,0.0,0.0,0.01,0.16,0.0,0.0,0.12,0.0,0.02,0.2,0.02,0.02,0.02,0.0,0.0,0.47,0.0,0
0.0,0.0,0.25,0.0,0.0,0.0,0.12,0.02,0.03,0.07,0.02,0.05,0.02,0.45,0.32,0.0,0.04,0.22,0.05,0.03,0.05,0.0,0.0,0.65,0.0,0
0.01,0.0,0.25,0.0,0.01,0.2,0.14,0.03,0.0,0.04,0.02,0.12,0.0,0.26,0.21,0.0,0.08,0.11,0.06,0.0,0.02,0.0,0.0,0.77,0.08,0
0.0,0.0,0.25,0.01,0.0,0.05,0.1,0.04,0.0,0.1,0.01,0.1,0.0,0.37,0.34,0.02,0.04,0.11,0.05,0.01,0.02,0.0,0.0,0.76,0.11,0
0.0,0.0,0.25,0.0,0.0,0.08,0.07,0.02,0.04,0.0,0.03,0.34,0.0,0.27,0.13,0.01,0.03,0.06,0.04,0.04,0.03,0.0,0.0,0.97,0.13,0
0.0,0.0,0.25,0.0,0.0,0.18,0.07,0.03,0.0,0.0,0.0,0.61,0.0,0.01,0.38,0.0,0.0,0.11,0.0,0.0,0.0,0.0,0.0,0.99,0.0,0
0.01,0.03,0.25,0.01,0.0,0.13,0.12,0.03,0.0,0.64,0.0,0.15,0.0,0.63,0.12,0.26,0.07,0.18,0.14,0.01,0.0,0.0,0.0,0.41,0.0,0
0.02,0.0,0.25,0.01,0.0,0.0,0.07,0.02,0.08,0.02,0.04,0.02,0.0,0.8,0.12,0.01,0.08,0.22,0.05,0.02,0.02,0.0,0.0,0.41,0.25,0
0.0,0.0,0.25,0.0,0.0,0.0,0.07,0.02,0.0,0.0,0.01,0.14,0.0,0.0,0.39,0.0,0.0,0.11,0.04,0.04,0.03,0.0,0.0,0.53,0.0,0
0.0,0.2,0.25,0.0,0.0,0.0,0.07,0.02,0.1,0.0,0.05,0.08,0.0,0.37,0.19,0.03,0.08,0.11,0.08,0.0,0.0,0.0,0.0,0.61,0.0,0
0.0,0.0,0.25,0.0,0.0,0.0,0.07,0.03,0.0,0.01,0.0,0.07,0.0,0.21,0.3,0.0,0.11,0.2,0.01,0.0,0.02,0.0,0.0,0.79,0.0,0
0.0,0.0,0.25,0.01,0.0,0.03,0.09,0.02,0.0,0.02,0.0,0.2,0.0,0.9,0.69,0.0,0.02,0.11,0.02,0.0,0.06,0.03,0.0,0.4,0.0,0
0.0,0.0,0.25,0.01,0.0,0.06,0.15,0.03,0.0,0.01,0.04,0.14,0.04,0.31,0.3,0.0,0.02,0.11,0.06,0.04,0.06,0.0,0.0,1.0,0.0,0
0.01,0.0,0.37,0.02,0.0,0.0,0.11,0.02,0.0,0.05,0.0,0.06,0.0,0.7,0.31,0.0,0.01,0.11,0.04,0.01,0.01,0.0,0.0,0.3,0.0,0
0.0,0.0,0.25,0.0,0.0,0.12,0.07,0.04,0.0,0.0,0.01,0.11,0.0,0.18,0.13,0.0,0.07,0.22,0.02,0.0,0.02,0.0,0.0,0.47,0.01,1
0.0,0.0,0.25,0.0,0.0,0.29,0.07,0.05,0.0,0.0,0.0,0.17,0.14,0.02,0.26,0.06,0.04,0.11,0.12,0.13,0.07,0.0,0.0,0.27,0.0,0
0.0,0.0,0.71,0.0,0.0,0.49,0.2,0.02,0.0,0.02,0.01,0.07,0.12,1.0,0.5,0.0,0.0,0.11,0.02,0.02,0.14,0.62,0.0,0.53,0.23,1
0.0,0.0,0.25,0.0,0.0,0.07,0.07,0.02,0.0,0.04,0.0,0.3,0.0,0.0,0.26,0.01,0.01,0.08,0.0,0.0,0.02,0.0,0.0,0.51,0.0,0
0.0,0.0,0.25,0.0,0.0,0.12,0.07,0.02,0.0,0.02,0.01,0.16,0.0,0.0,0.37,0.0,0.01,0.11,0.02,0.02,0.05,0.0,0.0,1.0,0.0,1
0.0,0.0,0.25,0.0,0.0,0.2,0.11,0.05,0.0,0.0,0.02,0.43,0.02,0.17,0.04,0.03,0.01,0.03,0.05,0.02,0.01,0.0,0.0,1.0,0.0,0
0.0,0.0,0.25,0.01,0.01,0.06,0.07,0.02,0.0,0.14,0.01,0.04,0.06,0.91,0.74,0.02,0.16,0.11,0.02,0.0,0.03,0.0,0.0,0.39,0.71,1
0.01,0.0,0.25,0.0,0.0,0.29,0.09,0.05,0.0,0.0,0.0,0.13,0.05,0.0,0.31,0.0,0.1,0.11,0.05,0.0,0.02,0.0,0.0,0.4,0.18,0
0.02,0.0,0.25,0.01,0.0,0.0,0.07,0.02,0.0,0.1,0.05,0.01,0.0,0.93,0.38,0.02,0.38,0.11,0.05,0.02,0.03,0.0,0.0,0.97,0.25,0
0.0,0.0,0.25,0.0,0.0,0.0,0.07,0.02,0.0,0.08,0.0,0.08,0.0,0.0,0.33,0.01,0.06,0.11,0.04,0.01,0.02,0.0,0.0,0.87,0.0,0
0.0,0.0,0.37,0.0,0.0,0.0,0.1,0.02,0.03,0.06,0.02,0.04,0.04,0.72,0.31,0.0,0.11,0.22,0.04,0.01,0.02,0.0,0.0,0.65,0.0,0
0.0,0.0,0.25,0.0,0.0,0.17,0.11,0.07,0.04,0.03,0.02,0.14,0.03,0.36,0.25,0.0,0.05,0.17,0.04,0.0,0.02,0.0,0.0,0.66,0.0,0
0.0,0.0,0.25,0.01,0.0,0.06,0.07,0.04,0.0,0.22,0.04,0.05,0.0,0.85,0.13,0.04,0.03,0.33,0.06,0.02,0.0,0.0,0.0,0.63,0.25,0
0.0,0.0,0.25,0.01,0.0,0.02,0.08,0.02,0.0,0.24,0.09,0.02,0.0,0.87,0.35,0.05,0.05,0.11,0.06,0.02,0.0,0.0,0.0,0.69,0.0,0
0.0,0.0,0.25,0.01,0.0,0.08,0.07,0.03,0.0,0.02,0.0,0.38,0.0,0.65,0.49,0.01,0.01,0.07,0.01,0.0,0.03,0.0,0.0,0.56,0.0,0
0.0,0.01,0.25,0.0,0.0,0.21,0.18,0.03,0.0,0.01,0.02,0.09,0.14,0.46,0.25,0.0,0.09,0.16,0.06,0.02,0.09,0.0,0.0,0.71,0.0,0
0.0,0.0,0.25,0.09,0.0,0.0,0.07,0.03,0.0,0.0,0.02,0.05,0.01,0.8,0.26,0.0,0.07,0.11,0.25,0.02,0.03,0.0,0.0,0.47,0.0,0
0.0,0.0,0.25,0.0,0.0,0.06,0.16,0.04,0.05,0.01,0.03,0.03,0.03,0.51,0.26,0.01,0.18,0.2,0.06,0.0,0.01,0.07,0.0,0.34,0.25,0
0.0,0.0,0.25,0.01,0.0,0.13,0.21,0.04,0.0,0.0,0.07,0.05,0.06,0.56,0.12,0.0,0.03,0.11,0.11,0.06,0.05,0.01,0.0,1.0,0.0,0
0.01,0.0,0.25,0.0,0.0,0.01,0.14,0.03,0.02,0.02,0.03,0.04,0.0,0.74,0.32,0.0,0.1,0.16,0.06,0.02,0.02,0.0,0.0,0.48,0.0,0
0.0,0.0,0.25,0.0,0.0,0.01,0.07,0.02,0.0,0.03,0.02,0.1,0.0,0.2,0.35,0.01,0.0,0.11,0.05,0.03,0.02,0.0,0.0,0.51,0.12,0
0.0,0.35,0.25,0.01,0.0,0.11,0.07,0.1,0.0,0.01,0.0,0.3,0.0,0.51,0.44,0.01,0.05,0.11,0.04,0.0,0.01,0.0,0.0,0.45,0.0,0
0.01,0.0,0.25,0.02,0.0,0.08,0.12,0.04,0.02,0.12,0.02,0.08,0.0,0.75,0.58,0.0,0.05,0.14,0.03,0.01,0.02,0.0,0.0,0.7,0.07,0
0.0,0.01,0.25,0.01,0.0,0.0,0.07,0.02,0.0,0.01,0.0,0.49,0.0,0.52,0.33,0.02,0.01,0.06,0.02,0.01,0.04,0.0,0.0,1.0,0.0,0
0.0,0.07,0.25,0.0,0.0,0.08,0.1,0.03,0.02,0.0,0.0,0.23,0.0,0.19,0.29,0.01,0.04,0.15,0.04,0.0,0.02,0.0,0.0,0.8,0.16,0
0.0,0.0,0.25,0.0,0.0,0.04,0.07,0.04,0.0,0.12,0.04,0.08,0.0,0.58,0.32,0.03,0.01,0.11,0.03,0.0,0.02,0.0,0.0,0.53,0.35,0
0.02,0.0,0.25,0.01,0.0,0.0,0.2,0.03,0.0,0.0,0.04,0.03,0.0,0.67,0.14,0.0,0.03,0.11,0.13,0.04,0.02,0.0,0.0,0.62,0.45,0
0.01,0.0,0.25,0.01,0.0,0.2,0.18,0.03,0.0,0.02,0.02,0.09,0.03,0.39,0.24,0.0,0.01,0.11,0.09,0.03,0.04,0.0,0.0,0.78,0.26,0
0.02,0.0,0.25,0.0,0.0,0.28,0.07,0.15,0.0,0.0,0.01,0.19,0.0,0.7,0.12,0.0,0.03,0.39,0.04,0.01,0.01,0.0,0.0,0.75,0.38,0
0.0,0.0,0.25,0.0,0.0,0.0,0.1,0.02,0.0,0.01,0.0,0.02,0.01,0.15,0.25,0.0,0.14,0.2,0.06,0.03,0.02,0.0,0.0,0.24,0.0,0
0.01,0.0,0.25,0.01,0.0,0.11,0.07,0.1,0.0,0.08,0.02,0.08,0.0,0.89,0.12,0.0,0.01,0.26,0.04,0.0,0.01,0.0,0.0,0.93,0.36,0
0.01,0.0,0.51,0.0,0.0,0.0,0.15,0.02,0.0,0.01,0.0,0.18,0.07,0.0,0.3,0.22,0.01,0.11,0.23,0.26,0.05,0.0,0.0,0.65,0.0,0
0.03,0.0,0.44,0.01,0.0,0.0,0.18,0.02,0.0,0.01,0.02,0.05,0.0,0.71,0.34,0.0,0.0,0.11,0.05,0.0,0.04,0.0,0.0,0.45,0.0,0
0.0,0.0,0.25,0.0,0.0,0.0,0.07,0.02,0.19,0.0,0.11,0.01,0.0,0.76,0.37,0.02,0.1,0.22,0.04,0.0,0.0,0.0,0.0,0.97,0.03,0
0.0,0.0,0.07,0.0,0.0,0.0,0.02,0.02,0.0,0.01,0.0,0.37,0.0,0.0,0.2,0.01,0.0,0.11,0.0,0.0,0.03,0.0,0.0,0.4,0.0,0
0.0,0.0,0.25,0.01,0.0,0.0,0.07,0.02,0.0,0.02,0.0,0.19,0.01,0.87,0.58,0.0,0.01,0.11,0.02,0.0,0.08,0.0,0.0,1.0,0.0,0
0.0,0.02,0.25,0.0,0.0,0.0,0.07,0.02,0.0,0.0,0.02,0.04,0.0,0.48,0.25,0.0,0.06,0.15,0.03,0.02,0.02,0.0,0.0,0.92,0.0,0
0.0,0.0,0.25,0.0,0.0,0.02,0.07,0.03,0.0,0.02,0.0,0.28,0.09,0.01,0.48,0.05,0.02,0.11,0.08,0.08,0.05,0.0,0.0,0.31,0.0,0
0.01,0.02,0.25,0.0,0.0,0.06,0.07,0.03,0.03,0.01,0.03,0.08,0.0,0.7,0.12,0.0,0.04,0.28,0.06,0.02,0.02,0.0,0.0,0.37,0.12,0
0.0,0.0,0.25,0.0,0.0,0.0,0.11,0.02,0.0,0.01,0.0,0.16,0.0,0.0,0.26,0.0,0.03,0.16,0.04,0.03,0.05,0.0,0.0,0.68,0.0,0
0.0,0.0,0.25,0.0,0.0,0.0,0.07,0.05,0.0,0.02,0.0,0.16,0.0,0.0,0.25,0.0,0.07,0.55,0.01,0.0,0.0,0.0,0.09,0.77,0.0,1
0.0,0.0,0.25,0.0,0.0,0.18,0.13,0.06,0.05,0.04,0.03,0.04,0.1,0.62,0.22,0.0,0.03,0.22,0.03,0.0,0.04,0.0,0.0,0.57,0.19,0
0.0,0.0,0.25,0.0,0.0,0.0,0.07,0.02,0.0,0.0,0.0,0.24,0.0,0.03,0.13,0.0,0.0,0.22,0.02,0.02,0.02,0.0,0.0,0.33,0.0,0
0.0,0.0,0.31,0.0,0.0,0.01,0.09,0.02,0.0,0.04,0.02,0.09,0.0,0.48,0.25,0.0,0.01,0.11,0.04,0.03,0.04,0.0,0.0,0.91,0.0,0
0.0,0.12,0.25,0.01,0.0,0.27,0.18,0.07,0.0,0.01,0.05,0.07,0.14,0.66,0.26,0.0,0.09,0.22,0.09,0.02,0.08,0.0,0.0,0.71,0.0,0
0.01,0.0,0.25,0.01,0.0,0.01,0.07,0.03,0.01,0.03,0.05,0.04,0.0,0.85,0.12,0.01,0.02,0.13,0.04,0.02,0.02,0.0,0.0,0.84,0.05,0
0.0,0.0,0.25,0.0,0.0,0.16,0.07,0.04,0.0,0.0,0.0,0.18,0.04,0.0,0.5,0.01,0.04,0.11,0.04,0.01,0.02,0.0,0.0,1.0,0.0,0
0.0,0.01,0.25,0.0,0.0,0.0,0.12,0.02,0.0,0.02,0.02,0.24,0.0,0.5,0.25,0.05,0.03,0.15,0.04,0.04,0.02,0.0,0.0,0.74,0.0,0
0.0,0.0,0.25,0.0,0.0,0.0,0.07,0.02,0.0,0.0,0.0,0.08,0.06,0.03,0.24,0.0,0.02,0.12,0.0,0.0,0.07,0.0,0.0,0.96,0.0,0
0.0,0.0,0.25,0.0,0.0,0.01,0.07,0.02,0.17,0.0,0.09,0.04,0.0,0.63,0.35,0.02,0.08,0.2,0.04,0.01,0.0,0.0,0.0,1.0,0.0,0
0.0,0.0,0.25,0.0,0.0,0.21,0.07,0.06,0.0,0.0,0.0,0.13,0.06,0.07,0.24,0.0,0.07,0.12,0.05,0.0,0.02,0.0,0.0,0.28,0.22,0
0.0,0.01,0.25,0.0,0.0,0.13,0.07,0.04,0.0,0.0,0.01,0.11,0.04,0.33,0.32,0.0,0.05,0.11,0.04,0.01,0.02,0.0,0.0,0.96,0.13,0
0.0,0.0,0.25,0.0,0.0,0.06,0.17,0.03,0.04,0.02,0.02,0.04,0.06,0.46,0.39,0.01,0.16,0.18,0.06,0.01,0.02,0.14,0.0,0.39,0.25,0
0.0,0.0,0.25,0.0,0.0,0.04,0.07,0.02,0.0,0.02,0.0,0.26,0.0,0.0,0.21,0.0,0.02,0.09,0.01,0.0,0.0,0.0,0.0,1.0,0.0,0
0.05,0.0,0.25,0.01,0.0,0.05,0.14,0.04,0.08,0.07,0.06,0.03,0.05,0.75,0.43,0.0,0.14,0.22,0.06,0.0,0.0,0.0,0.0,0.92,0.0,0
0.0,0.0,0.25,0.0,0.0,0.12,0.07,0.03,0.0,0.02,0.01,0.05,0.06,0.14,0.3,0.0,0.1,0.18,0.05,0.02,0.02,0.0,0.0,0.19,0.0,0
0.0,0.0,0.25,0.01,0.0,0.06,0.07,0.03,0.0,0.02,0.01,0.09,0.02,0.64,0.25,0.0,0.05,0.11,0.03,0.0,0.04,0.0,0.0,0.32,0.07,0
0.02,0.0,0.25,0.01,0.0,0.02,0.08,0.03,0.0,0.09,0.05,0.02,0.01,0.86,0.38,0.02,0.36,0.11,0.05,0.02,0.02,0.0,0.0,0.97,0.25,0
0.0,0.05,0.25,0.0,0.0,0.25,0.07,0.05,0.0,0.0,0.0,0.68,0.0,0.0,0.02,0.02,0.0,0.02,0.0,0.0,0.0,0.0,0.0,0.86,0.04,0
0.0,0.0,0.25,0.0,0.0,0.37,0.2,0.04,0.0,0.02,0.02,0.1,0.19,0.3,0.38,0.0,0.12,0.11,0.06,0.01,0.09,0.0,0.0,0.72,0.1,0
0.0,0.0,0.28,0.01,0.0,0.21,0.15,0.05,0.0,0.0,0.03,0.1,0.0,0.62,0.25,0.0,0.0,0.11,0.06,0.0,0.02,0.0,0.0,0.33,0.0,0
0.0,0.0,0.25,0.0,0.0,0.06,0.07,0.03,0.0,0.02,0.0,0.22,0.02,0.0,0.43,0.0,0.03,0.11,0.01,0.0,0.06,0.0,0.0,0.8,0.07,0
0.0,0.0,0.25,0.01,0.0,0.05,0.14,0.04,0.0,0.08,0.03,0.06,0.0,0.72,0.12,0.02,0.06,0.29,0.06,0.02,0.02,0.0,0.0,0.42,0.15,0
0.02,0.0,0.25,0.01,0.0,0.27,0.14,0.07,0.0,0.05,0.03,0.1,0.0,0.65,0.25,0.0,0.0,0.11,0.06,0.0,0.0,0.0,0.0,1.0,0.0,0
0.0,0.0,0.25,0.01,0.0,0.02,0.07,0.03,0.0,0.08,0.02,0.07,0.0,0.72,0.33,0.01,0.01,0.11,0.03,0.0,0.01,0.0,0.0,0.33,0.19,0
0.0,0.0,0.25,0.0,0.0,0.12,0.07,0.03,0.0,0.04,0.0,0.25,0.0,0.47,0.37,0.03,0.01,0.11,0.04,0.02,0.05,0.0,0.0,0.68,0.0,0
0.0,0.0,0.72,0.0,0.0,0.48,0.21,0.02,0.0,0.02,0.01,0.07,0.12,0.93,0.47,0.0,0.0,0.11,0.02,0.02,0.14,0.59,0.0,0.5,0.22,1
0.0,0.0,0.25,0.0,0.0,0.23,0.07,0.03,0.0,0.05,0.0,0.3,0.0,0.01,0.25,0.04,0.0,0.11,0.05,0.04,0.02,0.0,0.0,0.39,0.0,0
0.01,0.0,0.25,0.0,0.0,0.11,0.07,0.05,0.01,0.05,0.02,0.1,0.02,0.71,0.38,0.0,0.11,0.22,0.03,0.01,0.02,0.0,0.0,0.63,0.09,0
0.01,0.0,0.25,0.0,0.0,0.03,0.07,0.02,0.0,0.05,0.03,0.12,0.0,0.43,0.24,0.01,0.19,0.17,0.04,0.02,0.02,0.0,0.0,0.88,0.12,0
0.0,0.0,0.25,0.0,0.0,0.06,0.12,0.03,0.0,0.05,0.02,0.06,0.05,0.63,0.26,0.08,0.0,0.11,0.07,0.02,0.02,0.0,0.0,0.58,0.0,0
0.01,0.0,0.25,0.01,0.0,0.0,0.16,0.02,0.0,0.01,0.03,0.14,0.0,0.47,0.26,0.0,0.02,0.11,0.09,0.03,0.02,0.0,0.0,0.59,0.32,0
0.0,0.0,0.25,0.0,0.0,0.0,0.07,0.02,0.0,0.12,0.0,0.09,0.01,0.0,0.39,0.04,0.08,0.11,0.08,0.05,0.03,0.0,0.0,0.77,0.0,0
0.0,0.0,0.48,0.01,0.0,0.24,0.14,0.03,0.0,0.02,0.0,0.14,0.06,1.0,0.57,0.0,0.01,0.11,0.02,0.01,0.11,0.3,0.0,0.77,0.11,0
0.0,0.0,0.25,0.0,0.0,0.0,0.07,0.02,0.0,0.01,0.0,0.13,0.05,0.25,0.53,0.0,0.06,0.19,0.08,0.08,0.06,0.0,0.0,0.56,0.0,0
0.0,0.0,0.25,0.0,0.0,0.01,0.07,0.02,0.0,0.0,0.0,0.27,0.0,0.0,0.14,0.0,0.0,0.21,0.02,0.02,0.02,0.0,0.0,0.38,0.0,0
0.0,0.0,0.25,0.0,0.0,0.03,0.07,0.02,0.11,0.05,0.06,0.03,0.0,0.81,0.38,0.02,0.14,0.22,0.04,0.0,0.0,0.0,0.0,0.62,0.0,0
0.0,0.0,0.25,0.01,0.0,0.14,0.08,0.04,0.01,0.14,0.02,0.07,0.11,0.67,0.46,0.19,0.01,0.13,0.1,0.02,0.02,0.0,0.0,0.63,0.0,0
0.0,0.02,0.25,0.0,0.0,0.06,0.07,0.03,0.0,0.0,0.0,0.67,0.02,0.0,0.12,0.03,0.02,0.03,0.03,0.02,0.01,0.0,0.0,0.98,0.0,0
0.02,0.0,0.25,0.01,0.0,0.28,0.14,0.07,0.0,0.05,0.03,0.1,0.0,0.67,0.26,0.02,0.0,0.11,0.08,0.02,0.0,0.0,0.0,0.98,0.0,0
0.0,0.0,0.25,0.0,0.0,0.07,0.12,0.03,0.02,0.07,0.02,0.03,0.08,0.54,0.3,0.01,0.02,0.18,0.05,0.0,0.04,0.0,0.0,0.7,0.0,0
0.0,0.0,0.25,0.0,0.0,0.21,0.12,0.05,0.0,0.0,0.0,0.09,0.1,0.09,0.34,0.01,0.07,0.14,0.05,0.0,0.02,0.0,0.0,0.54,0.18,0
0.0,0.0,0.25,0.01,0.0,0.09,0.21,0.04,0.0,0.01,0.06,0.04,0.05,0.58,0.16,0.01,0.03,0.11,0.1,0.06,0.04,0.0,0.0,0.93,0.0,0
0.0,0.0,0.32,0.0,0.0,0.02,0.09,0.02,0.0,0.09,0.04,0.04,0.0,0.74,0.25,0.03,0.03,0.19,0.03,0.02,0.01,0.0,0.0,0.89,0.0,0
0.0,0.0,0.25,0.01,0.0,0.05,0.07,0.02,0.0,0.02,0.0,0.24,0.0,0.6,0.29,0.0,0.03,0.11,0.02,0.0,0.03,0.0,0.0,0.54,0.0,0
0.0,0.0,0.25,0.01,0.0,0.05,0.1,0.03,0.0,0.05,0.01,0.08,0.0,0.72,0.2,0.0,0.04,0.16,0.03,0.01,0.04,0.0,0.0,0.47,0.0,0
0.0,0.0,0.25,0.04,0.0,0.13,0.13,0.05,0.0,0.0,0.03,0.13,0.0,0.52,0.2,0.0,0.09,0.11,0.12,0.01,0.06,0.14,0.0,0.72,0.29,0
0.0,0.03,0.25,0.0,0.0,0.01,0.07,0.02,0.0,0.02,0.0,0.33,0.0,0.12,0.62,0.0,0.0,0.13,0.01,0.0,0.02,0.0,0.0,0.61,0.0,0
0.0,0.0,0.25,0.0,0.0,0.03,0.14,0.03,0.04,0.02,0.02,0.04,0.0,0.47,0.18,0.01,0.13,0.18,0.05,0.0,0.01,0.0,0.0,0.43,0.25,0
0.01,0.0,0.25,0.01,0.01,0.02,0.17,0.03,0.0,0.05,0.0,0.06,0.09,0.73,0.21,0.01,0.08,0.15,0.05,0.0,0.02,0.0,0.0,0.47,0.0,0
0.0,0.0,0.25,0.01,0.0,0.06,0.07,0.03,0.0,0.1,0.0,0.05,0.0,0.88,0.37,0.02,0.2,0.22,0.05,0.0,0.0,0.0,0.0,0.19,0.0,0
0.0,0.17,0.25,0.0,0.0,0.48,0.09,0.1,0.0,0.0,0.01,0.64,0.01,0.08,0.34,0.03,0.05,0.21,0.03,0.03,0.01,0.0,0.0,0.95,0.22,0
0.02,0.0,0.25,0.01,0.0,0.0,0.14,0.02,0.0,0.79,0.01,0.01,0.0,0.9,0.12,0.27,0.06,0.22,0.18,0.0,0.01,0.0,0.0,0.52,0.0,0
0.0,0.0,0.25,0.0,0.0,0.24,0.07,0.06,0.0,0.0,0.0,0.58,0.0,0.0,0.01,0.04,0.0,0.0,0.02,0.0,0.0,0.0,0.0,0.98,0.01,0
0.0,0.0,0.25,0.0,0.0,0.23,0.07,0.06,0.0,0.0,0.0,0.16,0.06,0.03,0.37,0.0,0.07,0.12,0.05,0.0,0.02,0.0,0.0,0.91,0.25,0
0.0,0.0,0.25,0.0,0.0,0.0,0.12,0.02,0.0,0.0,0.01,0.07,0.0,0.09,0.16,0.0,0.05,0.19,0.05,0.04,0.06,0.0,0.0,0.66,0.0,0
0.0,0.0,0.25,0.0,0.0,0.29,0.07,0.05,0.0,0.0,0.0,0.18,0.13,0.0,0.25,0.06,0.04,0.11,0.12,0.13,0.08,0.0,0.0,0.26,0.0,0
0.05,0.0,0.25,0.02,0.0,0.0,0.14,0.03,0.0,0.13,0.07,0.02,0.0,0.85,0.12,0.01,0.27,0.2,0.05,0.01,0.01,0.0,0.0,0.58,0.0,0
0.0,0.0,0.25,0.0,0.0,0.24,0.07,0.03,0.0,0.04,0.0,0.28,0.01,0.0,0.25,0.03,0.01,0.11,0.05,0.04,0.02,0.0,0.0,0.45,0.0,0
0.0,0.0,0.25,0.02,0.0,0.03,0.07,0.02,0.0,0.04,0.0,0.16,0.0,0.31,0.5,0.0,0.01,0.11,0.03,0.01,0.05,0.0,0.0,0.56,0.13,0
0.0,0.0,0.25,0.0,0.0,0.0,0.07,0.02,0.0,0.05,0.0,0.12,0.0,0.0,0.36,0.0,0.03,0.12,0.0,0.0,0.02,0.0,0.0,0.35,0.0,0
0.0,0.03,0.25,0.0,0.0,0.0,0.09,0.02,0.0,0.02,0.0,0.14,0.0,0.08,0.22,0.0,0.03,0.11,0.02,0.01,0.01,0.0,0.0,0.85,0.0,0
0.0,0.0,0.25,0.0,0.0,0.04,0.1,0.03,0.0,0.0,0.02,0.05,0.0,0.54,0.15,0.0,0.07,0.2,0.03,0.03,0.03,0.0,0.0,0.24,0.06,0
0.0,0.06,0.25,0.02,0.0,0.03,0.18,0.02,0.0,0.01,0.03,0.05,0.04,0.57,0.19,0.0,0.07,0.11,0.11,0.08,0.05,0.18,0.19,0.69,0.13,0
0.0,0.0,0.25,0.0,0.0,0.16,0.07,0.05,0.0,0.01,0.0,0.53,0.0,0.0,0.15,0.03,0.0,0.03,0.01,0.0,0.01,0.0,0.0,0.88,0.0,0
0.0,0.0,0.25,0.02,0.0,0.0,0.12,0.02,0.05,0.03,0.06,0.02,0.05,0.72,0.21,0.0,0.06,0.19,0.05,0.01,0.01,0.0,0.0,0.98,0.34,0
0.0,0.0,0.25,0.0,0.0,0.29,0.14,0.06,0.0,0.0,0.0,0.1,0.13,0.0,0.38,0.0,0.1,0.11,0.05,0.0,0.03,0.0,0.0,0.38,0.24,0
0.0,0.0,0.25,0.0,0.0,0.2,0.17,0.02,0.0,0.01,0.0,0.17,0.04,0.0,0.21,0.0,0.04,0.11,0.02,0.02,0.08,0.23,0.0,0.85,0.0,0
0.0,0.0,0.25,0.01,0.0,0.1,0.11,0.05,0.0,0.01,0.0,0.12,0.0,0.49,0.18,0.0,0.03,0.43,0.02,0.0,0.0,0.0,0.04,0.61,0.0,0
0.0,0.0,0.09,0.0,0.0,0.0,0.02,0.02,0.0,0.01,0.02,0.25,0.0,0.35,0.22,0.03,0.0,0.04,0.01,0.0,0.03,0.0,0.0,1.0,0.0,0
0.02,0.0,0.25,0.01,0.0,0.0,0.07,0.04,0.0,0.01,0.02,0.14,0.0,0.32,0.21,0.0,0.04,0.19,0.03,0.01,0.02,0.0,0.0,0.83,0.17,0
0.0,0.0,0.25,0.0,0.0,0.16,0.1,0.04,0.0,0.06,0.02,0.11,0.07,0.37,0.31,0.03,0.05,0.11,0.09,0.07,0.05,0.0,0.0,0.54,0.11,0
0.0,0.0,0.25,0.0,0.0,0.0,0.14,0.02,0.0,0.01,0.02,0.03,0.0,0.73,0.38,0.0,0.04,0.17,0.05,0.02,0.02,0.0,0.0,0.67,0.0,0
0.04,0.0,0.25,0.01,0.0,0.05,0.13,0.04,0.12,0.04,0.07,0.05,0.0,0.75,0.46,0.0,0.09,0.22,0.03,0.0,0.0,0.0,0.0,0.91,0.44,0
0.0,0.0,0.25,0.01,0.0,0.0,0.07,0.02,0.0,0.02,0.0,0.31,0.0,0.8,0.5,0.01,0.01,0.09,0.02,0.0,0.06,0.0,0.0,1.0,0.0,0
0.0,0.02,0.25,0.0,0.0,0.08,0.07,0.02,0.0,0.0,0.0,0.46,0.0,0.0,0.0,0.03,0.0,0.0,0.0,0.0,0.0,0.0,0.0,1.0,0.0,0
0.0,0.0,0.32,0.0,0.0,0.15,0.21,0.04,0.0,0.0,0.0,0.09,0.01,0.0,0.23,0.0,0.06,0.11,0.06,0.04,0.05,0.0,0.0,0.41,0.22,0
0.0,0.04,0.42,0.01,0.01,0.04,0.19,0.04,0.0,0.27,0.05,0.03,0.0,0.71,0.21,0.04,0.05,0.11,0.07,0.03,0.04,0.0,0.0,0.39,0.51,0
0.0,0.01,0.25,0.0,0.0,0.14,0.07,0.04,0.0,0.0,0.01,0.11,0.12,0.16,0.2,0.0,0.05,0.15,0.04,0.01,0.03,0.0,0.0,0.73,0.15,0
0.0,0.0,0.25,0.01,0.0,0.08,0.12,0.04,0.0,0.0,0.02,0.11,0.02,0.4,0.26,0.0,0.06,0.18,0.05,0.0,0.02,0.0,0.0,0.51,0.0,0
0.0,0.0,0.25,0.0,0.0,0.39,0.28,0.03,0.0,0.02,0.02,0.1,0.23,0.43,0.34,0.0,0.13,0.11,0.07,0.02,0.12,0.05,0.0,1.0,0.0,0
0.0,0.0,0.25,0.0,0.0,0.04,0.07,0.03,0.0,0.01,0.0,0.21,0.0,0.3,0.27,0.0,0.02,0.19,0.02,0.02,0.04,0.0,0.0,0.86,0.0,0
0.01,0.0,0.44,0.02,0.0,0.32,0.24,0.03,0.0,0.03,0.0,0.04,0.24,0.57,0.63,0.0,0.04,0.11,0.03,0.0,0.02,0.0,0.0,0.63,0.0,0
0.0,0.02,0.25,0.0,0.0,0.06,0.09,0.03,0.0,0.0,0.03,0.05,0.0,0.68,0.25,0.0,0.02,0.11,0.04,0.02,0.02,0.0,0.0,0.83,0.0,0
0.0,0.0,0.25,0.0,0.0,0.27,0.13,0.05,0.0,0.0,0.0,0.2,0.11,0.0,0.31,0.0,0.08,0.09,0.04,0.0,0.02,0.0,0.0,0.48,0.2,0
0.0,0.0,0.25,0.01,0.0,0.0,0.14,0.02,0.05,0.16,0.04,0.02,0.0,0.77,0.21,0.03,0.12,0.26,0.04,0.01,0.01,0.0,0.0,0.84,0.0,0
0.0,0.0,0.25,0.0,0.0,0.29,0.07,0.05,0.0,0.0,0.0,0.18,0.13,0.0,0.25,0.06,0.04,0.11,0.12,0.13,0.07,0.0,0.0,1.0,0.0,0
0.0,0.01,0.25,0.0,0.0,0.0,0.1,0.03,0.25,0.01,0.01,0.21,0.04,0.2,0.42,0.15,0.03,0.16,0.05,0.05,0.02,0.0,0.0,0.31,0.1,0
0.0,0.0,0.25,0.0,0.0,0.0,0.13,0.02,0.0,0.05,0.01,0.13,0.0,0.27,0.34,0.0,0.03,0.11,0.01,0.0,0.02,0.0,0.0,0.65,0.21,0
0.0,0.04,0.25,0.0,0.0,0.29,0.07,0.03,0.0,0.0,0.0,0.44,0.0,0.0,0.19,0.24,0.0,0.11,0.08,0.07,0.01,0.0,0.0,0.62,0.0,0
0.0,0.0,0.25,0.0,0.0,0.08,0.07,0.04,0.0,0.0,0.02,0.06,0.02,0.52,0.19,0.0,0.08,0.19,0.03,0.02,0.02,0.0,0.0,0.22,0.07,0
0.0,0.0,0.27,0.0,0.0,0.0,0.14,0.02,0.0,0.0,0.01,0.06,0.0,0.05,0.13,0.0,0.05,0.21,0.05,0.04,0.05,0.0,0.0,0.61,0.0,0
0.0,0.0,0.25,0.01,0.0,0.12,0.07,0.03,0.0,0.01,0.0,0.43,0.0,0.49,0.31,0.01,0.01,0.05,0.01,0.0,0.04,0.0,0.0,1.0,0.0,0
0.01,0.05,0.25,0.01,0.0,0.04,0.17,0.04,0.04,0.06,0.07,0.03,0.0,0.72,0.12,0.0,0.23,0.25,0.09,0.03,0.02,0.0,0.0,0.35,0.0,0
0.02,0.0,0.25,0.01,0.0,0.0,0.11,0.03,0.05,0.02,0.03,0.03,0.04,0.77,0.12,0.0,0.06,0.19,0.05,0.02,0.02,0.0,0.0,0.48,0.18,0
0.0,0.02,0.25,0.0,0.0,0.0,0.07,0.02,0.0,0.0,0.0,0.8,0.0,0.0,0.0,0.04,0.01,0.0,0.02,0.02,0.0,0.0,0.0,1.0,0.0,0
0.0,0.0,0.25,0.01,0.0,0.08,0.14,0.04,0.0,0.0,0.03,0.07,0.0,0.62,0.17,0.0,0.04,0.18,0.05,0.0,0.02,0.0,0.0,0.3,0.0,0
0.01,0.0,0.25,0.02,0.01,0.16,0.14,0.04,0.0,0.11,0.01,0.11,0.0,0.54,0.6,0.0,0.06,0.11,0.04,0.0,0.02,0.0,0.0,0.78,0.0,0
0.0,0.0,0.25,0.02,0.0,0.04,0.07,0.03,0.0,0.08,0.03,0.17,0.0,0.66,0.38,0.0,0.01,0.2,0.02,0.0,0.0,0.0,0.0,0.79,0.0,0
0.0,0.01,0.25,0.0,0.0,0.26,0.07,0.05,0.0,0.0,0.0,0.18,0.05,0.0,0.32,0.06,0.06,0.11,0.06,0.02,0.02,0.0,0.0,0.9,0.0,0
0.06,0.0,0.25,0.0,0.07,0.05,0.14,0.04,0.03,0.01,0.04,0.02,0.0,0.72,0.12,0.0,0.02,0.13,0.1,0.0,0.02,0.0,0.0,0.4,0.48,1
0.0,0.0,0.25,0.01,0.0,0.09,0.11,0.03,0.03,0.11,0.02,0.34,0.0,0.41,0.12,0.03,0.08,0.11,0.02,0.0,0.0,0.0,0.0,0.88,0.0,0
0.0,0.0,0.25,0.0,0.0,0.01,0.08,0.03,0.0,0.0,0.0,0.02,0.01,0.11,0.25,0.0,0.16,0.22,0.05,0.02,0.02,0.0,0.01,0.14,0.04,0
0.0,0.0,0.25,0.0,0.0,0.23,0.07,0.06,0.0,0.0,0.0,0.22,0.06,0.0,0.33,0.0,0.06,0.1,0.04,0.0,0.02,0.0,0.0,0.94,0.22,0
0.0,0.0,0.25,0.01,0.0,0.0,0.14,0.03,0.0,0.0,0.03,0.05,0.0,0.6,0.13,0.0,0.06,0.22,0.05,0.0,0.03,0.0,0.0,0.31,0.0,0
0.0,0.21,0.25,0.02,0.0,0.1,0.07,0.09,0.0,0.0,0.07,0.12,0.0,0.71,0.22,0.0,0.04,0.3,0.09,0.02,0.02,0.0,0.0,0.43,0.0,0
0.02,0.0,0.44,0.0,0.01,0.09,0.13,0.03,0.0,0.01,0.0,0.16,0.0,0.23,0.24,0.0,0.0,0.11,0.03,0.0,0.04,0.0,0.0,0.47,0.0,0
0.0,0.0,0.25,0.0,0.0,0.0,0.07,0.02,0.0,0.0,0.01,0.15,0.0,0.27,0.2,0.08,0.0,0.18,0.05,0.01,0.02,0.0,0.0,0.95,0.0,0
0.0,0.0,0.25,0.0,0.0,0.0,0.07,0.02,0.0,0.01,0.0,0.22,0.0,0.39,0.42,0.0,0.01,0.11,0.02,0.01,0.11,0.0,0.0,1.0,0.0,0
0.0,0.0,0.25,0.02,0.01,0.12,0.14,0.04,0.0,0.15,0.01,0.1,0.0,0.72,0.75,0.0,0.04,0.11,0.03,0.0,0.03,0.0,0.0,0.8,0.0,0
0.02,0.0,0.25,0.01,0.0,0.0,0.07,0.02,0.0,0.04,0.0,0.12,0.11,0.69,0.21,0.02,0.03,0.1,0.02,0.01,0.02,0.0,0.01,0.94,0.0,0
0.0,0.0,0.25,0.01,0.0,0.0,0.07,0.02,0.0,0.07,0.01,0.07,0.07,0.52,0.72,0.0,0.03,0.11,0.03,0.02,0.05,0.0,0.0,0.42,0.0,0
0.0,0.0,0.25,0.02,0.0,0.09,0.14,0.04,0.02,0.14,0.01,0.08,0.0,0.72,0.62,0.0,0.04,0.14,0.03,0.0,0.02,0.0,0.0,0.81,0.0,0
0.0,0.26,0.25,0.0,0.0,0.0,0.12,0.03,0.0,0.02,0.0,0.11,0.02,0.29,0.09,0.03,0.06,0.04,0.12,0.03,0.01,0.0,0.0,0.45,0.0,0
0.0,0.0,0.63,0.0,0.0,0.47,0.18,0.03,0.0,0.02,0.01,0.09,0.13,0.76,0.44,0.01,0.01,0.11,0.04,0.05,0.13,0.51,0.0,0.61,0.19,0
0.02,0.0,0.46,0.0,0.01,0.11,0.13,0.03,0.0,0.0,0.0,0.17,0.0,0.0,0.15,0.0,0.0,0.11,0.04,0.01,0.02,0.0,0.0,0.42,0.0,0
0.0,0.0,0.25,0.0,0.0,0.0,0.07,0.02,0.0,0.0,0.0,0.02,0.0,0.01,0.25,0.0,0.16,0.22,0.05,0.02,0.02,0.0,0.0,0.1,0.0,0
0.0,0.0,0.25,0.0,0.01,0.0,0.13,0.02,0.0,0.01,0.02,0.05,0.0,0.65,0.16,0.0,0.05,0.11,0.04,0.02,0.02,0.0,0.0,0.63,0.03,0
0.0,0.0,0.25,0.03,0.0,0.0,0.14,0.02,0.07,0.07,0.07,0.02,0.06,0.7,0.25,0.0,0.09,0.22,0.06,0.0,0.0,0.0,0.0,0.94,0.44,0
0.02,0.0,0.25,0.01,0.0,0.0,0.07,0.02,0.05,0.02,0.03,0.06,0.0,0.85,0.23,0.0,0.07,0.2,0.04,0.02,0.04,0.0,0.0,0.54,0.2,0
0.0,0.0,0.25,0.01,0.0,0.11,0.07,0.04,0.02,0.04,0.01,0.29,0.0,0.44,0.07,0.02,0.12,0.12,0.03,0.0,0.0,0.0,0.0,0.69,0.14,0
0.03,0.0,0.25,0.01,0.0,0.06,0.14,0.04,0.23,0.08,0.06,0.02,0.0,0.73,0.41,0.0,0.09,0.22,0.03,0.0,0.02,0.0,0.0,0.99,0.32,0
0.0,0.0,0.25,0.0,0.0,0.0,0.07,0.02,0.0,0.0,0.01,0.06,0.01,0.0,0.14,0.0,0.02,0.22,0.02,0.02,0.03,0.0,0.0,0.97,0.0,0
0.01,0.0,0.25,0.0,0.0,0.02,0.09,0.02,0.0,0.03,0.01,0.11,0.07,0.26,0.34,0.0,0.05,0.11,0.01,0.01,0.02,0.0,0.0,0.44,0.0,0
0.0,0.0,0.25,0.0,0.0,0.02,0.08,0.02,0.0,0.0,0.0,0.22,0.0,0.11,0.19,0.0,0.01,0.21,0.02,0.02,0.03,0.0,0.0,0.34,0.0,0
0.0,0.0,0.25,0.0,0.0,0.29,0.07,0.05,0.0,0.0,0.0,0.18,0.13,0.0,0.26,0.06,0.04,0.11,0.12,0.13,0.07,0.0,0.0,0.98,0.0,0
0.03,0.0,0.25,0.02,0.0,0.0,0.07,0.04,0.0,0.04,0.02,0.05,0.0,0.53,0.4,0.0,0.08,0.24,0.04,0.0,0.02,0.0,0.0,0.72,0.28,0
0.0,0.0,0.25,0.01,0.0,0.0,0.07,0.02,0.0,0.01,0.0,0.13,0.0,0.7,0.46,0.02,0.01,0.16,0.03,0.0,0.05,0.0,0.0,1.0,0.0,0
0.02,0.0,0.25,0.01,0.0,0.0,0.07,0.03,0.03,0.11,0.05,0.03,0.06,0.82,0.35,0.0,0.14,0.24,0.06,0.02,0.02,0.0,0.0,0.93,0.28,0
0.0,0.0,0.25,0.0,0.0,0.0,0.25,0.02,0.0,0.0,0.01,0.07,0.0,0.0,0.17,0.0,0.01,0.2,0.07,0.07,0.08,0.0,0.0,1.0,0.0,0
0.0,0.0,0.25,0.01,0.0,0.24,0.08,0.03,0.0,0.0,0.0,0.33,0.01,0.93,0.26,0.0,0.01,0.11,0.03,0.02,0.02,0.0,0.0,0.41,0.02,0
0.01,0.08,0.25,0.01,0.0,0.0,0.07,0.02,0.0,0.12,0.02,0.09,0.04,0.42,0.32,0.02,0.01,0.11,0.04,0.0,0.02,0.0,0.0,0.8,0.13,0
0.0,0.0,0.25,0.01,0.0,0.03,0.11,0.04,0.0,0.05,0.04,0.05,0.0,0.71,0.18,0.02,0.03,0.17,0.05,0.0,0.02,0.0,0.0,0.35,0.22,0
0.01,0.01,0.25,0.01,0.0,0.06,0.14,0.05,0.3,0.0,0.01,0.03,0.0,0.51,0.19,0.16,0.04,0.22,0.07,0.03,0.02,0.0,0.0,0.32,0.25,0
0.0,0.05,0.25,0.0,0.0,0.0,0.13,0.02,0.0,0.01,0.01,0.14,0.0,0.22,0.1,0.04,0.03,0.05,0.03,0.01,0.0,0.0,0.0,0.48,0.0,0
0.0,0.05,0.25,0.0,0.0,0.1,0.1,0.03,0.0,0.0,0.01,0.16,0.0,0.26,0.1,0.02,0.01,0.05,0.03,0.0,0.01,0.0,0.0,0.32,0.0,0
0.02,0.0,0.25,0.01,0.0,0.0,0.08,0.02,0.16,0.02,0.04,0.02,0.0,0.75,0.12,0.05,0.08,0.22,0.05,0.02,0.02,0.0,0.0,0.39,0.25,0
0.0,0.0,0.25,0.0,0.0,0.0,0.07,0.02,0.0,0.06,0.02,0.19,0.04,0.3,0.41,0.32,0.02,0.15,0.32,0.37,0.05,0.0,0.0,0.72,0.0,0
0.0,0.0,0.25,0.0,0.0,0.0,0.07,0.02,0.0,0.01,0.0,0.03,0.0,0.0,0.29,0.01,0.13,0.29,0.05,0.02,0.02,0.0,0.0,0.32,0.0,0
0.0,0.15,0.25,0.0,0.0,0.15,0.07,0.06,0.0,0.0,0.0,0.68,0.0,0.0,0.06,0.03,0.01,0.06,0.02,0.01,0.0,0.0,0.0,0.6,0.13,0
0.0,0.0,0.25,0.0,0.0,0.12,0.07,0.02,0.0,0.02,0.01,0.16,0.0,0.0,0.37,0.0,0.02,0.11,0.02,0.02,0.05,0.0,0.0,0.99,0.0,0
0.0,0.26,0.25,0.0,0.0,0.0,0.07,0.02,0.0,0.0,0.0,0.1,0.0,0.0,0.01,0.03,0.06,0.01,0.04,0.0,0.0,0.0,0.0,0.92,0.0,0
0.0,0.0,0.25,0.03,0.0,0.0,0.15,0.02,0.06,0.05,0.07,0.02,0.06,0.67,0.25,0.0,0.08,0.21,0.06,0.0,0.0,0.0,0.0,0.95,0.46,0
0.0,0.0,0.25,0.01,0.0,0.08,0.14,0.04,0.02,0.1,0.04,0.04,0.04,0.71,0.33,0.0,0.05,0.15,0.05,0.0,0.03,0.0,0.0,0.72,0.25,0
0.0,0.03,0.47,0.0,0.0,0.43,0.13,0.03,0.0,0.01,0.0,0.3,0.06,0.44,0.29,0.16,0.0,0.11,0.06,0.06,0.07,0.29,0.0,0.51,0.11,0
0.0,0.0,0.31,0.0,0.0,0.13,0.09,0.03,0.01,0.02,0.0,0.47,0.0,0.16,0.38,0.0,0.05,0.14,0.02,0.01,0.01,0.0,0.0,0.81,0.0,0
0.0,0.0,0.25,0.0,0.0,0.01,0.07,0.02,0.0,0.12,0.05,0.02,0.0,0.83,0.25,0.04,0.03,0.22,0.03,0.02,0.0,0.0,0.0,1.0,0.0,0
0.0,0.0,0.25,0.01,0.0,0.0,0.14,0.03,0.01,0.03,0.03,0.04,0.0,0.77,0.36,0.0,0.04,0.2,0.03,0.02,0.02,0.0,0.0,0.85,0.0,0
0.0,0.56,0.25,0.0,0.0,0.2,0.07,0.15,0.0,0.0,0.0,0.35,0.0,0.0,0.15,0.02,0.07,0.11,0.07,0.01,0.01,0.0,0.0,0.68,0.0,0
0.0,0.06,0.25,0.03,0.0,0.05,0.13,0.03,0.03,0.12,0.04,0.04,0.0,0.69,0.3,0.01,0.08,0.18,0.05,0.0,0.02,0.0,0.0,0.68,0.0,0
0.0,0.0,0.25,0.01,0.0,0.25,0.07,0.04,0.0,0.04,0.01,0.17,0.11,0.28,0.32,0.02,0.01,0.09,0.04,0.03,0.02,0.0,0.0,0.37,0.0,0
0.0,0.0,0.25,0.01,0.0,0.0,0.07,0.03,0.02,0.12,0.02,0.03,0.04,0.47,0.4,0.0,0.07,0.22,0.04,0.0,0.02,0.0,0.0,0.7,0.0,0
0.0,0.0,0.25,0.0,0.0,0.0,0.08,0.02,0.03,0.06,0.02,0.06,0.06,0.79,0.31,0.0,0.04,0.2,0.02,0.0,0.02,0.0,0.02,0.89,0.04,0
0.01,0.0,0.25,0.01,0.0,0.2,0.07,0.06,0.0,0.0,0.02,0.18,0.04,0.27,0.29,0.0,0.04,0.15,0.07,0.01,0.02,0.0,0.0,0.8,0.08,0
0.0,0.2,0.25,0.02,0.0,0.01,0.07,0.04,0.0,0.08,0.03,0.06,0.0,0.69,0.32,0.0,0.01,0.2,0.02,0.0,0.0,0.0,0.0,0.67,0.1,0
0.02,0.0,0.25,0.01,0.0,0.01,0.14,0.02,0.01,0.88,0.01,0.01,0.01,0.95,0.17,0.3,0.06,0.22,0.19,0.0,0.0,0.0,0.0,0.63,0.0,0
0.0,0.0,0.25,0.0,0.0,0.16,0.11,0.04,0.0,0.0,0.02,0.07,0.07,0.36,0.26,0.0,0.06,0.11,0.04,0.01,0.02,0.0,0.0,0.97,0.14,0
0.0,0.0,0.25,0.02,0.0,0.14,0.13,0.03,0.0,0.01,0.0,0.14,0.0,0.65,0.21,0.0,0.0,0.29,0.02,0.0,0.01,0.0,0.0,0.5,0.0,0
0.02,0.0,0.25,0.01,0.01,0.02,0.19,0.04,0.11,0.05,0.01,0.05,0.09,0.62,0.16,0.0,0.03,0.14,0.04,0.0,0.03,0.0,0.0,0.73,0.0,0
0.0,0.0,0.25,0.0,0.0,0.09,0.13,0.06,0.05,0.07,0.02,0.11,0.0,0.51,0.28,0.0,0.04,0.2,0.04,0.0,0.02,0.0,0.0,0.47,0.0,0
0.0,0.0,0.25,0.0,0.0,0.0,0.07,0.02,0.0,0.02,0.0,0.22,0.04,0.0,0.46,0.0,0.03,0.11,0.02,0.03,0.07,0.0,0.0,0.42,0.16,0
0.0,0.02,0.25,0.0,0.0,0.13,0.07,0.02,0.0,0.02,0.0,0.37,0.0,0.0,0.36,0.1,0.0,0.11,0.03,0.03,0.03,0.0,0.0,0.51,0.0,0
0.0,0.0,0.25,0.02,0.0,0.17,0.14,0.04,0.0,0.0,0.0,0.09,0.0,0.82,0.13,0.0,0.0,0.33,0.03,0.0,0.0,0.0,0.0,0.5,0.0,0
0.0,0.0,0.25,0.01,0.0,0.0,0.07,0.03,0.0,0.03,0.0,0.18,0.0,1.0,0.5,0.02,0.02,0.12,0.03,0.0,0.07,0.0,0.0,1.0,0.0,0
0.0,0.96,0.25,0.0,0.0,0.06,0.07,0.08,0.0,0.0,0.0,0.19,0.0,0.02,0.13,0.02,0.0,0.11,0.01,0.0,0.0,0.0,0.0,0.46,0.49,1
0.02,0.0,0.25,0.01,0.0,0.09,0.07,0.03,0.06,0.02,0.03,0.04,0.06,0.68,0.22,0.0,0.07,0.2,0.04,0.02,0.03,0.0,0.02,0.51,0.2,0
0.0,0.0,0.25,0.0,0.0,0.03,0.07,0.02,0.0,0.0,0.0,0.08,0.09,0.0,0.25,0.0,0.02,0.11,0.01,0.0,0.07,0.0,0.0,0.99,0.04,0
0.0,0.34,0.25,0.0,0.0,0.21,0.07,0.08,0.0,0.0,0.0,0.35,0.0,0.0,0.03,0.02,0.0,0.01,0.02,0.02,0.01,0.0,0.0,1.0,0.0,0
0.03,0.0,0.25,0.01,0.0,0.0,0.14,0.02,0.0,0.89,0.02,0.01,0.0,0.97,0.12,0.3,0.1,0.22,0.19,0.0,0.0,0.0,0.0,0.58,0.0,0
0.0,0.0,0.27,0.01,0.0,0.0,0.15,0.02,0.07,0.0,0.01,0.01,0.0,0.55,0.37,0.0,0.03,0.22,0.06,0.0,0.02,0.0,0.0,0.88,0.0,0
0.0,0.0,0.25,0.0,0.0,0.03,0.11,0.02,0.0,0.0,0.01,0.12,0.0,0.37,0.26,0.0,0.04,0.16,0.04,0.02,0.02,0.0,0.0,0.65,0.0,0
0.0,0.01,0.25,0.01,0.0,0.25,0.13,0.06,0.0,0.0,0.02,0.15,0.0,0.54,0.23,0.02,0.01,0.11,0.06,0.0,0.02,0.0,0.0,0.3,0.0,0
0.0,0.0,0.25,0.01,0.01,0.09,0.15,0.03,0.0,0.07,0.04,0.03,0.07,0.74,0.42,0.01,0.09,0.11,0.07,0.04,0.04,0.0,0.0,0.7,0.35,0
0.01,0.0,0.25,0.0,0.0,0.0,0.09,0.02,0.0,0.31,0.0,0.12,0.0,0.29,0.21,0.1,0.04,0.14,0.07,0.0,0.0,0.0,0.0,0.88,0.0,0
0.0,0.0,0.25,0.0,0.01,0.0,0.1,0.03,0.02,0.0,0.01,0.16,0.0,0.33,0.12,0.0,0.03,0.17,0.03,0.02,0.02,0.0,0.0,0.62,0.0,0
0.0,0.0,0.25,0.0,0.01,0.28,0.21,0.02,0.0,0.01,0.0,0.2,0.0,0.04,0.13,0.0,0.05,0.12,0.02,0.02,0.1,0.32,0.0,0.99,0.0,0
0.03,0.0,0.25,0.01,0.0,0.11,0.12,0.04,0.1,0.04,0.05,0.12,0.0,0.89,0.43,0.0,0.07,0.19,0.03,0.01,0.01,0.0,0.0,0.81,0.36,0
0.01,0.0,0.25,0.01,0.0,0.19,0.1,0.05,0.0,0.01,0.0,0.06,0.13,0.46,0.45,0.0,0.1,0.11,0.03,0.0,0.02,0.0,0.0,0.59,0.1,0
0.02,0.0,0.44,0.0,0.01,0.18,0.13,0.03,0.0,0.0,0.0,0.21,0.0,0.0,0.12,0.0,0.01,0.14,0.04,0.01,0.03,0.0,0.0,0.31,0.0,0
0.0,0.0,0.25,0.01,0.0,0.0,0.07,0.02,0.0,0.02,0.02,0.14,0.0,0.95,0.54,0.0,0.02,0.15,0.02,0.01,0.04,0.0,0.0,0.32,0.08,0
0.0,0.0,0.25,0.0,0.0,0.13,0.07,0.04,0.0,0.0,0.0,0.2,0.03,0.0,0.18,0.0,0.02,0.17,0.03,0.01,0.02,0.0,0.0,0.34,0.11,0
0.01,0.0,0.25,0.0,0.01,0.0,0.14,0.02,0.0,0.0,0.0,0.11,0.31,0.04,0.25,0.0,0.03,0.21,0.03,0.03,0.19,0.31,0.0,0.37,0.48,0
0.0,0.04,0.25,0.0,0.0,0.01,0.07,0.03,0.0,0.02,0.0,0.31,0.06,0.0,0.49,0.06,0.02,0.12,0.08,0.09,0.05,0.0,0.0,0.31,0.01,0
0.02,0.0,0.25,0.02,0.0,0.0,0.07,0.02,0.0,0.22,0.04,0.02,0.07,0.77,0.37,0.02,0.01,0.11,0.05,0.0,0.03,0.0,0.0,0.72,0.25,0
0.0,0.0,0.25,0.0,0.01,0.0,0.16,0.03,0.01,0.1,0.02,0.03,0.07,0.82,0.34,0.0,0.05,0.15,0.1,0.06,0.02,0.0,0.0,0.81,0.0,0
0.0,0.0,0.25,0.0,0.0,0.04,0.07,0.01,0.03,0.08,0.02,0.03,0.02,0.76,0.6,0.01,0.06,0.22,0.03,0.0,0.02,0.0,0.0,1.0,0.0,0
0.0,0.0,0.13,0.01,0.0,0.0,0.08,0.02,0.0,0.04,0.03,0.16,0.07,0.27,0.13,0.02,0.11,0.06,0.03,0.01,0.01,0.0,0.0,0.6,0.0,0
0.0,0.0,0.25,0.0,0.0,0.0,0.07,0.02,0.0,0.0,0.01,0.08,0.0,0.34,0.23,0.03,0.0,0.22,0.05,0.0,0.03,0.0,0.0,0.92,0.0,0
0.0,0.09,0.25,0.0,0.0,0.0,0.07,0.02,0.0,0.01,0.0,0.2,0.0,0.02,0.01,0.04,0.02,0.01,0.0,0.0,0.0,0.0,0.0,0.32,0.0,0
0.01,0.0,0.25,0.01,0.0,0.0,0.07,0.02,0.0,0.13,0.02,0.05,0.07,0.46,0.32,0.01,0.01,0.11,0.03,0.0,0.05,0.0,0.0,0.84,0.15,0
0.0,0.01,0.25,0.01,0.0,0.17,0.07,0.03,0.0,0.0,0.01,0.28,0.0,0.85,0.22,0.0,0.01,0.14,0.03,0.02,0.03,0.0,0.0,0.38,0.0,0
0.0,0.0,0.25,0.0,0.0,0.01,0.08,0.03,0.0,0.01,0.02,0.04,0.0,0.71,0.15,0.0,0.09,0.21,0.03,0.03,0.02,0.0,0.0,0.21,0.03,0
0.0,0.0,0.25,0.01,0.0,0.1,0.07,0.03,0.0,0.08,0.01,0.15,0.07,0.37,0.45,0.13,0.01,0.11,0.08,0.02,0.07,0.0,0.0,0.77,0.0,0
0.0,0.0,0.25,0.0,0.0,0.4,0.08,0.02,0.0,0.02,0.0,0.15,0.39,0.1,0.55,0.0,0.01,0.11,0.02,0.02,0.11,0.0,0.0,0.61,0.21,0
0.0,0.0,0.25,0.0,0.0,0.13,0.07,0.04,0.0,0.01,0.0,0.16,0.04,0.46,0.43,0.0,0.04,0.11,0.03,0.0,0.05,0.0,0.0,1.0,0.0,0
0.0,0.04,0.25,0.01,0.01,0.03,0.07,0.02,0.0,0.08,0.0,0.11,0.03,0.47,0.39,0.03,0.1,0.06,0.01,0.0,0.01,0.0,0.0,0.33,0.39,0
0.0,0.0,0.25,0.0,0.0,0.22,0.11,0.03,0.0,0.04,0.0,0.25,0.0,0.0,0.25,0.03,0.02,0.11,0.05,0.04,0.03,0.0,0.0,0.38,0.06,0
0.0,0.03,0.25,0.0,0.0,0.01,0.07,0.02,0.0,0.0,0.0,0.79,0.0,0.0,0.01,0.04,0.01,0.01,0.02,0.02,0.0,0.0,0.0,0.97,0.0,0
0.0,0.0,0.25,0.01,0.0,0.12,0.11,0.04,0.0,0.06,0.03,0.08,0.0,0.83,0.19,0.02,0.0,0.22,0.04,0.0,0.01,0.0,0.0,0.47,0.26,0
0.0,0.0,0.25,0.0,0.0,0.0,0.07,0.02,0.0,0.01,0.0,0.23,0.0,0.32,0.41,0.01,0.01,0.11,0.02,0.02,0.11,0.0,0.0,1.0,0.0,0
0.0,0.0,0.25,0.0,0.0,0.01,0.07,0.02,0.0,0.0,0.0,0.25,0.0,0.02,0.37,0.0,0.01,0.11,0.02,0.02,0.12,0.0,0.0,0.98,0.01,1
0.0,0.0,0.25,0.0,0.0,0.14,0.14,0.02,0.0,0.0,0.0,0.14,0.0,0.0,0.12,0.0,0.04,0.17,0.02,0.02,0.06,0.16,0.0,0.72,0.0,0
0.0,0.0,0.25,0.02,0.0,0.0,0.11,0.02,0.0,0.02,0.03,0.05,0.0,0.71,0.23,0.0,0.03,0.17,0.04,0.01,0.01,0.0,0.01,0.25,0.0,0
0.0,0.0,0.25,0.0,0.0,0.0,0.07,0.06,0.0,0.03,0.0,0.16,0.0,0.03,0.25,0.0,0.07,0.54,0.01,0.0,0.0,0.0,0.09,0.77,0.01,1
0.0,0.0,0.25,0.01,0.0,0.0,0.07,0.02,0.0,0.2,0.07,0.02,0.0,0.64,0.34,0.04,0.08,0.14,0.05,0.02,0.0,0.0,0.0,0.71,0.0,0
0.0,0.0,0.09,0.0,0.0,0.0,0.08,0.02,0.0,0.01,0.01,0.31,0.0,0.19,0.17,0.03,0.02,0.11,0.03,0.01,0.0,0.0,0.0,0.59,0.0,0
0.0,0.0,0.25,0.0,0.0,0.09,0.13,0.06,0.05,0.04,0.02,0.19,0.0,0.52,0.36,0.0,0.02,0.2,0.03,0.0,0.02,0.0,0.0,0.44,0.0,0
0.01,0.0,0.25,0.01,0.0,0.0,0.11,0.04,0.06,0.06,0.07,0.02,0.0,0.92,0.2,0.0,0.18,0.29,0.03,0.0,0.0,0.0,0.0,0.7,0.29,0
0.0,0.0,0.25,0.01,0.0,0.0,0.09,0.02,0.0,0.0,0.01,0.06,0.05,0.22,0.21,0.0,0.02,0.14,0.02,0.01,0.06,0.0,0.01,0.77,0.0,0
0.0,0.0,0.25,0.0,0.0,0.02,0.14,0.02,0.0,0.02,0.01,0.08,0.01,0.0,0.38,0.0,0.06,0.11,0.06,0.04,0.07,0.0,0.0,1.0,0.0,0
0.0,0.0,0.25,0.0,0.0,0.05,0.07,0.03,0.0,0.0,0.01,0.2,0.0,0.07,0.14,0.0,0.03,0.21,0.03,0.02,0.03,0.0,0.0,0.76,0.03,0
0.0,0.0,0.27,0.0,0.0,0.21,0.08,0.06,0.0,0.01,0.0,0.13,0.06,0.06,0.26,0.0,0.08,0.12,0.05,0.0,0.02,0.0,0.0,0.28,0.23,0
0.0,0.0,0.25,0.01,0.0,0.04,0.13,0.05,0.0,0.06,0.04,0.06,0.01,0.71,0.15,0.03,0.08,0.29,0.06,0.02,0.02,0.0,0.0,0.4,0.21,0
0.0,0.0,0.25,0.01,0.0,0.1,0.14,0.03,0.09,0.05,0.01,0.04,0.0,0.74,0.54,0.0,0.07,0.14,0.05,0.0,0.07,0.0,0.0,0.55,0.0,0
0.0,0.0,0.25,0.0,0.0,0.06,0.07,0.03,0.0,0.0,0.01,0.09,0.0,0.09,0.12,0.0,0.04,0.22,0.02,0.01,0.02,0.0,0.0,0.72,0.0,0
0.0,0.0,0.25,0.0,0.0,0.0,0.07,0.02,0.0,0.08,0.0,0.1,0.0,0.0,0.47,0.0,0.03,0.19,0.01,0.0,0.02,0.0,0.0,0.77,0.0,0
0.0,0.0,0.43,0.01,0.01,0.04,0.19,0.05,0.0,0.29,0.05,0.03,0.0,0.85,0.29,0.04,0.05,0.14,0.06,0.02,0.04,0.0,0.0,0.53,0.54,0
0.0,0.19,0.25,0.0,0.0,0.5,0.08,0.1,0.0,0.01,0.01,0.69,0.0,0.05,0.38,0.04,0.06,0.22,0.02,0.02,0.0,0.0,0.01,0.91,0.28,0
0.0,0.0,0.25,0.01,0.0,0.0,0.14,0.02,0.02,0.05,0.03,0.05,0.02,0.44,0.25,0.0,0.06,0.15,0.03,0.0,0.02,0.0,0.0,0.74,0.33,0
0.0,0.13,0.25,0.0,0.0,0.18,0.07,0.06,0.0,0.0,0.0,0.36,0.0,0.0,0.19,0.01,0.0,0.11,0.03,0.02,0.01,0.0,0.0,0.61,0.12,0
0.0,0.0,0.25,0.01,0.0,0.05,0.08,0.04,0.0,0.21,0.04,0.05,0.0,0.77,0.15,0.03,0.03,0.31,0.06,0.02,0.01,0.0,0.0,0.66,0.23,0
0.0,0.0,0.25,0.01,0.0,0.0,0.07,0.02,0.01,0.05,0.01,0.08,0.0,0.66,0.37,0.0,0.02,0.12,0.03,0.0,0.0,0.0,0.0,0.29,0.0,0
0.01,0.0,0.25,0.01,0.0,0.01,0.09,0.04,0.03,0.09,0.05,0.04,0.0,0.84,0.22,0.01,0.21,0.22,0.04,0.0,0.0,0.0,0.06,0.38,0.37,1
0.0,0.0,0.25,0.01,0.0,0.19,0.13,0.05,0.0,0.0,0.02,0.1,0.0,0.5,0.27,0.0,0.01,0.17,0.06,0.0,0.02,0.0,0.0,0.43,0.0,0
0.0,0.0,0.25,0.0,0.0,0.22,0.07,0.06,0.0,0.0,0.0,0.21,0.06,0.0,0.49,0.0,0.05,0.11,0.05,0.0,0.02,0.0,0.0,0.93,0.0,0
0.0,0.0,0.25,0.0,0.0,0.02,0.08,0.03,0.0,0.12,0.0,0.07,0.0,0.14,0.34,0.01,0.08,0.11,0.05,0.0,0.02,0.0,0.0,0.79,0.04,0
0.0,0.0,0.25,0.01,0.0,0.15,0.18,0.03,0.0,0.09,0.0,0.1,0.0,0.63,0.55,0.0,0.1,0.11,0.05,0.05,0.05,0.0,0.04,0.37,0.2,1
0.0,0.0,0.25,0.0,0.0,0.0,0.07,0.02,0.0,0.01,0.0,0.16,0.0,0.39,0.37,0.0,0.01,0.11,0.11,0.01,0.02,0.0,0.0,0.26,0.0,0
0.03,0.0,0.25,0.0,0.01,0.04,0.12,0.03,0.0,0.04,0.03,0.09,0.05,0.61,0.28,0.0,0.05,0.11,0.04,0.02,0.05,0.0,0.0,1.0,0.0,0
0.02,0.0,0.25,0.01,0.0,0.08,0.07,0.03,0.0,0.11,0.03,0.04,0.09,0.8,0.46,0.02,0.08,0.11,0.03,0.01,0.02,0.0,0.0,0.46,0.0,0
0.0,0.0,0.25,0.0,0.0,0.0,0.2,0.02,0.0,0.0,0.01,0.07,0.0,0.13,0.18,0.02,0.0,0.22,0.06,0.04,0.05,0.0,0.0,1.0,0.0,0
0.0,0.0,0.25,0.0,0.0,0.22,0.14,0.05,0.0,0.07,0.02,0.1,0.02,0.56,0.29,0.0,0.02,0.11,0.04,0.01,0.03,0.0,0.0,0.76,0.0,0
0.0,0.0,0.25,0.0,0.0,0.04,0.1,0.04,0.02,0.02,0.03,0.07,0.0,0.76,0.17,0.0,0.01,0.15,0.04,0.01,0.02,0.0,0.0,0.79,0.0,0
0.0,0.0,0.25,0.0,0.0,0.22,0.07,0.03,0.01,0.05,0.02,0.03,0.27,0.36,0.42,0.01,0.07,0.15,0.06,0.01,0.02,0.0,0.0,0.52,0.0,0
0.02,0.0,0.25,0.01,0.01,0.03,0.14,0.03,0.0,0.02,0.03,0.04,0.03,0.71,0.18,0.0,0.06,0.17,0.04,0.01,0.02,0.0,0.0,0.62,0.0,0
0.0,0.0,0.25,0.02,0.0,0.1,0.11,0.05,0.0,0.06,0.02,0.08,0.03,0.51,0.52,0.01,0.08,0.11,0.04,0.0,0.01,0.0,0.06,0.59,0.14,0
0.0,0.07,0.25,0.0,0.0,0.0,0.07,0.02,0.0,0.0,0.01,0.08,0.0,0.0,0.09,0.01,0.04,0.17,0.02,0.02,0.02,0.0,0.0,0.6,0.0,0
0.01,0.0,0.37,0.0,0.01,0.06,0.11,0.02,0.0,0.01,0.0,0.14,0.0,0.0,0.26,0.0,0.02,0.11,0.06,0.05,0.08,0.0,0.0,0.67,0.0,0
0.0,0.0,0.25,0.0,0.0,0.23,0.07,0.06,0.0,0.0,0.0,0.12,0.2,0.0,0.25,0.0,0.06,0.11,0.05,0.0,0.02,0.0,0.0,0.94,0.25,0
0.04,0.0,0.25,0.01,0.0,0.05,0.17,0.04,0.11,0.04,0.06,0.03,0.0,0.71,0.44,0.0,0.08,0.22,0.04,0.01,0.01,0.0,0.0,0.99,0.42,0
0.0,0.0,0.25,0.01,0.0,0.0,0.07,0.02,0.02,0.04,0.01,0.11,0.03,0.89,0.45,0.0,0.02,0.16,0.02,0.0,0.05,0.0,0.0,1.0,0.0,0
0.0,0.0,0.32,0.0,0.0,0.35,0.11,0.03,0.0,0.14,0.02,0.13,0.33,0.26,0.51,0.02,0.03,0.11,0.03,0.02,0.1,0.0,0.0,0.56,0.4,0
0.01,0.0,0.33,0.0,0.0,0.0,0.12,0.02,0.0,0.0,0.01,0.17,0.0,0.2,0.17,0.0,0.0,0.19,0.03,0.02,0.02,0.0,0.0,0.31,0.0,0
0.0,0.05,0.25,0.01,0.0,0.15,0.12,0.04,0.0,0.0,0.01,0.1,0.04,0.19,0.28,0.0,0.08,0.11,0.09,0.03,0.03,0.0,0.0,0.76,0.0,0
0.0,0.12,0.25,0.02,0.0,0.02,0.2,0.02,0.0,0.0,0.03,0.03,0.02,0.51,0.15,0.0,0.12,0.11,0.14,0.08,0.05,0.0,0.0,0.38,0.0,0
0.0,0.0,0.25,0.07,0.0,0.0,0.12,0.03,0.19,0.04,0.07,0.06,0.0,0.9,0.36,0.0,0.07,0.19,0.07,0.02,0.04,0.0,0.0,1.0,0.0,0
0.0,0.0,0.25,0.01,0.0,0.0,0.07,0.02,0.0,0.02,0.01,0.07,0.0,0.87,0.25,0.0,0.04,0.11,0.02,0.0,0.05,0.0,0.0,0.33,0.0,0
0.03,0.0,0.25,0.02,0.0,0.08,0.07,0.06,0.0,0.01,0.05,0.07,0.0,0.85,0.12,0.0,0.04,0.26,0.09,0.02,0.02,0.0,0.0,0.53,0.33,0
0.0,0.0,0.25,0.01,0.0,0.07,0.12,0.03,0.0,0.05,0.01,0.13,0.0,0.31,0.17,0.0,0.02,0.18,0.04,0.02,0.02,0.0,0.0,0.79,0.0,0
0.0,0.1,0.25,0.0,0.0,0.0,0.14,0.03,0.02,0.02,0.03,0.03,0.0,0.47,0.15,0.0,0.1,0.16,0.06,0.03,0.02,0.0,0.0,0.36,0.11,0
0.0,0.0,0.25,0.01,0.0,0.0,0.07,0.02,0.0,0.05,0.01,0.09,0.0,0.7,0.41,0.0,0.01,0.11,0.02,0.0,0.01,0.0,0.0,0.35,0.0,0
0.0,0.0,0.25,0.01,0.0,0.0,0.09,0.02,0.0,0.03,0.0,0.16,0.0,0.8,0.6,0.0,0.02,0.11,0.02,0.0,0.04,0.0,0.0,0.42,0.07,0
0.0,0.0,0.25,0.0,0.0,0.03,0.13,0.03,0.03,0.08,0.02,0.05,0.0,0.62,0.27,0.0,0.04,0.22,0.03,0.0,0.05,0.0,0.0,0.68,0.0,0
0.0,0.0,0.25,0.0,0.0,0.17,0.12,0.05,0.06,0.07,0.03,0.04,0.09,0.61,0.42,0.01,0.05,0.22,0.04,0.0,0.04,0.0,0.0,0.62,0.16,0
0.0,0.0,0.25,0.0,0.0,0.0,0.07,0.02,0.0,0.02,0.0,0.17,0.0,0.0,0.41,0.0,0.06,0.15,0.02,0.01,0.06,0.0,0.0,0.68,0.0,0
0.0,0.0,0.25,0.0,0.0,0.0,0.07,0.02,0.0,0.02,0.0,0.12,0.05,0.0,0.3,0.0,0.03,0.14,0.01,0.01,0.02,0.0,0.0,0.42,0.0,0
0.0,0.0,0.25,0.0,0.0,0.25,0.08,0.06,0.0,0.01,0.01,0.13,0.06,0.12,0.25,0.0,0.06,0.11,0.05,0.0,0.02,0.0,0.0,0.41,0.21,0
0.0,0.16,0.27,0.0,0.0,0.01,0.08,0.03,0.0,0.04,0.01,0.15,0.0,0.08,0.25,0.02,0.02,0.11,0.02,0.0,0.03,0.0,0.0,0.85,0.07,0
0.0,0.0,0.25,0.01,0.0,0.12,0.14,0.04,0.0,0.07,0.01,0.1,0.0,0.49,0.12,0.0,0.03,0.22,0.05,0.02,0.02,0.0,0.0,0.67,0.0,0
0.0,0.0,0.25,0.04,0.0,0.02,0.07,0.05,0.0,0.06,0.04,0.05,0.03,0.9,0.45,0.01,0.14,0.11,0.13,0.0,0.02,0.0,0.0,0.44,0.6,0
0.0,0.0,0.25,0.0,0.0,0.0,0.07,0.02,0.0,0.0,0.01,0.17,0.0,0.27,0.21,0.06,0.0,0.18,0.05,0.01,0.02,0.0,0.0,0.93,0.0,0
0.0,0.03,0.25,0.02,0.0,0.02,0.07,0.03,0.0,0.09,0.04,0.06,0.0,0.79,0.35,0.0,0.01,0.21,0.03,0.0,0.0,0.0,0.0,0.75,0.0,0
0.0,0.0,0.25,0.03,0.0,0.07,0.14,0.03,0.03,0.14,0.05,0.03,0.0,0.81,0.38,0.0,0.09,0.22,0.05,0.0,0.02,0.0,0.0,0.58,0.01,0
0.01,0.0,0.25,0.0,0.0,0.0,0.07,0.02,0.0,0.06,0.03,0.09,0.0,0.45,0.38,0.01,0.19,0.11,0.02,0.01,0.06,0.0,0.0,0.53,0.12,0
0.0,0.05,0.25,0.0,0.0,0.06,0.12,0.04,0.05,0.0,0.03,0.04,0.0,0.56,0.12,0.01,0.14,0.22,0.07,0.01,0.01,0.0,0.0,0.33,0.17,0
0.0,0.0,0.48,0.0,0.0,0.05,0.14,0.02,0.0,0.0,0.01,0.11,0.0,0.37,0.26,0.0,0.03,0.11,0.03,0.0,0.03,0.0,0.0,0.63,0.0,1
0.0,0.0,0.25,0.0,0.0,0.0,0.14,0.02,0.02,0.0,0.0,0.08,0.22,0.19,0.29,0.0,0.03,0.22,0.03,0.01,0.14,0.22,0.0,0.55,0.33,0
0.0,0.24,0.25,0.01,0.0,0.08,0.07,0.07,0.0,0.05,0.0,0.18,0.04,0.33,0.54,0.01,0.05,0.11,0.05,0.01,0.03,0.0,0.0,0.45,0.0,0
0.0,0.0,0.25,0.01,0.0,0.0,0.09,0.02,0.02,0.03,0.03,0.05,0.05,0.76,0.21,0.0,0.03,0.22,0.03,0.01,0.02,0.0,0.01,0.75,0.0,0
0.0,0.0,0.25,0.0,0.0,0.0,0.07,0.02,0.0,0.02,0.0,0.12,0.0,0.21,0.43,0.0,0.03,0.11,0.0,0.0,0.03,0.0,0.0,0.58,0.0,0
0.0,0.0,0.25,0.01,0.0,0.0,0.07,0.02,0.0,0.06,0.01,0.1,0.0,0.25,0.38,0.0,0.01,0.14,0.01,0.0,0.02,0.0,0.0,0.42,0.0,0
0.02,0.0,0.25,0.01,0.01,0.06,0.2,0.04,0.0,0.02,0.0,0.07,0.13,0.52,0.18,0.0,0.03,0.11,0.05,0.0,0.02,0.0,0.0,0.57,0.05,0
0.0,0.0,0.25,0.0,0.0,0.01,0.07,0.02,0.0,0.0,0.01,0.11,0.0,0.03,0.39,0.0,0.0,0.11,0.05,0.04,0.03,0.0,0.0,0.53,0.0,0
0.0,0.0,0.25,0.01,0.0,0.0,0.14,0.02,0.07,0.22,0.05,0.03,0.0,0.8,0.25,0.04,0.17,0.22,0.04,0.0,0.0,0.0,0.0,0.77,0.0,0
0.0,0.0,0.25,0.0,0.0,0.06,0.1,0.03,0.02,0.0,0.02,0.14,0.0,0.2,0.12,0.01,0.09,0.22,0.04,0.01,0.02,0.0,0.0,0.61,0.09,0
0.0,0.0,0.25,0.01,0.0,0.1,0.13,0.03,0.0,0.02,0.01,0.05,0.0,0.68,0.55,0.0,0.06,0.13,0.05,0.0,0.07,0.0,0.0,0.42,0.0,1
0.0,0.0,0.25,0.01,0.0,0.03,0.1,0.05,0.0,0.19,0.05,0.08,0.0,0.43,0.37,0.03,0.11,0.27,0.04,0.01,0.02,0.0,0.0,0.86,0.0,0
0.04,0.01,0.25,0.03,0.01,0.05,0.08,0.09,0.03,0.14,0.12,0.05,0.0,0.95,0.12,0.04,0.08,0.21,0.04,0.0,0.0,0.0,0.0,0.18,0.23,0
0.0,0.0,0.25,0.02,0.0,0.0,0.08,0.03,0.04,0.03,0.01,0.16,0.0,0.98,0.58,0.0,0.03,0.13,0.03,0.0,0.07,0.0,0.0,1.0,0.0,0
0.0,0.0,0.25,0.01,0.0,0.0,0.07,0.02,0.03,0.2,0.03,0.03,0.07,0.76,0.5,0.0,0.03,0.22,0.06,0.0,0.02,0.0,0.0,0.68,0.0,0
0.0,0.0,0.25,0.0,0.0,0.47,0.07,0.03,0.0,0.02,0.0,0.18,0.46,0.0,0.61,0.0,0.01,0.11,0.02,0.02,0.12,0.0,0.0,0.62,0.24,0
0.01,0.03,0.25,0.01,0.0,0.21,0.1,0.04,0.04,0.04,0.04,0.29,0.0,0.37,0.17,0.18,0.12,0.2,0.08,0.05,0.0,0.0,0.0,0.51,0.2,0
0.0,0.0,0.25,0.01,0.0,0.0,0.07,0.02,0.0,0.05,0.01,0.08,0.0,0.64,0.38,0.0,0.01,0.11,0.02,0.0,0.0,0.0,0.0,0.27,0.0,0
0.0,0.0,0.25,0.0,0.0,0.08,0.1,0.06,0.0,0.02,0.01,0.14,0.0,0.22,0.25,0.0,0.04,0.4,0.03,0.0,0.01,0.0,0.06,0.61,0.0,0
0.0,0.0,0.25,0.0,0.0,0.04,0.07,0.02,0.0,0.04,0.02,0.14,0.0,0.29,0.17,0.01,0.03,0.22,0.03,0.02,0.02,0.0,0.0,0.86,0.0,0
0.0,0.0,0.25,0.0,0.0,0.21,0.07,0.05,0.01,0.02,0.01,0.08,0.05,0.23,0.22,0.0,0.13,0.14,0.05,0.0,0.02,0.0,0.0,0.84,0.07,0
0.0,0.02,0.25,0.0,0.0,0.05,0.07,0.02,0.0,0.0,0.0,0.22,0.0,0.0,0.22,0.02,0.01,0.11,0.03,0.02,0.02,0.0,0.0,0.88,0.0,0
0.03,0.0,0.25,0.02,0.01,0.02,0.16,0.05,0.01,0.07,0.05,0.06,0.08,0.79,0.12,0.01,0.04,0.15,0.05,0.0,0.02,0.0,0.0,0.45,0.09,0
0.0,0.0,0.4,0.01,0.01,0.13,0.16,0.05,0.0,0.24,0.04,0.29,0.0,0.54,0.15,0.04,0.03,0.07,0.04,0.01,0.03,0.0,0.0,0.64,0.46,0
0.0,0.03,0.25,0.02,0.0,0.11,0.13,0.06,0.0,0.08,0.01,0.07,0.0,0.81,0.12,0.05,0.05,0.13,0.1,0.02,0.02,0.0,0.0,0.69,0.2,0
0.0,0.0,0.25,0.0,0.0,0.0,0.07,0.02,0.0,0.0,0.0,0.07,0.03,0.0,0.19,0.0,0.01,0.17,0.01,0.01,0.05,0.0,0.0,1.0,0.0,0
0.0,0.0,0.25,0.0,0.0,0.02,0.07,0.02,0.0,0.0,0.01,0.14,0.0,0.0,0.13,0.0,0.0,0.11,0.16,0.02,0.02,0.0,0.0,0.23,0.02,0
0.0,0.0,0.25,0.0,0.0,0.0,0.07,0.02,0.0,0.12,0.01,0.1,0.0,0.1,0.49,0.01,0.03,0.11,0.01,0.0,0.02,0.0,0.0,0.75,0.0,0
0.0,0.0,0.25,0.0,0.0,0.0,0.11,0.02,0.0,0.01,0.0,0.19,0.02,0.23,0.61,0.0,0.03,0.11,0.07,0.07,0.04,0.0,0.0,0.97,0.0,0
0.0,0.0,0.25,0.0,0.0,0.16,0.12,0.06,0.0,0.05,0.02,0.12,0.03,0.52,0.3,0.0,0.04,0.11,0.04,0.0,0.02,0.0,0.0,0.75,0.0,0
0.0,0.0,0.25,0.04,0.01,0.01,0.14,0.04,0.03,0.07,0.02,0.06,0.0,0.88,0.24,0.0,0.03,0.12,0.04,0.0,0.02,0.0,0.0,0.98,0.01,1
0.0,0.0,0.25,0.0,0.0,0.0,0.08,0.03,0.0,0.03,0.0,0.25,0.06,0.09,0.46,0.0,0.03,0.13,0.04,0.04,0.09,0.0,0.0,0.39,0.25,0
0.0,0.0,0.25,0.0,0.0,0.19,0.12,0.05,0.0,0.01,0.0,0.13,0.08,0.37,0.42,0.01,0.07,0.11,0.04,0.0,0.04,0.0,0.0,0.97,0.16,0
0.0,0.0,0.38,0.0,0.0,0.27,0.21,0.04,0.0,0.01,0.0,0.09,0.03,0.26,0.32,0.0,0.05,0.11,0.05,0.04,0.08,0.17,0.0,0.4,0.25,0
0.0,0.0,0.25,0.0,0.0,0.0,0.07,0.02,0.0,0.0,0.0,0.09,0.06,0.0,0.23,0.0,0.01,0.11,0.03,0.0,0.07,0.0,0.0,0.88,0.0,0
0.0,0.0,0.25,0.01,0.0,0.0,0.07,0.02,0.0,0.02,0.0,0.22,0.01,0.82,0.71,0.01,0.01,0.11,0.03,0.02,0.03,0.0,0.0,0.32,0.0,0
0.0,0.0,0.25,0.0,0.0,0.09,0.13,0.05,0.0,0.0,0.01,0.06,0.07,0.51,0.27,0.0,0.15,0.2,0.04,0.0,0.0,0.0,0.03,0.45,0.2,1
0.0,0.25,0.25,0.02,0.0,0.08,0.07,0.08,0.0,0.02,0.0,0.21,0.0,0.4,0.21,0.01,0.03,0.11,0.07,0.01,0.03,0.0,0.0,0.53,0.16,0
0.01,0.0,0.25,0.01,0.0,0.11,0.11,0.11,0.0,0.0,0.02,0.09,0.0,0.76,0.12,0.0,0.04,0.33,0.04,0.0,0.01,0.0,0.0,0.57,0.24,0
0.0,0.0,0.25,0.03,0.0,0.01,0.14,0.04,0.0,0.09,0.03,0.04,0.0,0.89,0.59,0.02,0.08,0.12,0.04,0.0,0.0,0.0,0.1,0.3,0.25,0
0.0,0.14,0.25,0.0,0.0,0.04,0.07,0.05,0.0,0.02,0.0,0.41,0.0,0.0,0.68,0.01,0.03,0.13,0.01,0.01,0.02,0.0,0.0,0.59,0.04,0
0.0,0.0,0.45,0.01,0.01,0.07,0.2,0.05,0.0,0.33,0.05,0.04,0.0,0.8,0.22,0.05,0.05,0.14,0.07,0.02,0.04,0.0,0.0,0.47,0.59,0
0.0,0.0,0.25,0.0,0.0,0.0,0.07,0.02,0.0,0.04,0.01,0.26,0.0,0.17,0.48,0.0,0.0,0.13,0.01,0.0,0.04,0.0,0.0,0.55,0.0,0
0.0,0.0,0.25,0.0,0.0,0.16,0.1,0.03,0.02,0.05,0.0,0.12,0.02,0.0,0.71,0.01,0.01,0.18,0.03,0.01,0.03,0.0,0.0,0.96,0.16,0
0.0,0.02,0.25,0.0,0.0,0.21,0.09,0.03,0.0,0.03,0.0,0.57,0.0,0.15,0.16,0.02,0.01,0.02,0.02,0.02,0.01,0.0,0.0,0.96,0.0,0
0.01,0.0,0.25,0.01,0.0,0.15,0.07,0.03,0.02,0.09,0.03,0.06,0.1,0.56,0.38,0.0,0.08,0.17,0.05,0.02,0.02,0.0,0.0,0.66,0.12,0
0.02,0.02,0.25,0.02,0.0,0.11,0.07,0.05,0.0,0.0,0.04,0.08,0.0,0.78,0.12,0.0,0.0,0.22,0.1,0.02,0.02,0.0,0.0,0.53,0.22,0
0.02,0.0,0.25,0.03,0.02,0.0,0.07,0.02,0.0,0.0,0.0,0.05,0.0,0.98,0.12,0.0,0.08,0.13,0.05,0.0,0.02,0.0,0.0,1.0,0.0,0
0.01,0.0,0.25,0.01,0.01,0.03,0.14,0.03,0.0,0.09,0.0,0.04,0.1,0.79,0.45,0.01,0.1,0.11,0.03,0.0,0.02,0.0,0.0,0.48,0.39,0
0.0,0.0,0.25,0.0,0.0,0.0,0.18,0.02,0.0,0.0,0.0,0.11,0.24,0.0,0.22,0.0,0.02,0.22,0.03,0.03,0.17,0.24,0.0,0.55,0.37,0
0.0,0.0,0.25,0.01,0.0,0.14,0.07,0.03,0.0,0.04,0.0,0.26,0.0,0.61,0.35,0.0,0.01,0.11,0.02,0.01,0.02,0.0,0.0,0.52,0.0,0
0.0,0.0,0.39,0.0,0.0,0.13,0.11,0.04,0.0,0.0,0.0,0.15,0.03,0.23,0.41,0.0,0.04,0.11,0.04,0.0,0.02,0.0,0.0,0.77,0.0,0
0.0,0.07,0.25,0.01,0.0,0.0,0.14,0.03,0.0,0.04,0.03,0.04,0.0,0.6,0.12,0.02,0.06,0.22,0.07,0.03,0.02,0.0,0.0,0.3,0.13,0
0.0,0.01,0.25,0.0,0.0,0.0,0.07,0.02,0.0,0.08,0.0,0.13,0.0,0.0,0.25,0.01,0.06,0.08,0.03,0.0,0.02,0.0,0.0,0.86,0.0,0
0.0,0.0,0.25,0.01,0.0,0.0,0.07,0.02,0.0,0.02,0.0,0.15,0.0,0.66,0.46,0.0,0.02,0.15,0.02,0.01,0.06,0.0,0.0,0.82,0.0,0
0.0,0.0,0.32,0.01,0.0,0.24,0.13,0.04,0.0,0.11,0.01,0.07,0.17,0.61,0.57,0.16,0.02,0.11,0.1,0.02,0.02,0.0,0.0,0.57,0.0,0
0.0,0.0,0.25,0.01,0.01,0.0,0.07,0.02,0.0,0.0,0.0,0.2,0.0,0.2,0.12,0.0,0.02,0.2,0.03,0.02,0.02,0.0,0.0,0.46,0.0,0
0.0,0.0,0.25,0.0,0.0,0.12,0.12,0.05,0.28,0.11,0.02,0.03,0.03,0.48,0.28,0.0,0.06,0.19,0.03,0.01,0.04,0.0,0.0,0.83,0.0,0
0.02,0.0,0.46,0.02,0.0,0.0,0.13,0.02,0.0,0.05,0.0,0.05,0.01,0.64,0.27,0.0,0.01,0.11,0.05,0.02,0.02,0.0,0.0,0.31,0.0,0
0.0,0.0,0.25,0.02,0.01,0.11,0.14,0.04,0.0,0.15,0.01,0.09,0.0,0.73,0.72,0.0,0.04,0.11,0.03,0.0,0.02,0.0,0.0,0.78,0.03,0
0.0,0.0,0.15,0.0,0.0,0.0,0.04,0.02,0.12,0.0,0.08,0.13,0.0,0.45,0.22,0.03,0.06,0.13,0.02,0.0,0.0,0.0,0.0,1.0,0.0,0
0.0,0.0,0.25,0.01,0.0,0.0,0.1,0.02,0.02,0.05,0.01,0.13,0.0,0.91,0.41,0.01,0.01,0.15,0.02,0.0,0.06,0.0,0.0,0.93,0.0,0
0.0,0.0,0.25,0.0,0.0,0.12,0.13,0.02,0.0,0.02,0.0,0.33,0.0,0.0,0.51,0.0,0.02,0.11,0.01,0.01,0.05,0.13,0.0,0.8,0.0,0
0.0,0.0,0.25,0.04,0.0,0.0,0.14,0.02,0.11,0.02,0.04,0.08,0.2,0.34,0.25,0.0,0.06,0.22,0.05,0.02,0.13,0.2,0.0,0.63,0.3,0
0.01,0.0,0.25,0.0,0.0,0.14,0.1,0.05,0.0,0.01,0.01,0.11,0.04,0.33,0.28,0.0,0.06,0.15,0.05,0.01,0.02,0.0,0.0,0.91,0.0,0
0.01,0.0,0.25,0.01,0.0,0.0,0.07,0.02,0.04,0.02,0.03,0.03,0.0,0.51,0.22,0.01,0.07,0.31,0.04,0.01,0.02,0.0,0.0,0.57,0.16,0
0.02,0.0,0.25,0.01,0.0,0.01,0.09,0.04,0.01,0.1,0.07,0.02,0.0,0.93,0.4,0.03,0.34,0.13,0.05,0.02,0.02,0.0,0.05,0.83,0.35,1
0.0,0.0,0.25,0.01,0.0,0.16,0.08,0.04,0.0,0.02,0.01,0.04,0.19,0.44,0.36,0.03,0.01,0.11,0.07,0.01,0.03,0.04,0.04,0.68,0.03,0
0.02,0.0,0.25,0.01,0.0,0.28,0.13,0.07,0.0,0.04,0.03,0.21,0.0,0.53,0.19,0.01,0.0,0.08,0.05,0.0,0.0,0.0,0.0,1.0,0.0,0
0.0,0.0,0.25,0.01,0.0,0.0,0.08,0.02,0.0,0.07,0.01,0.07,0.06,0.53,0.7,0.0,0.03,0.12,0.03,0.02,0.05,0.0,0.0,0.42,0.0,0
0.04,0.0,0.25,0.03,0.0,0.0,0.07,0.06,0.0,0.02,0.03,0.06,0.0,0.95,0.21,0.0,0.11,0.29,0.05,0.0,0.01,0.0,0.0,0.59,0.41,0
0.0,0.0,0.25,0.0,0.0,0.01,0.07,0.02,0.0,0.0,0.01,0.08,0.01,0.07,0.16,0.0,0.03,0.21,0.02,0.02,0.02,0.0,0.0,0.45,0.0,0
0.0,0.0,0.25,0.0,0.0,0.02,0.21,0.02,0.0,0.02,0.03,0.04,0.0,0.51,0.27,0.04,0.04,0.11,0.08,0.02,0.0,0.0,0.01,0.75,0.0,0
0.01,0.02,0.25,0.0,0.01,0.33,0.11,0.03,0.0,0.0,0.0,0.32,0.0,0.0,0.12,0.15,0.05,0.11,0.08,0.05,0.01,0.0,0.0,0.62,0.0,0
0.0,0.0,0.25,0.0,0.0,0.24,0.07,0.06,0.0,0.0,0.0,0.22,0.07,0.0,0.55,0.0,0.06,0.11,0.05,0.0,0.02,0.0,0.0,0.95,0.0,0
0.0,0.01,0.25,0.0,0.0,0.15,0.07,0.03,0.0,0.0,0.0,0.44,0.0,0.0,0.09,0.01,0.05,0.08,0.02,0.01,0.0,0.0,0.0,0.9,0.0,0
0.0,0.01,0.25,0.0,0.0,0.0,0.07,0.02,0.0,0.05,0.03,0.09,0.0,0.49,0.25,0.0,0.0,0.11,0.04,0.04,0.05,0.0,0.0,1.0,0.0,0
0.0,0.0,0.25,0.0,0.0,0.03,0.08,0.02,0.0,0.09,0.0,0.12,0.0,0.0,0.46,0.0,0.04,0.11,0.01,0.0,0.02,0.0,0.0,0.75,0.0,0
0.0,0.0,0.25,0.0,0.0,0.0,0.11,0.02,0.0,0.01,0.0,0.2,0.2,0.0,0.35,0.0,0.02,0.18,0.01,0.01,0.14,0.2,0.0,0.43,0.29,0
0.0,0.0,0.25,0.0,0.01,0.0,0.19,0.02,0.0,0.04,0.01,0.04,0.05,0.58,0.29,0.0,0.06,0.11,0.1,0.07,0.04,0.0,0.0,0.92,0.0,0
0.0,0.02,0.25,0.01,0.0,0.06,0.07,0.05,0.0,0.22,0.04,0.06,0.0,0.83,0.12,0.04,0.03,0.33,0.06,0.02,0.0,0.0,0.0,0.63,0.24,0
0.0,0.02,0.25,0.0,0.0,0.11,0.11,0.02,0.0,0.03,0.0,0.17,0.04,0.0,0.15,0.02,0.02,0.07,0.02,0.0,0.01,0.0,0.0,0.65,0.0,0
0.0,0.0,0.25,0.0,0.0,0.0,0.07,0.02,0.0,0.0,0.01,0.18,0.0,0.0,0.25,0.0,0.0,0.11,0.02,0.02,0.03,0.0,0.0,1.0,0.0,0
0.01,0.0,0.25,0.01,0.0,0.0,0.1,0.02,0.0,0.03,0.01,0.03,0.09,0.78,0.21,0.0,0.03,0.15,0.03,0.01,0.02,0.0,0.01,0.74,0.0,0
0.0,0.0,0.39,0.01,0.0,0.23,0.19,0.02,0.0,0.04,0.01,0.06,0.15,0.5,0.53,0.0,0.02,0.11,0.04,0.02,0.04,0.0,0.0,0.73,0.0,0
0.0,0.0,0.25,0.0,0.0,0.04,0.07,0.03,0.0,0.03,0.0,0.25,0.08,0.05,0.48,0.0,0.03,0.11,0.04,0.04,0.09,0.0,0.0,0.39,0.21,0
0.0,0.0,0.25,0.0,0.0,0.26,0.09,0.05,0.0,0.01,0.0,0.13,0.07,0.0,0.25,0.0,0.05,0.11,0.04,0.0,0.02,0.0,0.0,0.37,0.18,0
0.0,0.0,0.25,0.0,0.0,0.08,0.12,0.06,0.05,0.04,0.02,0.14,0.0,0.78,0.34,0.0,0.02,0.18,0.03,0.0,0.04,0.0,0.0,0.59,0.0,0
0.0,0.0,0.25,0.01,0.0,0.08,0.12,0.03,0.0,0.0,0.03,0.06,0.02,0.5,0.17,0.0,0.05,0.19,0.05,0.01,0.02,0.0,0.01,0.25,0.08,0
0.0,0.0,0.25,0.0,0.0,0.22,0.08,0.03,0.0,0.0,0.0,0.55,0.01,0.0,0.41,0.0,0.0,0.11,0.01,0.0,0.01,0.0,0.0,1.0,0.0,0
0.0,0.0,0.25,0.01,0.01,0.0,0.1,0.03,0.02,0.01,0.01,0.11,0.0,0.89,0.4,0.0,0.04,0.11,0.03,0.01,0.05,0.0,0.0,1.0,0.0,0
0.0,0.0,0.25,0.0,0.0,0.0,0.14,0.02,0.0,0.02,0.03,0.03,0.0,0.67,0.15,0.0,0.0,0.31,0.04,0.02,0.02,0.0,0.0,0.95,0.0,0
0.0,0.0,0.25,0.0,0.0,0.11,0.15,0.03,0.0,0.04,0.01,0.04,0.16,0.37,0.59,0.02,0.06,0.11,0.05,0.01,0.04,0.19,0.0,0.58,0.15,0
0.0,0.03,0.62,0.0,0.0,0.42,0.18,0.03,0.0,0.02,0.01,0.14,0.1,0.74,0.43,0.01,0.01,0.11,0.02,0.02,0.12,0.49,0.0,0.56,0.25,0
0.0,0.0,0.25,0.01,0.0,0.22,0.07,0.03,0.0,0.04,0.01,0.13,0.1,0.25,0.32,0.0,0.01,0.14,0.04,0.02,0.02,0.0,0.0,0.33,0.0,0
0.0,0.0,0.25,0.01,0.0,0.1,0.07,0.05,0.0,0.2,0.04,0.05,0.04,0.78,0.18,0.04,0.03,0.31,0.06,0.02,0.01,0.0,0.01,0.66,0.22,0
0.02,0.0,0.25,0.01,0.0,0.0,0.07,0.02,0.0,0.03,0.0,0.03,0.09,0.55,0.25,0.0,0.06,0.15,0.02,0.0,0.02,0.0,0.01,0.92,0.0,0
0.0,0.0,0.25,0.03,0.0,0.04,0.12,0.06,0.0,0.28,0.08,0.06,0.0,0.83,0.42,0.03,0.14,0.33,0.06,0.01,0.03,0.0,0.0,0.63,0.08,0
0.0,0.01,0.25,0.01,0.0,0.0,0.12,0.02,0.04,0.0,0.02,0.02,0.0,0.62,0.33,0.0,0.03,0.18,0.05,0.01,0.02,0.0,0.0,0.93,0.0,0
0.0,0.02,0.25,0.0,0.0,0.17,0.07,0.05,0.0,0.0,0.0,0.49,0.0,0.0,0.0,0.04,0.0,0.0,0.02,0.0,0.0,0.0,0.0,0.82,0.0,0
0.0,0.0,0.25,0.0,0.0,0.0,0.09,0.02,0.0,0.01,0.01,0.19,0.0,0.19,0.57,0.0,0.01,0.17,0.05,0.05,0.04,0.0,0.0,1.0,0.0,0
0.0,0.0,0.25,0.01,0.0,0.35,0.07,0.05,0.0,0.01,0.0,0.12,0.25,0.38,0.66,0.01,0.01,0.11,0.02,0.02,0.07,0.0,0.09,0.75,0.0,0
0.0,0.0,0.25,0.0,0.0,0.0,0.08,0.02,0.01,0.03,0.01,0.29,0.01,0.07,0.48,0.0,0.05,0.12,0.01,0.0,0.05,0.0,0.03,0.48,0.04,0
0.02,0.0,0.25,0.0,0.07,0.01,0.09,0.03,0.0,0.01,0.0,0.04,0.0,0.17,0.18,0.0,0.16,0.11,0.06,0.01,0.02,0.0,0.0,0.63,0.25,0
0.0,0.0,0.25,0.0,0.0,0.05,0.14,0.04,0.06,0.0,0.03,0.04,0.0,0.52,0.14,0.02,0.18,0.21,0.07,0.0,0.01,0.0,0.0,0.33,0.23,0
0.02,0.0,0.25,0.0,0.0,0.22,0.07,0.18,0.0,0.0,0.01,0.14,0.0,0.92,0.17,0.0,0.03,0.42,0.03,0.0,0.0,0.0,0.0,0.89,0.46,1
0.02,0.0,0.25,0.01,0.0,0.05,0.14,0.1,0.03,0.12,0.12,0.05,0.0,0.94,0.5,0.05,0.18,0.21,0.04,0.0,0.01,0.0,0.21,0.31,0.68,1
0.0,0.0,0.25,0.0,0.0,0.03,0.11,0.03,0.04,0.03,0.02,0.05,0.03,0.53,0.41,0.01,0.12,0.17,0.05,0.01,0.02,0.0,0.0,0.33,0.14,0
0.0,0.06,0.25,0.0,0.0,0.0,0.1,0.02,0.0,0.0,0.01,0.08,0.0,0.14,0.2,0.01,0.03,0.11,0.05,0.03,0.02,0.0,0.0,0.72,0.0,0
0.04,0.0,0.45,0.01,0.01,0.0,0.19,0.06,0.0,0.04,0.01,0.04,0.0,0.5,0.12,0.11,0.09,0.2,0.11,0.02,0.02,0.0,0.01,0.43,0.4,1
0.0,0.17,0.25,0.0,0.0,0.19,0.07,0.07,0.0,0.02,0.0,0.4,0.0,0.0,0.21,0.01,0.0,0.11,0.01,0.0,0.01,0.0,0.0,0.25,0.16,0
0.0,0.0,0.25,0.07,0.0,0.03,0.13,0.03,0.21,0.04,0.07,0.04,0.0,0.69,0.22,0.0,0.09,0.22,0.08,0.02,0.02,0.0,0.0,0.88,0.0,0
0.0,0.0,0.25,0.0,0.01,0.28,0.21,0.02,0.0,0.01,0.0,0.2,0.0,0.03,0.14,0.0,0.04,0.12,0.02,0.02,0.1,0.32,0.0,0.99,0.0,0
0.0,0.0,0.25,0.0,0.0,0.0,0.07,0.02,0.0,0.0,0.01,0.07,0.03,0.34,0.32,0.0,0.07,0.22,0.06,0.07,0.04,0.0,0.0,0.31,0.0,0
0.0,0.13,0.25,0.0,0.0,0.08,0.07,0.04,0.0,0.02,0.0,0.3,0.04,0.0,0.33,0.01,0.02,0.07,0.03,0.04,0.07,0.0,0.0,0.6,0.16,0
0.0,0.0,0.25,0.01,0.0,0.15,0.1,0.04,0.0,0.0,0.01,0.15,0.04,0.27,0.44,0.0,0.05,0.15,0.05,0.01,0.02,0.0,0.01,0.72,0.0,0
0.0,0.0,0.25,0.01,0.0,0.03,0.09,0.03,0.0,0.03,0.01,0.15,0.0,0.23,0.22,0.02,0.01,0.11,0.04,0.02,0.02,0.0,0.0,0.94,0.07,0
0.0,0.0,0.25,0.0,0.0,0.0,0.07,0.02,0.0,0.05,0.01,0.11,0.0,0.59,0.38,0.0,0.01,0.11,0.01,0.0,0.0,0.0,0.0,0.5,0.0,0
0.0,0.0,0.25,0.0,0.0,0.11,0.07,0.04,0.0,0.0,0.01,0.11,0.0,0.15,0.16,0.0,0.07,0.22,0.02,0.0,0.02,0.0,0.0,0.5,0.01,1
0.13,0.0,0.25,0.01,0.0,0.06,0.14,0.03,0.0,0.0,0.02,0.03,0.0,0.6,0.24,0.0,0.06,0.11,0.1,0.08,0.0,0.0,0.0,0.34,0.23,0
0.0,0.0,0.25,0.01,0.0,0.04,0.12,0.02,0.0,0.03,0.0,0.08,0.0,0.54,0.29,0.01,0.13,0.11,0.12,0.05,0.02,0.0,0.0,0.27,0.17,0
0.0,0.0,0.25,0.01,0.0,0.06,0.07,0.03,0.0,0.02,0.0,0.13,0.08,0.82,0.55,0.0,0.03,0.11,0.03,0.0,0.04,0.0,0.0,0.85,0.0,0
0.0,0.0,0.25,0.0,0.0,0.0,0.07,0.02,0.03,0.07,0.0,0.1,0.0,0.0,0.74,0.0,0.0,0.22,0.0,0.0,0.03,0.0,0.0,0.94,0.24,0
0.0,0.52,0.25,0.0,0.0,0.29,0.07,0.15,0.0,0.0,0.0,0.36,0.03,0.0,0.31,0.06,0.14,0.17,0.09,0.08,0.01,0.0,0.0,0.51,0.13,0
0.0,0.0,0.25,0.0,0.0,0.0,0.12,0.02,0.0,0.01,0.02,0.09,0.0,0.71,0.26,0.0,0.0,0.11,0.04,0.02,0.04,0.0,0.0,0.69,0.0,0
0.02,0.0,0.25,0.02,0.02,0.0,0.07,0.02,0.01,0.02,0.0,0.06,0.0,0.8,0.25,0.0,0.08,0.13,0.04,0.0,0.02,0.0,0.0,0.99,0.05,0
0.02,0.0,0.25,0.01,0.0,0.11,0.07,0.04,0.0,0.03,0.0,0.05,0.13,0.77,0.49,0.0,0.1,0.12,0.02,0.0,0.02,0.0,0.0,0.37,0.02,1
0.0,0.0,0.25,0.0,0.0,0.0,0.07,0.02,0.0,0.0,0.01,0.02,0.0,0.79,0.14,0.0,0.02,0.22,0.01,0.0,0.0,0.0,0.0,0.9,0.0,0
0.0,0.0,0.25,0.0,0.0,0.16,0.14,0.03,0.0,0.05,0.01,0.11,0.06,0.06,0.25,0.0,0.03,0.11,0.02,0.0,0.02,0.0,0.0,0.47,0.0,0
0.0,0.0,0.3,0.01,0.0,0.06,0.16,0.03,0.0,0.11,0.03,0.06,0.05,0.68,0.25,0.01,0.02,0.11,0.07,0.06,0.05,0.26,0.28,0.86,0.36,0
0.0,0.0,0.25,0.01,0.0,0.01,0.07,0.03,0.0,0.02,0.0,0.2,0.0,0.96,0.49,0.0,0.01,0.11,0.02,0.0,0.07,0.0,0.0,0.98,0.0,0
0.0,0.0,0.25,0.0,0.0,0.0,0.07,0.03,0.0,0.02,0.0,0.3,0.07,0.0,0.5,0.06,0.01,0.11,0.08,0.09,0.05,0.0,0.0,0.33,0.0,0
0.0,0.01,0.25,0.02,0.0,0.0,0.11,0.03,0.0,0.05,0.01,0.24,0.0,0.46,0.32,0.13,0.04,0.06,0.05,0.03,0.0,0.0,0.05,0.5,0.13,0
0.0,0.02,0.25,0.0,0.0,0.0,0.07,0.02,0.01,0.0,0.0,0.79,0.0,0.02,0.0,0.04,0.02,0.0,0.02,0.02,0.0,0.0,0.0,1.0,0.0,0
0.0,0.6,0.25,0.0,0.0,0.29,0.07,0.17,0.0,0.0,0.0,0.34,0.05,0.0,0.25,0.07,0.16,0.18,0.1,0.08,0.03,0.0,0.0,0.18,0.15,0
0.0,0.0,0.25,0.01,0.0,0.08,0.07,0.04,0.0,0.02,0.0,0.18,0.02,0.68,0.59,0.01,0.03,0.11,0.03,0.0,0.04,0.0,0.0,0.49,0.08,0
0.0,0.26,0.25,0.0,0.0,0.29,0.07,0.05,0.0,0.0,0.0,0.37,0.0,0.0,0.12,0.1,0.07,0.11,0.02,0.02,0.0,0.0,0.0,0.17,0.1,0
0.0,0.0,0.25,0.03,0.0,0.0,0.14,0.03,0.07,0.05,0.07,0.02,0.07,0.68,0.25,0.0,0.08,0.23,0.06,0.0,0.0,0.0,0.0,0.96,0.5,0
0.0,0.0,0.25,0.01,0.0,0.0,0.14,0.02,0.0,0.08,0.03,0.03,0.13,0.51,0.26,0.0,0.21,0.11,0.06,0.02,0.02,0.0,0.0,0.28,0.0,0
0.04,0.0,0.46,0.01,0.01,0.02,0.19,0.07,0.0,0.04,0.01,0.03,0.0,0.54,0.12,0.11,0.11,0.22,0.09,0.02,0.02,0.0,0.01,0.48,0.42,1
0.0,0.03,0.25,0.0,0.0,0.12,0.07,0.03,0.0,0.0,0.0,0.2,0.03,0.0,0.1,0.02,0.04,0.04,0.02,0.0,0.01,0.0,0.0,1.0,0.0,0
0.0,0.0,0.25,0.0,0.0,0.0,0.14,0.03,0.01,0.0,0.02,0.05,0.0,0.73,0.27,0.0,0.05,0.11,0.05,0.02,0.02,0.0,0.0,0.72,0.0,0
0.0,0.23,0.25,0.02,0.0,0.21,0.07,0.1,0.0,0.0,0.06,0.21,0.0,0.65,0.18,0.01,0.05,0.31,0.09,0.02,0.02,0.0,0.0,0.51,0.06,0
0.0,0.0,0.25,0.02,0.0,0.15,0.13,0.04,0.0,0.01,0.0,0.09,0.01,0.78,0.23,0.0,0.0,0.3,0.03,0.0,0.01,0.0,0.0,0.48,0.0,0
0.02,0.0,0.65,0.0,0.0,0.0,0.19,0.02,0.0,0.0,0.0,0.12,0.05,0.0,0.25,0.0,0.01,0.11,0.02,0.01,0.03,0.0,0.0,0.78,0.0,0
0.0,0.0,0.25,0.0,0.0,0.0,0.13,0.01,0.0,0.02,0.01,0.1,0.0,0.0,0.39,0.0,0.05,0.11,0.06,0.04,0.08,0.0,0.01,0.99,0.04,0
0.0,0.0,0.25,0.0,0.0,0.0,0.07,0.02,0.0,0.05,0.02,0.08,0.0,0.57,0.3,0.0,0.01,0.11,0.04,0.03,0.03,0.0,0.0,0.69,0.0,0
0.0,0.0,0.25,0.0,0.0,0.26,0.09,0.05,0.0,0.0,0.0,0.11,0.06,0.07,0.36,0.01,0.09,0.11,0.05,0.0,0.02,0.0,0.0,0.34,0.22,0
0.0,0.0,0.25,0.02,0.0,0.12,0.14,0.07,0.0,0.1,0.01,0.07,0.0,0.88,0.13,0.06,0.06,0.11,0.11,0.02,0.02,0.0,0.0,0.77,0.25,1
0.0,0.29,0.25,0.0,0.0,0.18,0.07,0.07,0.0,0.0,0.0,0.16,0.05,0.0,0.3,0.01,0.04,0.11,0.04,0.0,0.02,0.0,0.0,0.84,0.15,0
0.0,0.08,0.25,0.01,0.01,0.0,0.11,0.03,0.02,0.0,0.01,0.11,0.0,0.42,0.18,0.01,0.05,0.11,0.03,0.01,0.02,0.0,0.0,0.95,0.0,0
0.0,0.0,0.25,0.01,0.0,0.0,0.1,0.03,0.0,0.02,0.01,0.15,0.0,0.95,0.42,0.02,0.02,0.11,0.05,0.01,0.06,0.0,0.0,0.91,0.11,0
0.0,0.0,0.1,0.0,0.0,0.09,0.03,0.03,0.0,0.0,0.0,0.32,0.03,0.0,0.22,0.01,0.03,0.11,0.02,0.0,0.01,0.0,0.0,0.7,0.0,0
0.0,0.1,0.25,0.0,0.0,0.0,0.07,0.02,0.0,0.0,0.0,0.13,0.0,0.0,0.25,0.01,0.01,0.16,0.01,0.0,0.04,0.0,0.0,0.82,0.0,0
0.02,0.0,0.25,0.01,0.0,0.24,0.13,0.06,0.0,0.05,0.03,0.12,0.0,0.54,0.36,0.0,0.0,0.11,0.05,0.0,0.01,0.0,0.0,0.92,0.0,0
0.0,0.0,0.25,0.01,0.0,0.0,0.13,0.02,0.02,0.0,0.03,0.05,0.0,0.59,0.15,0.0,0.06,0.2,0.05,0.02,0.03,0.0,0.0,0.44,0.06,0
0.0,0.18,0.25,0.02,0.0,0.09,0.13,0.08,0.0,0.0,0.06,0.07,0.0,0.61,0.12,0.0,0.03,0.3,0.1,0.03,0.04,0.0,0.0,0.55,0.0,0
0.0,0.0,0.25,0.01,0.0,0.14,0.07,0.04,0.0,0.14,0.02,0.08,0.1,0.52,0.47,0.18,0.03,0.11,0.1,0.02,0.02,0.0,0.0,0.63,0.0,0
0.0,0.0,0.25,0.0,0.0,0.0,0.07,0.02,0.05,0.01,0.03,0.06,0.0,0.35,0.4,0.0,0.04,0.11,0.05,0.05,0.05,0.0,0.0,0.96,0.18,0
0.0,0.0,0.25,0.0,0.0,0.23,0.07,0.06,0.0,0.0,0.0,0.22,0.07,0.02,0.5,0.0,0.06,0.11,0.05,0.0,0.03,0.0,0.0,0.91,0.02,0
0.0,0.07,0.25,0.0,0.0,0.08,0.12,0.04,0.0,0.02,0.0,0.21,0.0,0.0,0.31,0.01,0.04,0.11,0.05,0.03,0.05,0.0,0.0,0.78,0.07,0
0.0,0.02,0.25,0.01,0.0,0.17,0.09,0.03,0.0,0.03,0.01,0.5,0.0,0.26,0.18,0.02,0.02,0.03,0.02,0.02,0.0,0.0,0.03,0.79,0.07,0
0.03,0.0,0.41,0.01,0.01,0.0,0.16,0.06,0.0,0.03,0.01,0.02,0.0,0.4,0.17,0.09,0.13,0.22,0.08,0.02,0.02,0.0,0.01,0.34,0.32,1
0.0,0.05,0.25,0.0,0.0,0.06,0.07,0.03,0.0,0.0,0.01,0.16,0.0,0.18,0.12,0.0,0.02,0.22,0.04,0.02,0.02,0.0,0.0,0.68,0.0,0
0.0,0.0,0.25,0.0,0.0,0.24,0.07,0.06,0.0,0.0,0.0,0.14,0.07,0.0,0.37,0.0,0.06,0.11,0.05,0.0,0.02,0.0,0.0,1.0,0.0,0
0.02,0.0,0.25,0.01,0.0,0.01,0.07,0.02,0.03,0.12,0.05,0.02,0.05,0.79,0.47,0.0,0.12,0.22,0.06,0.02,0.02,0.0,0.0,0.99,0.19,0
0.01,0.0,0.25,0.02,0.0,0.36,0.07,0.07,0.01,0.04,0.03,0.08,0.24,0.39,0.49,0.02,0.03,0.14,0.02,0.02,0.05,0.0,0.09,0.7,0.07,1
0.01,0.0,0.25,0.0,0.0,0.04,0.19,0.03,0.0,0.38,0.0,0.04,0.04,0.33,0.12,0.12,0.04,0.22,0.09,0.01,0.02,0.0,0.0,0.72,0.17,0
0.0,0.0,0.25,0.0,0.0,0.26,0.07,0.06,0.0,0.0,0.0,0.13,0.05,0.18,0.38,0.0,0.09,0.14,0.04,0.0,0.02,0.0,0.0,0.32,0.18,0
0.0,0.0,0.25,0.0,0.0,0.0,0.07,0.02,0.0,0.02,0.0,0.29,0.07,0.0,0.53,0.01,0.02,0.11,0.04,0.05,0.08,0.0,0.0,0.38,0.19,0
0.0,0.02,0.25,0.0,0.0,0.0,0.07,0.02,0.0,0.0,0.0,0.55,0.0,0.0,0.08,0.19,0.0,0.07,0.04,0.05,0.0,0.0,0.0,0.86,0.16,0
0.0,0.1,0.25,0.01,0.0,0.05,0.07,0.05,0.0,0.01,0.03,0.06,0.0,0.34,0.27,0.01,0.05,0.4,0.06,0.01,0.02,0.0,0.0,0.65,0.0,0
0.0,0.0,0.25,0.0,0.0,0.0,0.07,0.05,0.0,0.02,0.0,0.15,0.0,0.03,0.24,0.0,0.07,0.55,0.01,0.0,0.0,0.0,0.09,0.78,0.0,1
0.0,0.0,0.25,0.0,0.0,0.47,0.14,0.06,0.0,0.0,0.0,0.17,0.07,0.0,0.62,0.02,0.03,0.11,0.08,0.02,0.05,0.0,0.0,1.0,0.0,0
0.01,0.0,0.31,0.0,0.0,0.0,0.09,0.02,0.0,0.01,0.0,0.2,0.0,0.17,0.35,0.0,0.01,0.11,0.03,0.02,0.1,0.0,0.0,0.85,0.0,0
0.02,0.0,0.25,0.01,0.0,0.06,0.14,0.05,0.07,0.1,0.1,0.03,0.0,0.83,0.13,0.0,0.28,0.33,0.06,0.0,0.0,0.0,0.0,0.36,0.01,1
0.0,0.0,0.25,0.0,0.0,0.16,0.14,0.04,0.0,0.0,0.01,0.07,0.07,0.32,0.38,0.0,0.07,0.11,0.05,0.01,0.02,0.0,0.0,0.75,0.14,0
0.0,0.0,0.25,0.0,0.0,0.07,0.14,0.04,0.0,0.05,0.03,0.05,0.0,0.77,0.2,0.0,0.04,0.15,0.04,0.0,0.02,0.0,0.0,0.5,0.0,0
0.0,0.0,0.25,0.01,0.0,0.01,0.14,0.02,0.07,0.0,0.01,0.01,0.0,0.54,0.37,0.0,0.03,0.22,0.06,0.0,0.02,0.0,0.0,0.87,0.0,0
0.0,0.0,0.25,0.0,0.0,0.25,0.07,0.06,0.0,0.0,0.0,0.21,0.09,0.0,0.34,0.02,0.05,0.11,0.07,0.04,0.04,0.0,0.0,0.73,0.0,0
0.03,0.0,0.25,0.0,0.0,0.0,0.07,0.02,0.0,0.03,0.02,0.1,0.0,0.23,0.33,0.0,0.04,0.11,0.02,0.0,0.09,0.0,0.0,0.47,0.0,0
0.0,0.0,0.25,0.0,0.0,0.0,0.07,0.02,0.2,0.0,0.11,0.02,0.0,0.76,0.38,0.02,0.1,0.22,0.03,0.0,0.0,0.0,0.0,1.0,0.0,0
0.0,0.02,0.19,0.0,0.0,0.0,0.05,0.02,0.0,0.0,0.0,0.72,0.0,0.0,0.03,0.03,0.01,0.03,0.01,0.02,0.0,0.0,0.0,0.87,0.0,0
0.0,0.0,0.41,0.01,0.0,0.0,0.14,0.03,0.02,0.08,0.03,0.03,0.0,0.73,0.29,0.01,0.16,0.26,0.06,0.02,0.02,0.0,0.0,0.25,0.09,0
0.0,0.0,0.25,0.0,0.0,0.0,0.07,0.03,0.0,0.02,0.0,0.25,0.05,0.3,0.54,0.32,0.01,0.11,0.34,0.39,0.08,0.0,0.0,0.7,0.0,0
0.0,0.0,0.25,0.0,0.0,0.24,0.07,0.06,0.0,0.0,0.0,0.11,0.07,0.0,0.35,0.0,0.07,0.11,0.05,0.0,0.02,0.0,0.0,0.87,0.05,0
0.01,0.01,0.25,0.0,0.0,0.02,0.14,0.04,0.11,0.09,0.04,0.03,0.02,0.78,0.25,0.02,0.22,0.22,0.04,0.0,0.02,0.0,0.11,0.58,0.18,1
0.0,0.0,0.04,0.0,0.0,0.0,0.02,0.02,0.0,0.15,0.0,0.39,0.0,0.15,0.12,0.07,0.01,0.13,0.03,0.0,0.0,0.0,0.0,0.51,0.0,0
0.0,0.0,0.25,0.01,0.0,0.01,0.07,0.02,0.0,0.27,0.09,0.02,0.01,0.85,0.37,0.06,0.06,0.11,0.07,0.02,0.0,0.0,0.0,0.69,0.0,1
0.0,0.06,0.25,0.0,0.0,0.16,0.14,0.04,0.0,0.0,0.01,0.07,0.07,0.15,0.27,0.0,0.07,0.11,0.06,0.02,0.02,0.0,0.0,0.68,0.14,0
0.0,0.0,0.25,0.0,0.0,0.16,0.07,0.05,0.0,0.09,0.03,0.1,0.05,0.28,0.29,0.02,0.07,0.11,0.05,0.01,0.02,0.0,0.0,0.42,0.17,0
0.01,0.0,0.25,0.01,0.0,0.0,0.11,0.02,0.0,0.6,0.0,0.03,0.03,0.59,0.18,0.21,0.04,0.18,0.13,0.0,0.03,0.0,0.0,0.75,0.0,0
0.01,0.0,0.25,0.01,0.0,0.02,0.07,0.03,0.0,0.15,0.05,0.03,0.0,0.9,0.27,0.03,0.23,0.2,0.05,0.02,0.01,0.0,0.0,0.83,0.25,0
0.0,0.08,0.25,0.0,0.0,0.33,0.08,0.05,0.0,0.0,0.0,0.39,0.0,0.04,0.12,0.11,0.08,0.12,0.02,0.02,0.0,0.0,0.0,0.11,0.0,0
0.02,0.0,0.25,0.01,0.0,0.14,0.11,0.05,0.08,0.03,0.04,0.08,0.03,0.47,0.39,0.0,0.09,0.17,0.04,0.0,0.01,0.0,0.0,0.67,0.39,0
0.0,0.0,0.25,0.0,0.0,0.0,0.07,0.02,0.0,0.01,0.0,0.14,0.0,0.47,0.43,0.0,0.01,0.11,0.04,0.02,0.05,0.0,0.0,0.75,0.0,0
0.0,0.0,0.25,0.0,0.0,0.21,0.07,0.03,0.0,0.02,0.01,0.09,0.21,0.09,0.31,0.0,0.04,0.11,0.05,0.02,0.04,0.0,0.0,0.61,0.0,0
0.0,0.0,0.25,0.0,0.0,0.03,0.07,0.02,0.0,0.0,0.0,0.22,0.04,0.02,0.14,0.0,0.01,0.21,0.02,0.02,0.02,0.0,0.0,0.32,0.0,0
0.0,0.0,0.25,0.01,0.0,0.13,0.07,0.03,0.0,0.02,0.01,0.09,0.12,0.26,0.33,0.02,0.01,0.11,0.06,0.02,0.02,0.0,0.0,0.78,0.0,0
0.0,0.0,0.25,0.01,0.01,0.0,0.14,0.02,0.0,0.12,0.05,0.04,0.0,0.78,0.37,0.0,0.05,0.11,0.05,0.0,0.03,0.0,0.0,0.88,0.24,0
0.0,0.0,0.25,0.0,0.0,0.19,0.07,0.03,0.0,0.02,0.01,0.08,0.25,0.47,0.34,0.0,0.05,0.11,0.05,0.01,0.04,0.0,0.0,0.54,0.0,0
0.0,0.0,0.25,0.0,0.0,0.0,0.07,0.02,0.0,0.0,0.0,0.24,0.0,0.1,0.18,0.0,0.0,0.21,0.02,0.02,0.03,0.0,0.0,0.39,0.0,0
0.0,0.0,0.25,0.0,0.0,0.06,0.09,0.01,0.03,0.08,0.02,0.03,0.01,0.72,0.64,0.01,0.06,0.2,0.04,0.01,0.03,0.07,0.08,1.0,0.06,0
0.0,0.0,0.25,0.0,0.0,0.05,0.07,0.04,0.0,0.1,0.04,0.17,0.0,0.67,0.23,0.06,0.0,0.11,0.05,0.01,0.02,0.0,0.0,0.54,0.45,0
0.0,0.0,0.25,0.06,0.0,0.12,0.07,0.04,0.0,0.0,0.01,0.1,0.05,0.5,0.25,0.02,0.06,0.11,0.21,0.07,0.05,0.0,0.0,0.69,0.0,0
0.0,0.0,0.25,0.0,0.0,0.03,0.13,0.02,0.0,0.04,0.0,0.17,0.1,0.15,0.61,0.0,0.06,0.11,0.04,0.03,0.08,0.15,0.0,0.46,0.25,0
0.0,0.0,0.25,0.0,0.0,0.03,0.14,0.02,0.0,0.08,0.0,0.08,0.06,0.15,0.61,0.0,0.06,0.11,0.02,0.01,0.04,0.15,0.0,0.66,0.11,0
0.0,0.09,0.25,0.0,0.0,0.1,0.08,0.03,0.11,0.0,0.0,0.29,0.0,0.09,0.23,0.07,0.04,0.13,0.03,0.0,0.02,0.0,0.0,0.67,0.25,0
0.0,0.01,0.25,0.0,0.0,0.0,0.07,0.02,0.0,0.0,0.01,0.38,0.0,0.32,0.12,0.09,0.0,0.11,0.04,0.04,0.01,0.0,0.0,0.97,0.15,0
0.01,0.0,0.25,0.01,0.0,0.0,0.07,0.02,0.0,0.04,0.0,0.1,0.07,0.89,0.42,0.0,0.02,0.11,0.02,0.0,0.05,0.0,0.01,1.0,0.0,0
0.0,0.0,0.25,0.0,0.0,0.05,0.08,0.02,0.0,0.0,0.0,0.11,0.08,0.0,0.48,0.0,0.07,0.21,0.09,0.09,0.05,0.0,0.0,0.5,0.04,0
0.0,0.01,0.25,0.0,0.0,0.0,0.07,0.03,0.0,0.0,0.02,0.15,0.0,0.51,0.09,0.07,0.05,0.16,0.03,0.03,0.02,0.0,0.0,0.35,0.0,0
0.02,0.0,0.38,0.01,0.0,0.03,0.14,0.03,0.09,0.06,0.04,0.02,0.0,0.75,0.44,0.0,0.15,0.22,0.05,0.01,0.01,0.0,0.0,0.61,0.25,0
0.0,0.0,0.25,0.0,0.0,0.31,0.1,0.02,0.02,0.05,0.01,0.13,0.31,0.25,0.5,0.01,0.01,0.15,0.02,0.01,0.09,0.0,0.0,0.68,0.17,0
0.0,0.0,0.26,0.0,0.0,0.0,0.07,0.02,0.0,0.02,0.0,0.25,0.0,0.0,0.49,0.0,0.01,0.11,0.0,0.0,0.07,0.0,0.0,0.98,0.0,0
0.01,0.0,0.25,0.01,0.0,0.12,0.11,0.04,0.0,0.49,0.0,0.06,0.1,0.48,0.19,0.17,0.06,0.17,0.13,0.0,0.01,0.0,0.0,0.77,0.13,0
0.0,0.0,0.28,0.0,0.0,0.04,0.09,0.02,0.0,0.05,0.02,0.08,0.03,0.5,0.3,0.0,0.0,0.11,0.04,0.04,0.05,0.0,0.0,0.95,0.0,0
0.01,0.0,0.25,0.0,0.0,0.15,0.07,0.13,0.0,0.01,0.01,0.24,0.0,0.57,0.36,0.0,0.02,0.32,0.02,0.0,0.01,0.0,0.0,0.8,0.31,0
0.0,0.0,0.25,0.01,0.0,0.0,0.08,0.02,0.01,0.01,0.02,0.16,0.01,0.11,0.25,0.0,0.01,0.13,0.03,0.02,0.02,0.0,0.0,0.99,0.08,0
0.0,0.0,0.28,0.01,0.0,0.05,0.08,0.04,0.0,0.21,0.04,0.04,0.0,0.83,0.16,0.03,0.05,0.32,0.06,0.02,0.0,0.0,0.0,0.58,0.22,0
0.0,0.0,0.51,0.02,0.0,0.0,0.15,0.02,0.0,0.01,0.0,0.06,0.0,0.81,0.19,0.04,0.09,0.17,0.08,0.01,0.04,0.0,0.0,0.44,0.0,0
0.02,0.0,0.25,0.01,0.0,0.0,0.09,0.02,0.0,0.03,0.01,0.04,0.09,0.74,0.21,0.0,0.02,0.11,0.03,0.01,0.02,0.0,0.01,0.87,0.0,0
0.0,0.0,0.39,0.01,0.01,0.14,0.15,0.04,0.0,0.24,0.03,0.15,0.0,0.49,0.25,0.05,0.03,0.11,0.06,0.03,0.04,0.0,0.0,0.4,0.41,0
0.0,0.0,0.25,0.0,0.0,0.0,0.07,0.02,0.0,0.06,0.01,0.12,0.0,0.25,0.3,0.0,0.01,0.11,0.01,0.0,0.08,0.0,0.0,0.37,0.07,0
0.0,0.0,0.25,0.03,0.01,0.07,0.12,0.05,0.02,0.05,0.01,0.09,0.02,0.62,0.29,0.0,0.04,0.11,0.04,0.0,0.02,0.0,0.0,0.98,0.07,0
0.0,0.0,0.25,0.0,0.0,0.04,0.08,0.02,0.01,0.01,0.01,0.07,0.02,0.36,0.25,0.03,0.01,0.22,0.05,0.0,0.03,0.0,0.0,0.91,0.04,0
0.01,0.01,0.25,0.0,0.0,0.03,0.1,0.04,0.07,0.03,0.03,0.05,0.07,0.38,0.25,0.01,0.27,0.16,0.03,0.0,0.04,0.0,0.14,0.64,0.22,1
0.0,0.0,0.25,0.0,0.0,0.08,0.07,0.02,0.0,0.02,0.0,0.16,0.0,0.0,0.34,0.0,0.02,0.11,0.02,0.02,0.04,0.0,0.0,1.0,0.0,0
0.0,0.0,0.25,0.0,0.0,0.05,0.16,0.04,0.06,0.0,0.03,0.03,0.0,0.48,0.12,0.02,0.17,0.22,0.07,0.01,0.01,0.0,0.0,0.39,0.21,0
0.02,0.0,0.25,0.01,0.0,0.0,0.12,0.02,0.0,0.04,0.03,0.03,0.0,0.86,0.19,0.0,0.13,0.19,0.05,0.02,0.02,0.0,0.0,0.82,0.06,0
0.0,0.0,0.25,0.0,0.0,0.29,0.07,0.06,0.0,0.0,0.0,0.13,0.08,0.0,0.35,0.01,0.09,0.11,0.06,0.02,0.03,0.0,0.0,0.41,0.21,0
0.0,0.0,0.25,0.01,0.0,0.02,0.07,0.02,0.0,0.05,0.01,0.12,0.04,0.32,0.53,0.0,0.03,0.15,0.03,0.02,0.04,0.0,0.0,0.53,0.0,0
0.0,0.0,0.25,0.03,0.0,0.04,0.17,0.02,0.0,0.03,0.01,0.05,0.09,0.48,0.6,0.0,0.09,0.11,0.11,0.02,0.04,0.23,0.0,0.52,0.17,0
0.0,0.02,0.55,0.01,0.0,0.0,0.16,0.02,0.0,0.0,0.0,0.14,0.0,0.46,0.08,0.06,0.08,0.14,0.09,0.01,0.02,0.0,0.0,0.73,0.0,0
0.0,0.0,0.25,0.0,0.0,0.03,0.07,0.05,0.0,0.02,0.0,0.23,0.0,0.0,0.27,0.0,0.06,0.48,0.01,0.0,0.0,0.0,0.08,0.81,0.0,0
0.04,0.0,0.25,0.01,0.0,0.06,0.14,0.04,0.13,0.05,0.07,0.03,0.0,0.85,0.49,0.0,0.1,0.23,0.04,0.0,0.0,0.0,0.0,0.97,0.49,0
0.0,0.0,0.25,0.02,0.0,0.1,0.13,0.06,0.0,0.09,0.01,0.07,0.0,0.78,0.12,0.05,0.05,0.12,0.1,0.02,0.02,0.0,0.0,0.79,0.22,0
0.0,0.0,0.25,0.0,0.0,0.22,0.08,0.06,0.0,0.02,0.0,0.16,0.06,0.11,0.43,0.0,0.07,0.11,0.05,0.0,0.02,0.0,0.0,0.91,0.21,0
0.01,0.0,0.25,0.01,0.01,0.0,0.11,0.02,0.0,0.0,0.0,0.06,0.0,0.42,0.12,0.0,0.07,0.18,0.05,0.03,0.04,0.0,0.0,0.79,0.0,0
0.0,0.0,0.25,0.01,0.0,0.22,0.07,0.03,0.0,0.08,0.02,0.07,0.1,0.47,0.31,0.0,0.01,0.11,0.04,0.02,0.02,0.0,0.0,0.5,0.06,0
0.0,0.07,0.25,0.0,0.0,0.09,0.07,0.03,0.0,0.04,0.0,0.25,0.0,0.0,0.6,0.0,0.01,0.09,0.0,0.0,0.04,0.0,0.0,0.7,0.0,0
0.02,0.0,0.25,0.01,0.0,0.11,0.07,0.04,0.0,0.04,0.0,0.05,0.11,0.79,0.48,0.0,0.11,0.13,0.02,0.0,0.02,0.0,0.0,0.32,0.0,0
0.04,0.0,0.25,0.0,0.01,0.11,0.14,0.04,0.0,0.04,0.03,0.05,0.07,0.72,0.29,0.0,0.05,0.11,0.05,0.02,0.03,0.0,0.0,1.0,0.0,0
0.0,0.07,0.25,0.0,0.0,0.29,0.07,0.04,0.0,0.0,0.0,0.37,0.0,0.17,0.21,0.1,0.07,0.11,0.02,0.02,0.01,0.0,0.0,0.26,0.0,0
0.0,0.0,0.25,0.0,0.0,0.31,0.07,0.05,0.0,0.0,0.0,0.41,0.15,0.07,0.28,0.02,0.01,0.05,0.01,0.01,0.03,0.0,0.05,0.95,0.0,0
0.0,0.0,0.25,0.02,0.0,0.14,0.11,0.04,0.04,0.03,0.04,0.09,0.1,0.35,0.25,0.03,0.06,0.17,0.09,0.07,0.04,0.0,0.0,0.98,0.26,0
0.0,0.0,0.47,0.01,0.01,0.06,0.2,0.05,0.0,0.35,0.05,0.04,0.0,0.78,0.25,0.05,0.05,0.11,0.07,0.03,0.05,0.0,0.0,0.49,0.65,0
0.0,0.06,0.25,0.0,0.0,0.13,0.11,0.03,0.0,0.01,0.0,0.37,0.02,0.25,0.16,0.03,0.02,0.11,0.05,0.04,0.01,0.0,0.0,0.66,0.0,0
0.0,0.0,0.25,0.04,0.0,0.0,0.15,0.02,0.0,0.01,0.02,0.04,0.0,0.67,0.25,0.02,0.05,0.11,0.16,0.02,0.01,0.0,0.01,0.63,0.0,0
0.0,0.0,0.25,0.0,0.0,0.0,0.07,0.02,0.0,0.0,0.0,0.3,0.0,0.0,0.69,0.0,0.01,0.1,0.05,0.06,0.05,0.0,0.0,1.0,0.0,0
0.0,0.0,0.25,0.0,0.0,0.0,0.07,0.02,0.0,0.02,0.0,0.28,0.06,0.15,0.54,0.05,0.01,0.11,0.07,0.08,0.05,0.0,0.0,0.32,0.0,0
0.0,0.0,0.19,0.02,0.0,0.0,0.11,0.03,0.0,0.08,0.02,0.13,0.0,0.68,0.5,0.02,0.06,0.11,0.03,0.0,0.0,0.0,0.08,0.33,0.19,0
0.0,0.04,0.25,0.01,0.0,0.03,0.07,0.02,0.0,0.06,0.0,0.12,0.0,0.51,0.22,0.03,0.12,0.13,0.03,0.0,0.0,0.0,0.0,0.23,0.0,0
0.0,0.02,0.25,0.0,0.0,0.19,0.09,0.02,0.0,0.0,0.0,0.56,0.0,0.14,0.07,0.02,0.01,0.02,0.03,0.02,0.0,0.0,0.0,0.91,0.0,0
0.0,0.02,0.25,0.0,0.0,0.0,0.07,0.02,0.0,0.0,0.03,0.04,0.0,0.7,0.25,0.0,0.03,0.11,0.04,0.02,0.02,0.0,0.0,0.99,0.0,0
0.0,0.04,0.25,0.0,0.0,0.08,0.07,0.03,0.0,0.01,0.0,0.37,0.0,0.0,0.33,0.02,0.01,0.11,0.01,0.01,0.04,0.0,0.0,0.81,0.0,0
0.01,0.0,0.4,0.01,0.0,0.02,0.11,0.02,0.0,0.03,0.0,0.09,0.0,0.45,0.25,0.0,0.0,0.11,0.06,0.03,0.02,0.0,0.0,0.6,0.0,0
0.0,0.0,0.25,0.0,0.0,0.01,0.07,0.05,0.0,0.02,0.0,0.16,0.0,0.0,0.25,0.0,0.07,0.54,0.01,0.0,0.0,0.0,0.09,0.78,0.0,1
0.0,0.0,0.25,0.0,0.0,0.0,0.13,0.02,0.0,0.02,0.03,0.03,0.0,0.59,0.12,0.0,0.0,0.32,0.04,0.02,0.02,0.0,0.0,0.94,0.0,0
0.0,0.0,0.25,0.0,0.0,0.26,0.07,0.05,0.0,0.0,0.0,0.11,0.06,0.1,0.29,0.0,0.09,0.11,0.05,0.0,0.03,0.0,0.0,1.0,0.0,0
0.0,0.0,0.25,0.0,0.0,0.01,0.07,0.02,0.0,0.0,0.0,0.08,0.07,0.0,0.27,0.0,0.02,0.11,0.0,0.0,0.07,0.0,0.0,1.0,0.0,0
0.0,0.0,0.25,0.0,0.0,0.0,0.07,0.02,0.0,0.04,0.02,0.07,0.0,0.31,0.3,0.01,0.02,0.24,0.04,0.03,0.04,0.0,0.0,0.94,0.0,0
0.0,0.0,0.25,0.0,0.0,0.0,0.07,0.02,0.0,0.0,0.0,0.16,0.06,0.0,0.43,0.04,0.06,0.19,0.09,0.1,0.04,0.0,0.0,0.46,0.0,0
0.0,0.0,0.25,0.0,0.0,0.12,0.07,0.04,0.0,0.0,0.0,0.2,0.03,0.0,0.57,0.0,0.03,0.11,0.05,0.03,0.04,0.0,0.0,1.0,0.0,0
0.0,0.0,0.25,0.0,0.0,0.0,0.07,0.02,0.0,0.01,0.0,0.13,0.0,0.36,0.43,0.0,0.01,0.18,0.01,0.0,0.04,0.0,0.0,0.58,0.0,0
0.0,0.0,0.25,0.01,0.01,0.0,0.12,0.04,0.02,0.0,0.03,0.06,0.0,0.78,0.12,0.0,0.06,0.14,0.04,0.02,0.02,0.0,0.0,0.8,0.08,0
0.0,0.0,0.25,0.0,0.0,0.0,0.07,0.02,0.01,0.03,0.01,0.06,0.04,0.27,0.21,0.0,0.08,0.15,0.01,0.0,0.05,0.0,0.0,0.81,0.08,0
0.0,0.01,0.25,0.0,0.0,0.0,0.07,0.02,0.0,0.01,0.0,0.4,0.0,0.0,0.17,0.08,0.03,0.05,0.07,0.08,0.06,0.0,0.0,0.77,0.0,0
0.0,0.0,0.25,0.01,0.0,0.18,0.11,0.06,0.0,0.05,0.01,0.34,0.0,0.43,0.06,0.05,0.03,0.05,0.06,0.01,0.01,0.0,0.0,0.89,0.12,0
0.02,0.0,0.29,0.01,0.0,0.07,0.14,0.05,0.06,0.09,0.08,0.05,0.0,0.71,0.12,0.0,0.24,0.3,0.06,0.0,0.0,0.0,0.0,0.35,0.0,1
0.0,0.0,0.25,0.0,0.0,0.0,0.07,0.02,0.0,0.0,0.01,0.11,0.0,0.03,0.38,0.0,0.0,0.11,0.05,0.04,0.03,0.0,0.0,0.55,0.0,0
0.0,0.0,0.25,0.01,0.0,0.0,0.07,0.02,0.0,0.02,0.0,0.19,0.0,1.0,0.66,0.0,0.01,0.11,0.02,0.0,0.04,0.0,0.0,0.57,0.0,0
0.0,0.0,0.25,0.0,0.0,0.06,0.07,0.02,0.0,0.02,0.0,0.27,0.0,0.0,0.44,0.0,0.02,0.13,0.01,0.01,0.07,0.0,0.0,0.9,0.0,0
0.0,0.0,0.25,0.0,0.0,0.38,0.1,0.05,0.03,0.04,0.01,0.12,0.33,0.22,0.47,0.0,0.03,0.16,0.03,0.01,0.09,0.0,0.0,0.54,0.25,0
0.0,0.0,0.25,0.0,0.0,0.08,0.07,0.03,0.05,0.0,0.03,0.08,0.02,0.33,0.29,0.0,0.06,0.11,0.06,0.04,0.04,0.0,0.0,0.97,0.16,0
0.0,0.0,0.25,0.0,0.0,0.28,0.14,0.05,0.0,0.0,0.0,0.1,0.13,0.0,0.38,0.0,0.09,0.11,0.05,0.0,0.03,0.0,0.0,0.95,0.24,0
0.0,0.0,0.39,0.01,0.0,0.23,0.22,0.03,0.01,0.06,0.01,0.04,0.15,0.55,0.53,0.0,0.04,0.16,0.04,0.0,0.04,0.0,0.0,0.61,0.0,0
0.0,0.09,0.25,0.01,0.0,0.0,0.19,0.02,0.0,0.0,0.03,0.03,0.0,0.55,0.12,0.0,0.09,0.11,0.12,0.07,0.04,0.0,0.0,0.42,0.0,0
0.02,0.0,0.25,0.01,0.0,0.06,0.14,0.1,0.03,0.12,0.14,0.04,0.0,0.93,0.5,0.06,0.2,0.22,0.04,0.0,0.0,0.0,0.23,0.24,0.75,1
0.0,0.0,0.25,0.0,0.0,0.0,0.13,0.02,0.03,0.08,0.02,0.07,0.0,0.7,0.34,0.0,0.02,0.2,0.03,0.0,0.06,0.0,0.0,0.8,0.0,0
0.0,0.0,0.25,0.0,0.0,0.21,0.12,0.05,0.0,0.0,0.0,0.1,0.04,0.0,0.33,0.0,0.07,0.11,0.06,0.02,0.03,0.0,0.0,0.76,0.09,0
0.0,0.0,0.25,0.0,0.0,0.08,0.07,0.06,0.0,0.02,0.0,0.16,0.02,0.0,0.29,0.0,0.07,0.4,0.02,0.0,0.01,0.0,0.06,0.83,0.09,1
0.0,0.0,0.01,0.0,0.0,0.01,0.0,0.02,0.0,0.0,0.03,0.3,0.0,0.02,0.01,0.04,0.0,0.0,0.0,0.0,0.0,0.01,0.0,0.99,0.0,0
0.03,0.07,0.25,0.0,0.0,0.01,0.09,0.02,0.0,0.0,0.0,0.16,0.0,0.14,0.06,0.03,0.02,0.03,0.03,0.02,0.0,0.0,0.0,0.3,0.06,0
0.0,0.21,0.25,0.0,0.0,0.24,0.07,0.09,0.0,0.01,0.0,0.45,0.0,0.17,0.15,0.02,0.01,0.11,0.02,0.0,0.01,0.0,0.0,0.24,0.2,0
0.0,0.0,0.25,0.01,0.0,0.19,0.07,0.05,0.0,0.13,0.02,0.09,0.12,0.56,0.48,0.2,0.02,0.11,0.11,0.02,0.02,0.0,0.0,0.65,0.0,0
0.0,0.0,0.25,0.0,0.0,0.06,0.14,0.05,0.07,0.08,0.02,0.08,0.0,0.7,0.25,0.01,0.02,0.22,0.03,0.0,0.02,0.0,0.0,0.6,0.0,0
0.0,0.0,0.25,0.0,0.0,0.18,0.19,0.04,0.0,0.02,0.0,0.1,0.02,0.0,0.25,0.0,0.06,0.11,0.05,0.03,0.04,0.0,0.0,0.38,0.17,0
0.0,0.0,0.25,0.01,0.0,0.15,0.12,0.04,0.0,0.02,0.0,0.1,0.02,0.55,0.59,0.0,0.07,0.11,0.05,0.0,0.06,0.0,0.0,0.57,0.0,0
0.0,0.0,0.25,0.0,0.0,0.23,0.07,0.06,0.0,0.0,0.0,0.15,0.07,0.02,0.38,0.0,0.07,0.11,0.05,0.0,0.02,0.0,0.0,0.99,0.0,0
0.0,0.0,0.21,0.0,0.0,0.35,0.24,0.03,0.0,0.02,0.03,0.11,0.23,0.43,0.32,0.01,0.12,0.09,0.06,0.02,0.11,0.0,0.0,1.0,0.0,0
0.04,0.0,0.25,0.03,0.0,0.01,0.07,0.05,0.01,0.04,0.04,0.03,0.0,0.9,0.24,0.0,0.12,0.31,0.05,0.0,0.0,0.0,0.0,0.59,0.41,0
0.0,0.11,0.25,0.0,0.0,0.28,0.07,0.08,0.0,0.0,0.0,0.17,0.06,0.0,0.34,0.0,0.1,0.11,0.05,0.0,0.02,0.0,0.0,0.33,0.21,0
0.0,0.19,0.25,0.01,0.0,0.18,0.11,0.06,0.0,0.07,0.0,0.23,0.0,0.36,0.37,0.01,0.02,0.06,0.02,0.01,0.01,0.0,0.0,0.9,0.0,0
0.0,0.02,0.25,0.0,0.0,0.0,0.07,0.02,0.0,0.01,0.0,0.75,0.0,0.07,0.03,0.04,0.03,0.02,0.02,0.02,0.0,0.0,0.0,0.93,0.0,0
0.01,0.0,0.25,0.01,0.0,0.0,0.1,0.03,0.06,0.07,0.05,0.04,0.04,0.83,0.25,0.0,0.14,0.26,0.03,0.0,0.02,0.0,0.0,0.8,0.19,0
0.0,0.03,0.25,0.01,0.0,0.23,0.07,0.04,0.0,0.11,0.01,0.17,0.09,0.47,0.39,0.2,0.03,0.11,0.09,0.02,0.02,0.0,0.0,0.45,0.0,0
0.01,0.0,0.38,0.0,0.01,0.17,0.11,0.04,0.0,0.0,0.0,0.19,0.03,0.0,0.3,0.0,0.03,0.11,0.04,0.0,0.02,0.0,0.0,0.59,0.0,0
0.02,0.0,0.35,0.0,0.0,0.0,0.26,0.04,0.0,0.02,0.01,0.04,0.0,0.25,0.12,0.05,0.05,0.22,0.08,0.05,0.05,0.0,0.0,0.79,0.2,0
0.0,0.0,0.25,0.02,0.0,0.08,0.11,0.04,0.04,0.03,0.04,0.07,0.04,0.67,0.31,0.0,0.08,0.22,0.04,0.0,0.01,0.0,0.0,0.71,0.27,0
0.0,0.0,0.25,0.0,0.0,0.17,0.11,0.07,0.04,0.03,0.01,0.17,0.03,0.34,0.43,0.0,0.04,0.17,0.04,0.0,0.02,0.0,0.0,0.67,0.0,0
0.0,0.0,0.25,0.0,0.0,0.0,0.07,0.02,0.0,0.05,0.01,0.11,0.0,0.59,0.37,0.0,0.01,0.11,0.01,0.0,0.0,0.0,0.0,0.5,0.0,0
0.0,0.0,0.25,0.0,0.0,0.05,0.2,0.02,0.0,0.05,0.01,0.05,0.12,0.39,0.7,0.0,0.1,0.11,0.04,0.02,0.05,0.3,0.0,0.58,0.23,1
0.0,0.0,0.25,0.0,0.0,0.0,0.07,0.02,0.0,0.0,0.01,0.11,0.0,0.0,0.37,0.0,0.0,0.11,0.05,0.04,0.03,0.0,0.0,0.53,0.0,1
0.0,0.04,0.25,0.0,0.0,0.0,0.07,0.03,0.0,0.02,0.0,0.25,0.05,0.0,0.44,0.0,0.03,0.11,0.03,0.03,0.08,0.0,0.0,0.51,0.19,0
0.0,0.0,0.25,0.0,0.0,0.17,0.07,0.03,0.0,0.04,0.0,0.23,0.0,0.0,0.32,0.02,0.01,0.11,0.03,0.03,0.04,0.0,0.0,0.71,0.0,0
0.0,0.0,0.25,0.05,0.01,0.03,0.07,0.03,0.0,0.07,0.01,0.04,0.03,0.87,0.49,0.01,0.12,0.11,0.15,0.01,0.02,0.0,0.0,0.41,0.36,0
0.04,0.0,0.42,0.01,0.01,0.04,0.17,0.06,0.0,0.04,0.01,0.02,0.04,0.67,0.24,0.09,0.11,0.19,0.08,0.02,0.02,0.0,0.01,0.44,0.35,1
0.0,0.04,0.25,0.0,0.0,0.13,0.07,0.04,0.0,0.0,0.02,0.13,0.01,0.55,0.16,0.0,0.0,0.32,0.07,0.02,0.02,0.0,0.0,0.38,0.0,0
0.0,0.0,0.25,0.01,0.0,0.2,0.13,0.03,0.0,0.02,0.01,0.07,0.11,0.61,0.62,0.0,0.06,0.11,0.04,0.01,0.09,0.0,0.0,0.46,0.06,0
0.0,0.0,0.25,0.01,0.0,0.0,0.14,0.02,0.0,0.05,0.03,0.04,0.08,0.55,0.2,0.0,0.15,0.15,0.05,0.01,0.02,0.0,0.0,0.27,0.0,0
0.0,0.81,0.25,0.01,0.0,0.24,0.07,0.21,0.0,0.0,0.01,0.38,0.0,0.18,0.25,0.06,0.22,0.2,0.11,0.04,0.0,0.0,0.0,0.21,0.3,0
0.04,0.0,0.25,0.01,0.04,0.03,0.11,0.03,0.02,0.05,0.05,0.02,0.0,0.83,0.26,0.01,0.21,0.11,0.07,0.01,0.02,0.0,0.0,0.71,0.37,0
0.0,0.0,0.43,0.01,0.0,0.0,0.12,0.03,0.03,0.08,0.02,0.02,0.0,0.71,0.38,0.0,0.15,0.22,0.05,0.02,0.02,0.0,0.0,0.38,0.0,0
0.01,0.01,0.25,0.01,0.0,0.0,0.14,0.03,0.29,0.01,0.02,0.03,0.0,0.65,0.12,0.15,0.05,0.22,0.04,0.02,0.02,0.0,0.0,0.53,0.12,0
0.0,0.0,0.25,0.0,0.0,0.24,0.07,0.04,0.0,0.02,0.02,0.09,0.34,0.13,0.32,0.01,0.06,0.11,0.07,0.03,0.02,0.0,0.0,0.28,0.0,0
0.0,0.06,0.25,0.0,0.0,0.28,0.2,0.03,0.0,0.02,0.02,0.08,0.16,0.53,0.28,0.0,0.09,0.15,0.07,0.02,0.09,0.0,0.0,0.78,0.0,0
0.0,0.1,0.25,0.0,0.0,0.0,0.14,0.02,0.0,0.01,0.01,0.04,0.0,0.33,0.15,0.0,0.04,0.11,0.05,0.03,0.02,0.0,0.0,0.4,0.06,0
0.0,0.06,0.64,0.02,0.0,0.07,0.18,0.04,0.0,0.0,0.0,0.17,0.0,0.58,0.12,0.06,0.1,0.2,0.11,0.02,0.02,0.0,0.0,0.48,0.06,0
0.0,0.02,0.25,0.0,0.0,0.0,0.07,0.02,0.0,0.02,0.0,0.56,0.0,0.06,0.12,0.15,0.0,0.13,0.04,0.04,0.0,0.0,0.0,0.92,0.25,0
0.0,0.0,0.25,0.0,0.0,0.0,0.07,0.02,0.0,0.02,0.0,0.15,0.06,0.14,0.39,0.0,0.04,0.11,0.0,0.0,0.03,0.0,0.0,0.3,0.0,0
0.0,0.0,0.02,0.0,0.0,0.01,0.01,0.02,0.0,0.0,0.0,0.43,0.0,0.04,0.13,0.02,0.0,0.12,0.01,0.0,0.0,0.0,0.0,0.49,0.02,0
0.04,0.0,0.25,0.03,0.01,0.05,0.08,0.09,0.03,0.14,0.11,0.05,0.0,0.98,0.12,0.03,0.08,0.22,0.04,0.0,0.0,0.0,0.0,0.23,0.22,0
0.0,0.0,0.25,0.01,0.0,0.27,0.07,0.04,0.0,0.07,0.02,0.09,0.13,0.41,0.4,0.05,0.01,0.11,0.06,0.02,0.02,0.0,0.0,0.4,0.0,0
0.0,0.0,0.25,0.0,0.0,0.0,0.07,0.02,0.01,0.02,0.01,0.11,0.02,0.28,0.17,0.0,0.01,0.15,0.12,0.01,0.02,0.0,0.0,0.5,0.0,0
0.0,0.0,0.25,0.0,0.0,0.0,0.07,0.02,0.0,0.03,0.0,0.09,0.11,0.08,0.35,0.0,0.04,0.11,0.04,0.01,0.05,0.0,0.0,0.62,0.0,0
0.0,0.0,0.25,0.01,0.0,0.06,0.15,0.03,0.0,0.01,0.04,0.1,0.04,0.32,0.18,0.0,0.03,0.11,0.07,0.04,0.03,0.0,0.0,1.0,0.0,0
0.0,0.08,0.25,0.0,0.0,0.02,0.07,0.02,0.0,0.0,0.0,0.19,0.03,0.01,0.02,0.04,0.02,0.01,0.01,0.0,0.0,0.0,0.0,0.3,0.0,0
0.02,0.0,0.25,0.0,0.07,0.0,0.09,0.02,0.0,0.0,0.0,0.06,0.08,0.0,0.15,0.0,0.13,0.14,0.05,0.01,0.07,0.08,0.0,0.64,0.31,0
0.0,0.0,0.25,0.0,0.0,0.21,0.07,0.05,0.0,0.0,0.0,0.17,0.06,0.0,0.39,0.0,0.06,0.11,0.04,0.0,0.02,0.0,0.0,0.96,0.0,0
0.0,0.0,0.67,0.0,0.0,0.47,0.19,0.03,0.0,0.02,0.01,0.08,0.11,0.95,0.48,0.0,0.01,0.13,0.02,0.02,0.13,0.56,0.0,0.48,0.21,1
0.0,0.0,0.31,0.0,0.0,0.01,0.09,0.02,0.0,0.02,0.0,0.23,0.05,0.09,0.44,0.36,0.02,0.11,0.37,0.43,0.06,0.0,0.0,0.58,0.0,0
0.0,0.02,0.25,0.0,0.0,0.01,0.08,0.02,0.01,0.0,0.01,0.58,0.01,0.07,0.05,0.14,0.02,0.02,0.06,0.06,0.0,0.0,0.0,0.63,0.0,0
0.02,0.07,0.44,0.02,0.0,0.0,0.13,0.02,0.0,0.04,0.0,0.05,0.0,0.57,0.19,0.01,0.02,0.08,0.05,0.02,0.02,0.0,0.0,0.49,0.0,0
0.0,0.0,0.25,0.0,0.0,0.23,0.13,0.05,0.0,0.0,0.03,0.18,0.07,0.22,0.28,0.02,0.03,0.11,0.1,0.09,0.03,0.0,0.0,0.95,0.0,0
0.0,0.05,0.25,0.01,0.0,0.18,0.12,0.04,0.0,0.0,0.01,0.17,0.04,0.19,0.28,0.02,0.06,0.11,0.12,0.1,0.03,0.0,0.0,0.7,0.0,0
0.0,0.0,0.32,0.0,0.0,0.0,0.14,0.02,0.01,0.06,0.01,0.05,0.0,0.42,0.28,0.0,0.08,0.14,0.03,0.01,0.02,0.0,0.0,0.53,0.18,0
0.0,0.0,0.25,0.02,0.0,0.12,0.07,0.04,0.0,0.11,0.02,0.09,0.09,0.65,0.42,0.15,0.01,0.11,0.1,0.02,0.03,0.0,0.0,0.56,0.08,0
0.0,0.26,0.25,0.0,0.0,0.29,0.07,0.1,0.0,0.0,0.0,0.54,0.0,0.0,0.13,0.02,0.0,0.11,0.02,0.0,0.0,0.0,0.0,0.25,0.24,0
0.0,0.0,0.25,0.0,0.0,0.07,0.07,0.02,0.0,0.09,0.0,0.11,0.03,0.08,0.47,0.0,0.02,0.11,0.01,0.01,0.02,0.0,0.0,0.66,0.0,0
0.01,0.0,0.25,0.01,0.0,0.24,0.09,0.04,0.03,0.05,0.03,0.08,0.1,0.45,0.4,0.0,0.03,0.14,0.04,0.02,0.02,0.0,0.0,0.48,0.11,0
0.0,0.01,0.25,0.0,0.0,0.0,0.07,0.02,0.02,0.05,0.0,0.27,0.0,0.0,0.53,0.05,0.0,0.18,0.02,0.02,0.02,0.0,0.0,0.94,0.25,0
0.0,0.0,0.25,0.01,0.0,-0.09,0.07,0.02,0.03,0.2,0.03,0.13,-0.04,1.08,0.63,-0.02,0.03,0.22,0.03,0.0,0.05,0.0,0.0,0.87,0.0,0
0.01,0.0,0.32,0.0,0.01,0.21,0.11,0.1,0.0,0.05,-0.0,0.12,0.1,0.17,0.12,0.18,0.14,0.22,0.14,0.12,0.06,0.0,0.01,0.46,0.5,1
0.01,0.05,0.25,-0.01,-0.01,0.3,0.14,0.08,0.0,0.0,0.01,0.23,0.0,0.03,0.25,0.06,0.01,0.22,0.09,0.06,0.01,0.0,0.0,-0.11,0.25,0
0.04,0.0,0.4,0.02,0.0,-0.14,0.26,0.0,0.0,0.03,0.04,-0.03,-0.12,1.19,0.12,0.0,-0.01,0.11,0.15,0.06,0.02,0.0,0.0,0.22,0.35,0
0.0,0.0,0.25,0.01,0.0,0.09,0.23,0.01,0.0,0.04,0.02,0.18,0.14,1.36,0.84,0.0,0.04,0.11,0.04,0.02,0.1,0.0,0.0,0.31,0.0,0
0.0,0.0,0.49,0.02,0.0,0.56,0.42,0.04,0.0,0.02,0.0,0.1,0.25,0.47,0.72,0.0,-0.02,0.01,0.09,0.04,0.07,0.0,0.0,0.15,0.25,0
0.01,0.0,0.38,0.02,0.0,0.18,0.22,0.07,0.0,0.09,0.01,-0.07,0.1,0.88,-0.07,0.06,0.07,0.11,0.12,0.02,0.02,0.0,0.0,0.97,0.25,0
0.0,0.0,0.25,0.01,0.0,0.0,0.19,0.02,0.0,-0.02,0.04,-0.03,0.22,0.08,-0.21,0.0,0.05,0.3,0.05,0.04,0.13,0.22,0.02,0.27,0.33,1
0.02,0.0,0.25,0.0,0.0,0.12,0.07,0.17,0.0,0.0,0.01,0.09,0.0,0.76,0.12,0.0,-0.03,0.44,0.04,0.02,0.0,0.0,0.0,1.37,0.5,0
0.0,-0.02,0.25,0.0,0.0,0.41,0.14,0.04,0.0,0.07,-0.01,0.31,0.07,-0.28,0.63,0.0,-0.02,0.03,0.01,0.01,0.05,0.0,0.0,1.07,0.0,0
0.0,0.0,0.25,0.0,0.0,-0.42,0.07,-0.02,0.0,0.02,0.0,0.19,-0.3,0.86,0.17,-0.02,0.01,0.21,0.01,-0.02,0.05,0.0,-0.11,0.85,0.0,0
0.02,0.0,0.25,0.01,0.0,-0.19,0.14,0.06,0.0,-0.02,0.02,-0.02,-0.3,0.76,0.01,0.02,0.0,0.29,0.13,0.03,-0.04,0.0,0.0,0.6,0.09,0
0.0,0.0,0.25,-0.01,0.0,0.04,0.19,0.04,0.04,0.01,0.05,0.0,0.0,0.57,0.3,0.01,0.13,0.29,0.06,0.02,-0.0,0.0,0.0,0.79,0.15,0
0.0,0.0,0.25,0.01,0.0,0.17,0.14,0.03,0.0,0.09,0.03,0.03,0.13,0.5,0.07,0.03,0.21,0.11,0.09,0.05,0.01,0.0,0.0,0.18,0.0,0
0.02,0.0,0.25,0.03,0.0,-0.05,0.07,0.08,0.0,0.15,0.02,-0.06,0.0,1.25,0.87,0.0,0.02,0.22,0.11,0.02,-0.05,-0.32,0.0,0.18,0.24,0
0.0,-0.03,0.25,0.01,0.0,-0.23,0.07,-0.04,0.0,0.02,0.0,-0.1,0.0,0.78,0.64,0.0,0.03,0.11,0.02,0.0,0.04,0.0,0.0,0.97,-0.19,0
0.0,0.0,0.25,0.0,0.0,0.25,0.07,0.03,-0.06,0.05,-0.03,0.27,0.11,-0.46,0.95,-0.02,-0.07,0.02,-0.02,0.0,0.07,0.0,0.0,1.17,0.0,0
0.0,0.04,0.25,0.0,0.0,-0.22,0.07,-0.01,0.0,0.02,0.0,0.45,-0.05,0.0,0.09,0.04,-0.07,0.0,-0.03,0.0,0.0,0.0,0.0,1.25,-0.19,0
0.0,0.0,0.25,-0.01,0.0,0.14,0.01,0.04,0.03,-0.02,0.01,0.08,0.12,0.22,0.48,0.0,0.07,0.11,0.03,-0.02,0.02,0.0,0.0,1.27,0.0,0
0.0,0.0,0.08,0.02,0.0,-0.08,0.12,0.03,0.0,0.04,0.0,0.12,0.09,1.46,0.5,0.0,0.02,0.11,0.03,0.0,0.05,0.0,0.0,1.22,0.0,0
0.0,0.05,0.75,-0.01,-0.0,0.46,0.17,0.01,0.0,-0.07,0.0,0.13,0.13,0.56,0.04,0.02,-0.02,0.04,0.0,0.02,0.13,0.67,0.0,0.18,0.25,0
0.0,0.0,0.25,0.0,0.0,0.12,0.07,0.04,0.0,0.0,0.01,0.16,0.06,0.16,0.12,0.0,-0.06,0.12,-0.03,-0.02,0.07,0.0,0.0,1.3,0.0,0
0.0,0.03,0.25,0.0,0.0,0.2,-0.06,0.06,0.0,-0.01,-0.02,0.34,-0.09,-0.3,0.23,0.17,-0.01,0.11,0.06,0.04,-0.05,0.0,0.0,0.72,0.0,0
0.0,0.0,0.51,0.0,0.0,0.39,0.22,0.08,0.07,0.06,0.03,0.13,0.07,1.01,0.38,-0.02,0.03,0.16,0.02,0.01,0.09,0.34,0.0,0.11,0.13,0
-0.01,0.18,0.25,-0.01,0.0,0.07,0.03,0.0,-0.02,-0.08,-0.08,0.22,0.0,-0.17,0.17,-0.02,-0.05,0.11,0.0,0.0,0.04,0.0,-0.14,1.0,-0.46,0
0.06,0.02,0.25,0.03,0.0,0.06,0.14,0.11,0.17,0.08,0.1,0.01,0.07,1.58,0.06,0.0,0.66,0.14,0.08,0.0,-0.02,0.0,0.31,-0.09,0.88,1
0.0,0.13,0.25,-0.01,0.0,0.0,0.25,0.02,0.0,0.0,0.03,-0.07,0.0,-0.01,-0.06,0.03,0.06,0.11,0.12,0.06,-0.03,0.0,0.01,0.14,0.0,0
0.0,0.09,0.25,0.0,0.0,0.54,0.07,0.08,0.0,0.0,-0.05,0.56,0.05,-0.66,0.42,0.12,0.1,0.02,0.04,0.0,0.0,0.0,0.0,0.58,-0.2,0
0.0,0.0,0.25,0.0,0.0,0.52,0.14,0.06,0.0,-0.02,0.0,0.09,0.2,0.0,0.37,0.0,0.1,-0.33,0.09,0.0,0.05,0.0,-0.09,1.17,0.25,0
0.0,0.0,0.25,-0.02,0.0,0.06,0.14,-0.01,0.03,0.15,0.01,0.11,0.0,0.11,0.38,0.0,-0.02,0.22,-0.1,0.02,0.02,0.0,0.0,1.01,-0.42,0
0.0,0.0,0.25,0.04,0.01,-0.14,0.14,0.02,0.16,0.08,0.08,-0.07,-0.04,1.32,0.18,0.01,0.05,0.18,0.03,0.0,0.01,0.0,0.0,1.04,0.0,0
0.0,-0.04,0.25,0.0,0.0,-0.04,0.07,0.01,0.0,0.02,0.03,-0.22,0.0,0.7,0.44,-0.03,0.04,0.11,0.03,0.02,0.06,0.0,0.0,1.33,0.0,0
0.0,0.5,0.43,0.01,0.0,0.17,0.12,0.14,0.0,0.02,-0.02,0.22,0.0,1.0,0.71,-0.01,0.07,0.19,0.07,0.0,0.08,0.0,0.0,0.71,0.0,0
0.04,0.84,0.47,0.01,0.0,0.29,0.2,0.25,0.0,0.0,0.02,0.33,0.0,0.54,0.25,0.06,0.23,0.22,0.13,0.04,0.0,0.0,0.0,-0.4,0.25,0
0.0,0.0,0.25,0.0,0.0,0.24,0.03,0.06,0.0,-0.01,0.0,0.15,0.07,0.19,0.18,0.04,0.02,0.18,0.05,-0.03,-0.0,0.0,-0.0,0.82,0.25,0
0.03,0.0,0.25,0.03,0.01,0.04,0.14,0.08,0.07,0.27,0.13,-0.01,0.0,1.48,-0.16,0.06,0.22,0.22,0.07,0.0,-0.02,0.0,0.0,0.25,0.0,0
0.0,0.0,0.25,0.0,0.0,-0.23,0.02,-0.01,0.26,0.0,0.15,-0.02,-0.1,1.14,0.28,0.02,0.07,0.22,0.05,0.05,0.02,0.0,0.0,1.45,0.0,0
-0.02,0.02,0.25,-0.03,-0.03,0.0,0.14,0.02,0.0,0.02,0.01,0.66,0.0,-0.98,0.25,0.15,-0.03,0.0,0.07,0.11,0.05,0.0,0.0,0.59,0.0,0
0.02,0.0,0.25,0.03,0.01,0.0,0.09,0.06,0.05,0.27,0.11,0.03,0.0,1.16,0.25,0.01,0.18,0.42,0.05,0.02,0.0,0.0,0.0,0.74,0.5,0
0.02,0.02,0.25,0.0,0.0,0.06,0.19,0.07,0.17,0.06,0.07,-0.04,0.07,0.23,-0.07,0.02,0.63,0.29,0.08,0.03,0.0,0.0,0.31,-0.07,0.5,1
0.02,0.0,0.25,0.02,0.0,0.0,0.07,0.02,0.0,0.24,0.03,0.19,0.1,0.4,0.64,0.04,-0.02,0.05,0.07,0.02,0.02,0.0,0.01,0.79,0.25,0
0.0,0.0,0.25,0.0,0.0,0.18,0.07,0.06,0.03,-0.09,0.02,0.15,0.13,-0.17,0.13,0.02,0.06,0.11,0.07,0.0,0.0,0.0,0.0,1.16,0.71,0
0.0,0.0,0.25,0.0,0.0,-0.09,0.09,0.01,0.0,-0.06,0.03,0.04,0.05,0.57,0.18,0.0,-0.04,0.11,0.06,0.02,0.02,0.26,0.24,1.05,0.0,0
0.0,0.0,0.26,-0.01,-0.01,0.06,0.01,-0.01,0.0,-0.38,-0.04,0.24,0.0,-0.44,0.25,-0.05,-0.02,0.11,0.0,0.02,0.0,0.0,0.0,1.14,-0.71,0
0.01,0.11,0.25,0.01,0.0,0.16,0.02,0.04,0.0,0.01,-0.0,0.07,0.13,0.59,0.5,0.0,0.08,0.11,0.02,0.0,0.02,0.0,0.0,0.11,0.0,0
0.12,0.0,0.25,0.1,0.0,0.05,0.21,0.03,0.28,0.05,0.11,0.01,0.0,1.39,0.25,0.0,0.02,0.12,0.19,0.1,0.02,0.0,0.0,0.6,0.23,0
0.0,0.0,0.25,0.0,0.0,-0.04,0.19,0.02,0.05,-0.07,0.02,0.01,0.0,0.5,0.38,-0.01,-0.07,0.11,0.07,0.02,0.04,0.0,0.0,1.0,0.0,0
0.0,-0.06,0.25,0.02,0.0,-0.24,0.07,0.0,0.0,0.04,0.01,-0.07,0.0,1.55,0.67,-0.08,-0.01,0.11,0.02,-0.02,0.07,0.0,0.0,0.47,0.0,0
0.02,0.0,0.25,0.03,0.0,0.16,0.14,0.12,0.03,0.23,0.14,0.06,0.0,1.54,0.82,0.06,0.19,0.22,0.01,-0.04,-0.04,0.0,0.23,0.08,0.75,1
0.0,0.0,0.25,-0.01,0.0,0.21,0.07,0.05,0.0,-0.04,0.0,0.2,0.06,-0.25,0.36,0.04,0.04,0.22,0.07,0.0,0.05,0.0,-0.0,1.58,0.0,0
0.04,0.02,0.25,0.02,0.0,-0.29,0.21,0.15,0.2,0.2,0.2,-0.29,0.07,1.78,0.62,0.08,0.73,0.22,0.06,-0.04,-0.05,0.0,0.54,0.08,1.24,1
0.0,0.01,0.25,-0.01,0.0,0.06,0.07,0.02,0.32,-0.03,-0.03,0.18,-0.04,-0.13,0.17,0.19,-0.02,0.11,0.03,0.06,0.04,0.0,0.0,0.58,-0.15,0
0.0,0.0,0.25,0.01,0.0,0.05,0.2,0.05,0.05,0.11,0.05,-0.46,0.24,0.93,0.45,-0.02,0.24,0.29,0.09,0.02,0.06,0.0,0.0,-0.19,0.2,0
0.0,0.0,0.5,-0.04,0.01,0.06,0.17,0.05,-0.17,0.39,0.0,0.13,0.0,0.98,0.4,0.07,0.01,0.04,0.03,0.01,0.08,0.0,0.0,0.42,0.75,0
0.0,0.0,0.25,0.01,0.0,0.24,0.12,0.07,0.0,-0.02,0.02,0.1,0.07,0.41,0.08,0.02,0.07,0.19,0.04,-0.06,-0.04,0.0,0.0,0.34,0.25,0
0.02,0.0,0.25,0.0,0.0,0.19,0.14,0.07,0.07,0.09,0.1,0.04,0.04,0.29,0.12,0.0,0.3,0.33,0.07,0.0,-0.01,0.0,0.0,0.32,0.0,1
0.0,0.19,0.09,0.02,0.0,-0.21,0.0,0.07,0.0,0.38,0.11,0.06,-0.17,0.61,0.02,0.06,0.23,0.37,0.04,0.0,0.01,0.0,0.0,1.01,0.0,0
0.0,0.0,0.5,0.01,0.0,0.0,0.14,0.03,-0.1,0.08,-0.06,0.08,0.04,0.17,0.46,-0.01,0.18,0.22,0.1,0.09,0.06,0.0,0.0,-0.14,0.0,0
0.02,0.0,0.48,-0.01,0.01,0.34,0.2,0.06,0.0,-0.02,0.0,0.08,0.38,-0.92,-0.21,0.0,0.07,0.11,0.06,0.0,0.0,0.0,0.0,0.94,0.25,0
0.0,0.0,0.25,0.0,0.01,0.0,0.21,0.03,0.0,0.03,0.03,-0.13,0.02,1.3,0.01,-0.29,0.09,0.18,-0.17,-0.25,-0.01,0.0,0.0,0.64,0.0,0
0.0,0.0,0.25,0.03,0.0,0.12,0.08,0.03,0.0,0.09,0.01,0.04,0.0,0.89,0.62,0.0,0.05,0.11,0.05,-0.02,0.05,0.0,0.01,0.33,0.0,0
0.04,0.0,0.25,0.04,0.0,0.0,0.12,0.05,0.0,0.01,0.06,-0.05,0.0,1.36,0.04,0.0,0.12,0.11,0.08,0.0,0.02,0.0,-0.07,0.16,0.5,0
0.01,0.0,0.25,0.01,0.0,0.04,0.07,0.11,0.0,0.02,0.0,0.19,0.0,1.16,0.34,0.0,-0.02,0.26,0.03,0.0,0.06,0.0,0.0,1.31,0.33,0
0.0,0.0,0.25,0.0,0.0,0.01,0.0,-0.01,-0.03,0.0,-0.01,0.72,-0.06,0.22,0.0,0.02,-0.01,0.0,-0.02,0.0,-0.02,0.0,0.0,1.55,-0.24,0
0.01,0.01,0.09,-0.01,0.0,0.0,-0.02,0.09,0.11,0.03,0.04,0.2,-0.06,0.24,0.05,0.01,0.43,0.18,0.06,0.0,0.01,0.0,0.2,0.69,0.33,1
0.02,0.0,0.5,0.02,0.0,0.05,0.2,0.07,0.17,0.13,0.05,0.0,0.05,0.79,0.38,0.02,0.65,0.31,0.08,0.0,0.01,0.0,0.24,-0.41,0.39,1
0.0,0.0,0.25,0.01,0.0,0.1,0.26,0.03,0.0,0.05,0.08,-0.09,0.19,0.17,-0.26,0.0,0.22,0.11,0.13,0.08,0.05,0.0,0.0,0.82,0.0,0
0.0,0.01,0.25,0.01,0.0,-0.04,0.07,0.02,0.0,-0.01,0.02,0.07,0.0,1.43,0.19,0.02,0.02,0.11,0.05,0.01,0.06,0.0,0.0,1.23,0.0,0
0.0,-0.07,0.25,0.0,0.0,0.2,0.19,0.03,0.0,0.07,0.03,-0.35,0.51,0.44,0.77,-0.03,0.15,0.11,0.09,0.02,0.07,0.28,0.01,0.25,0.21,1
0.0,0.0,0.25,0.0,0.01,0.0,0.14,0.02,0.0,0.02,0.0,0.26,0.33,0.0,0.25,0.0,-0.09,0.12,-0.02,0.0,0.18,0.33,0.0,1.2,0.5,0
0.02,0.0,0.25,0.02,0.0,0.16,0.23,0.11,0.03,0.18,0.14,-0.07,0.0,1.4,0.57,0.06,0.26,0.22,0.07,0.03,-0.04,0.0,0.26,-0.18,0.9,1
-0.02,0.0,0.08,0.0,-0.01,-0.08,0.02,0.02,0.0,0.02,0.02,0.05,0.07,0.49,0.38,0.0,0.09,0.19,-0.01,0.02,0.02,0.0,0.0,0.11,0.0,0
0.01,-0.01,0.25,0.1,0.0,0.0,0.07,0.03,0.02,0.07,0.05,-0.25,0.04,1.26,0.38,-0.08,0.14,0.17,0.28,0.01,0.04,0.0,0.0,0.49,0.0,0
0.0,0.0,0.25,0.01,0.0,0.0,0.07,0.03,0.0,0.05,-0.01,0.28,0.0,0.94,0.62,0.02,0.01,0.11,-0.02,-0.04,0.12,0.0,0.04,1.39,0.25,0
0.02,-0.09,0.25,0.02,0.01,0.03,0.22,0.06,0.1,0.14,0.1,-0.04,0.03,0.94,0.18,-0.01,0.32,0.39,0.06,0.01,0.0,0.0,0.0,0.42,0.63,0
0.08,0.0,0.25,0.04,0.0,-0.04,0.14,0.01,0.0,0.12,0.05,-0.01,0.09,0.9,0.12,-0.01,0.37,0.22,0.03,0.0,0.0,0.0,0.01,0.96,-0.34,1
-0.02,0.0,0.69,-0.01,0.0,0.46,0.2,0.03,0.0,-0.02,0.01,0.22,0.0,0.18,0.47,0.0,-0.02,0.11,0.02,0.04,0.13,0.58,-0.01,0.55,0.22,0
0.02,0.0,0.5,0.02,0.02,0.06,0.32,0.06,0.0,0.4,0.06,-0.0,0.0,1.39,0.06,0.06,0.04,0.11,0.08,0.02,0.03,0.0,0.0,0.48,0.75,0
0.04,-0.11,0.25,0.03,0.01,0.2,0.07,0.11,0.03,0.15,0.12,0.04,0.04,1.0,0.2,0.03,0.11,0.22,0.06,0.0,0.0,0.0,0.0,0.23,0.25,0
0.0,0.0,0.25,0.0,0.0,-0.2,0.07,-0.02,0.0,0.0,0.01,0.11,-0.06,0.0,0.02,0.02,-0.05,0.11,0.16,0.04,0.02,0.0,0.0,0.22,0.0,0
0.0,0.62,0.25,0.01,0.0,0.18,0.07,0.17,0.0,0.01,0.0,0.35,0.0,1.0,0.55,0.05,0.15,0.18,0.07,0.03,-0.01,0.0,0.0,1.0,0.16,0
-0.01,0.02,0.25,0.0,-0.06,0.0,0.07,0.02,0.0,0.02,0.0,1.02,0.0,0.0,0.25,0.04,-0.09,0.0,-0.02,0.02,0.0,0.0,0.0,0.93,-0.16,0
0.05,0.0,0.07,0.02,0.0,0.0,0.04,0.02,0.0,0.16,0.07,0.32,0.0,0.33,0.12,0.03,0.32,0.14,0.02,-0.02,-0.02,0.0,0.0,0.38,0.0,0
-0.03,0.0,0.65,-0.0,-0.01,-0.04,0.19,-0.02,0.03,0.03,-0.05,-0.0,0.0,0.45,0.53,-0.02,0.27,0.22,0.08,0.04,0.04,0.0,0.0,0.29,-0.15,1
0.0,0.0,0.25,0.0,0.0,0.0,0.07,0.02,0.0,0.0,0.0,0.2,0.0,0.19,0.2,0.02,0.0,0.29,-0.05,0.01,0.02,0.0,0.0,0.78,0.0,0
0.0,-0.36,0.25,0.01,0.0,0.11,0.11,-0.02,0.0,0.04,0.01,-0.05,0.13,0.26,0.44,-0.01,0.12,0.11,0.04,0.01,0.04,0.0,0.0,0.83,0.0,0
0.0,0.0,0.25,0.0,0.0,0.04,0.14,0.02,0.0,-0.01,0.01,0.11,0.0,0.0,0.29,0.0,0.05,0.11,0.1,0.07,0.08,0.0,0.01,1.46,0.0,0
0.02,0.0,0.12,0.03,0.02,0.12,-0.0,0.01,0.0,-0.21,-0.03,0.17,0.03,0.54,0.19,-0.01,0.08,0.11,0.07,0.05,0.01,0.0,0.0,1.25,-0.38,0
0.04,-0.03,0.25,0.0,0.0,0.01,0.07,0.05,0.0,0.03,0.03,-0.14,0.07,0.37,0.45,-0.18,0.1,0.11,0.03,-0.06,0.07,0.0,0.0,1.3,0.0,0
0.02,0.0,0.5,0.01,0.0,0.06,0.14,0.03,-0.11,0.02,-0.05,0.11,0.0,0.45,0.04,-0.02,0.02,0.11,0.04,0.02,0.05,0.0,0.0,0.11,0.21,0
0.0,0.0,0.08,-0.01,-0.01,0.02,-0.03,0.01,0.0,-0.26,-0.04,0.38,0.05,-0.61,0.3,0.28,-0.0,0.22,0.3,0.39,0.04,0.0,0.0,0.9,-0.51,0
0.02,0.01,0.25,0.01,0.0,-0.25,0.01,0.01,0.0,0.01,0.02,0.01,-0.16,0.95,0.05,0.0,-0.03,0.22,0.02,0.02,-0.04,0.0,0.0,0.77,0.0,0
-0.04,0.0,0.46,0.02,0.0,0.0,0.2,0.02,0.0,0.02,0.0,0.04,0.0,0.89,0.38,0.0,-0.02,0.22,0.03,0.04,-0.02,0.0,0.0,0.27,0.0,0
0.02,-0.23,0.25,0.02,0.0,0.29,0.13,0.04,0.0,0.84,0.02,0.02,0.13,1.1,0.47,0.24,0.0,0.29,0.19,0.02,0.02,0.0,0.0,0.0,0.0,0
-0.02,0.0,0.25,0.01,0.0,-0.1,0.08,-0.01,0.0,0.22,0.09,0.02,0.0,0.88,0.23,0.05,0.09,0.13,0.01,-0.02,0.0,0.0,0.0,0.57,-0.2,0
-0.01,0.0,0.25,0.0,0.0,0.12,0.03,0.04,0.0,-0.52,0.0,0.2,0.0,0.17,0.32,-0.18,0.05,0.16,-0.08,0.0,0.06,0.0,0.0,0.7,0.0,0
0.0,0.16,0.25,0.01,0.0,0.37,0.07,0.07,0.0,-0.07,-0.04,0.7,0.0,0.35,0.6,0.02,0.06,0.2,0.01,0.02,0.06,0.0,0.0,1.4,-0.2,0
0.0,0.0,0.25,-0.02,0.0,0.29,0.07,0.04,0.0,-0.04,-0.01,0.22,0.13,-0.31,0.14,0.06,0.03,0.01,0.14,0.17,0.12,0.0,0.0,0.5,0.0,0
0.0,0.02,0.25,0.0,0.0,0.17,0.11,0.04,0.0,0.0,0.02,0.03,0.07,0.7,0.25,0.0,0.08,0.11,0.04,-0.0,0.02,0.0,0.0,0.91,0.14,0
0.02,0.0,0.25,0.02,0.01,0.1,0.07,0.08,0.02,0.08,0.07,0.13,0.03,0.55,0.18,0.04,0.05,0.17,0.06,0.0,0.01,0.0,0.0,0.35,0.39,0
0.01,0.0,0.25,-0.01,-0.02,0.0,0.07,0.03,0.07,0.02,0.04,0.01,0.0,0.27,0.19,0.0,0.11,0.28,0.03,0.02,0.01,0.0,0.0,0.27,0.25,0
0.02,0.0,0.25,0.01,0.0,0.24,0.07,0.19,0.05,0.03,0.05,0.12,0.05,0.95,0.21,0.0,0.05,0.44,0.05,0.0,-0.02,0.0,0.0,1.35,0.85,0
0.02,-0.73,0.25,0.02,0.02,-0.04,0.07,-0.03,0.0,0.0,0.03,-0.07,0.0,1.56,0.12,-0.01,0.07,0.11,0.07,0.02,0.04,0.0,0.0,1.41,-0.37,0
0.02,0.0,0.25,0.02,-0.01,0.12,-0.04,0.06,0.0,-0.04,0.06,0.09,-0.05,0.7,0.03,0.0,0.01,0.31,0.03,-0.03,0.02,0.0,0.0,0.04,0.25,0
-0.06,0.0,0.25,0.0,0.0,-0.03,0.14,0.02,0.0,0.58,-0.0,0.05,0.0,0.23,0.05,0.2,0.06,0.29,0.11,-0.01,0.05,0.0,0.0,0.8,-0.14,0
0.0,0.0,0.38,0.04,0.0,0.15,0.26,0.06,0.0,0.41,0.11,-0.01,0.04,1.19,0.76,0.04,0.2,0.44,0.05,0.0,0.02,0.0,0.0,0.47,-0.13,0
-0.03,0.0,0.25,0.0,0.0,0.2,0.02,0.03,-0.07,0.15,0.03,0.7,-0.04,0.11,-0.08,0.06,-0.02,-0.07,0.01,0.01,0.0,0.0,0.0,0.8,0.0,0
0.0,-0.14,0.5,0.0,0.0,-0.05,0.14,0.01,0.07,0.14,0.0,0.04,0.0,0.13,0.95,0.0,0.18,0.22,0.01,0.0,0.02,0.0,0.0,0.71,0.23,0
0.0,0.0,0.25,0.01,0.0,-0.24,0.14,0.02,0.0,0.1,0.05,0.17,0.0,0.86,0.33,0.08,0.05,0.33,0.09,0.09,0.05,0.0,0.0,0.24,0.05,0
0.0,0.03,0.5,0.0,0.01,-0.03,0.16,0.04,0.0,0.38,0.06,0.19,0.0,0.28,-0.22,0.09,0.0,0.03,0.04,0.02,-0.01,0.0,-0.0,0.87,0.75,0
0.0,0.4,0.25,0.0,0.0,0.03,0.11,0.04,0.04,0.0,0.02,0.1,-0.04,0.3,-0.2,0.05,0.12,0.0,0.11,-0.06,-0.03,0.0,0.0,0.16,0.14,0
0.0,0.0,0.25,0.04,0.0,0.05,0.13,0.03,0.03,0.13,0.05,0.02,0.0,1.72,0.73,0.0,0.06,0.2,0.05,0.0,0.1,0.0,0.0,0.67,0.0,0
0.0,0.05,0.25,0.0,0.0,-0.03,0.14,0.03,0.01,0.04,0.01,0.13,0.0,0.18,-0.18,0.01,-0.0,0.1,0.01,0.0,0.04,0.0,0.0,0.34,0.0,0
0.02,0.0,0.25,0.01,0.0,0.23,0.07,0.19,0.0,0.02,0.02,0.1,0.0,1.75,0.13,-0.02,0.06,0.43,0.03,-0.02,0.03,0.0,0.0,0.21,0.48,1
-0.03,0.0,0.11,-0.01,-0.01,0.0,0.06,-0.01,0.03,0.07,0.01,0.09,0.0,0.25,0.32,-0.07,-0.03,0.16,-0.01,0.0,0.05,0.0,-0.01,1.03,-0.29,0
-0.01,0.15,0.25,0.02,0.0,0.0,0.07,0.06,0.0,0.01,0.05,0.16,-0.08,1.04,0.39,0.0,-0.02,0.25,0.08,0.01,0.08,0.0,0.0,1.03,0.0,0
0.0,0.17,0.25,-0.01,0.0,-0.06,0.0,0.02,0.0,0.0,-0.02,0.45,-0.06,-0.59,0.5,0.02,0.0,0.11,-0.05,-0.06,0.0,-0.32,-0.34,0.53,-0.24,0
0.0,0.0,0.25,0.01,0.0,0.0,0.11,0.03,0.0,0.05,0.03,0.01,0.0,0.85,0.25,0.06,0.05,0.36,-0.01,0.0,0.02,0.0,0.0,1.03,0.15,0
0.02,0.16,0.25,0.0,0.0,0.66,0.07,0.26,0.0,-0.02,0.01,0.59,0.0,0.91,0.23,0.03,0.05,0.53,0.04,0.02,0.0,0.0,0.0,0.83,0.7,0
-0.02,0.2,0.01,0.01,-0.01,0.41,-0.07,0.1,0.0,0.02,0.0,0.81,-0.19,0.97,0.74,0.06,0.04,0.22,0.02,0.02,0.05,0.0,0.0,0.95,0.25,0
0.0,0.18,0.25,0.0,0.0,0.22,0.07,0.09,0.0,0.02,0.0,0.21,0.07,0.0,0.47,-0.17,0.04,0.19,-0.03,-0.05,0.02,0.0,0.0,-0.2,0.19,0
0.02,0.17,0.25,0.01,-0.01,-0.29,0.07,0.03,0.0,0.0,0.04,-0.02,0.0,0.74,0.25,0.02,0.0,0.11,0.14,0.02,-0.05,-0.33,0.0,0.48,0.5,0
-0.02,0.02,0.25,0.01,0.0,-0.17,0.07,-0.1,0.0,0.02,0.01,0.12,0.0,0.85,0.84,0.0,0.01,-0.13,0.02,0.02,0.07,0.0,0.0,0.42,-0.36,0
0.0,0.0,0.25,0.01,0.0,-0.11,0.07,0.01,0.02,0.11,0.02,0.07,-0.05,0.74,0.6,-0.02,0.15,0.18,0.01,0.02,0.03,0.0,0.0,0.25,0.15,0
0.08,0.0,0.25,0.01,0.07,0.06,0.1,0.04,0.03,0.51,0.04,0.01,-0.04,0.78,0.06,0.19,0.01,0.17,0.15,-0.05,0.01,0.0,0.0,0.26,0.5,0
-0.02,0.0,0.25,-0.02,-0.0,0.22,0.02,0.02,-0.08,-0.05,-0.08,0.17,0.1,-0.69,0.38,0.06,-0.14,0.28,0.08,0.1,0.08,0.0,0.0,0.67,-0.37,0
0.0,0.0,0.25,0.01,0.0,0.0,0.11,0.03,0.02,0.07,0.01,0.12,0.0,1.33,0.56,0.0,0.02,0.17,0.04,0.0,0.05,0.0,0.0,1.32,0.0,0
0.03,0.01,0.5,0.01,0.01,0.02,0.18,0.04,0.1,0.04,0.04,0.1,0.0,0.49,0.12,0.01,0.3,0.17,0.04,0.0,0.01,0.0,0.18,0.24,0.14,1
0.04,0.0,0.25,0.01,0.0,0.06,0.2,0.04,0.14,0.05,0.09,-0.0,-0.05,1.37,0.59,0.0,0.12,0.22,0.08,0.02,-0.04,0.0,0.0,0.63,0.5,0
0.0,0.0,0.25,0.01,0.0,-0.19,0.07,0.02,0.0,0.07,0.01,-0.05,0.0,0.66,0.58,0.0,0.03,0.11,0.02,-0.02,0.02,0.0,0.01,0.78,0.0,0
0.0,0.0,0.25,0.0,0.0,0.41,0.07,0.07,0.0,-0.02,0.0,0.8,-0.05,0.0,0.09,0.02,0.01,0.0,0.01,0.0,-0.02,0.0,0.0,1.28,0.0,0
0.0,0.0,0.25,0.01,0.0,-0.11,0.14,0.03,0.0,0.1,0.07,-0.09,0.0,1.45,0.0,0.04,0.07,0.33,0.06,0.0,-0.02,0.0,0.0,0.28,0.0,0
0.0,0.01,0.25,0.0,0.0,-0.18,0.07,0.0,0.0,0.02,0.0,0.32,-0.08,0.0,0.3,0.08,0.03,0.44,-0.02,-0.06,-0.02,0.0,0.0,0.8,0.16,0
0.01,0.0,0.25,0.01,0.0,0.06,0.14,0.04,0.38,0.15,0.01,0.01,0.08,0.59,0.32,0.0,0.05,0.16,0.02,-0.01,0.05,0.0,0.01,1.46,0.0,0
0.01,0.0,0.25,0.01,0.0,0.06,0.16,0.02,0.0,0.0,0.03,0.11,0.0,0.46,0.17,-0.01,0.01,0.11,0.12,0.06,0.02,0.0,0.0,0.74,0.31,0
0.0,0.13,0.25,0.01,0.0,-0.11,0.21,0.01,0.0,0.04,0.03,0.08,-0.12,0.27,0.2,-0.02,0.14,0.11,0.11,0.09,0.05,0.0,0.0,0.42,0.0,0
0.0,0.04,0.25,0.0,0.0,0.29,0.07,0.05,0.0,0.0,0.0,0.2,0.13,0.0,0.13,0.09,0.04,-0.1,0.11,0.11,0.05,0.0,0.0,1.65,0.0,0
0.0,0.0,0.25,0.0,0.0,0.38,0.19,0.06,0.0,0.0,0.0,0.07,0.13,-0.05,0.64,0.0,0.12,0.11,0.07,0.0,0.04,0.0,0.0,1.0,0.25,0
0.0,-0.02,0.25,0.0,0.0,0.0,0.21,0.02,0.0,0.02,0.03,-0.51,0.0,0.79,0.44,0.01,0.06,0.2,0.11,0.04,0.06,0.0,0.01,0.53,0.0,1
0.0,0.02,0.25,-0.01,0.0,0.0,0.0,0.02,0.0,-0.07,-0.03,0.7,-0.13,-0.49,0.0,0.15,-0.18,0.11,0.01,0.04,0.02,0.0,0.0,1.05,0.0,0
0.0,0.0,0.25,-0.01,0.01,0.11,0.14,0.06,-0.06,0.12,0.03,0.11,0.0,0.58,0.14,0.0,0.04,0.01,-0.01,0.0,0.02,0.0,0.0,0.41,0.25,0
0.0,-0.01,0.25,0.0,0.0,0.0,0.14,0.02,0.0,0.05,0.04,0.02,0.0,0.8,0.45,0.0,0.03,0.16,0.04,0.04,0.02,0.0,0.0,1.18,0.0,0
0.04,0.0,0.25,0.04,0.0,-0.2,0.07,0.03,0.0,0.05,0.03,0.1,-0.06,1.79,0.54,0.0,0.06,0.3,0.03,0.0,0.0,0.0,0.0,-0.11,0.42,0
0.0,0.2,0.25,0.02,0.0,0.7,0.14,0.13,0.0,0.0,-0.01,0.68,0.0,0.79,0.38,0.04,0.06,0.43,-0.11,0.0,-0.02,0.0,0.0,1.21,0.25,0
0.0,-0.25,0.25,0.0,0.0,0.14,0.14,0.02,0.0,0.0,0.0,-0.08,0.13,0.22,0.54,-0.01,0.13,0.18,0.07,0.01,0.07,0.0,0.0,0.19,0.25,0
0.01,-0.06,0.25,0.01,0.0,-0.07,0.15,0.01,0.0,0.02,0.02,0.18,0.0,0.42,0.43,-0.01,-0.01,0.11,0.06,0.03,0.02,0.0,0.0,0.52,0.14,0
0.0,0.3,0.25,-0.01,0.0,0.14,0.01,0.03,0.0,-0.29,-0.09,0.46,0.0,0.26,0.23,-0.02,-0.15,-0.24,-0.01,0.02,0.06,0.0,0.0,1.24,0.0,0
0.02,0.0,0.25,0.01,0.0,0.09,0.07,0.07,0.0,0.04,-0.01,0.06,0.1,0.57,0.44,0.0,0.14,0.56,0.01,-0.02,0.0,0.0,0.1,0.29,0.0,1
0.0,0.0,0.01,0.02,0.01,0.06,0.07,0.04,0.0,0.27,0.05,0.02,0.0,1.17,0.73,0.04,0.04,0.22,0.04,0.02,0.0,0.0,0.0,1.2,0.0,0
0.0,0.2,0.25,0.01,0.0,0.53,-0.14,0.11,0.0,0.02,-0.01,0.86,0.0,0.98,0.99,0.04,0.07,0.11,-0.02,-0.04,-0.05,0.0,0.0,0.28,0.25,0
0.0,0.0,0.25,0.01,0.0,0.08,0.09,0.07,0.0,0.07,0.03,0.05,0.0,0.81,-0.04,0.04,-0.03,0.19,0.06,-0.01,0.02,0.0,0.0,0.7,0.08,0
0.0,0.0,0.25,-0.01,0.0,0.17,0.03,0.07,0.0,-0.03,-0.0,0.19,0.07,-0.27,0.32,0.02,0.08,0.29,0.04,-0.01,0.01,0.0,0.05,0.88,0.25,1
0.07,0.0,0.25,0.05,0.0,0.0,0.21,0.03,0.03,0.22,0.13,-0.01,0.0,0.9,0.12,0.0,0.25,0.22,0.05,0.0,0.02,0.0,0.0,0.97,0.0,0
0.0,0.01,0.25,0.0,0.0,-0.12,0.07,-0.0,0.0,0.0,0.02,0.14,-0.03,0.36,0.25,0.0,-0.02,0.11,0.01,0.03,0.02,0.0,0.0,1.36,-0.13,0
0.0,0.0,0.25,0.01,0.0,0.0,0.02,0.02,0.03,0.04,0.02,0.42,-0.05,0.81,0.22,0.0,0.19,0.22,0.03,0.0,-0.02,0.0,0.0,0.86,0.25,0
-0.01,0.0,0.25,0.0,0.0,0.03,0.1,-0.02,-0.02,-0.02,-0.07,0.09,0.0,0.28,0.31,-0.01,0.09,0.05,0.1,0.09,0.04,0.0,-0.13,0.46,-0.17,0
0.0,0.0,0.25,0.03,0.01,0.0,0.14,0.04,0.03,-0.16,-0.08,0.19,0.0,0.07,0.25,-0.05,-0.01,0.11,-0.02,-0.02,0.12,0.0,0.0,0.47,0.0,0
0.0,0.13,0.25,0.03,0.0,0.0,0.21,0.02,0.0,0.02,0.03,-0.02,0.0,1.4,0.24,0.0,0.13,0.11,0.15,0.07,-0.02,0.0,0.0,0.35,0.0,0
-0.01,-0.01,0.25,0.0,0.0,0.13,0.1,0.02,-0.1,-0.03,-0.03,0.05,0.15,0.35,0.32,0.01,-0.19,0.16,0.04,0.0,0.01,0.0,-0.15,0.6,-0.05,0
0.01,0.0,0.41,0.09,0.0,0.08,0.12,0.03,0.0,0.0,0.0,0.1,0.13,0.43,0.25,0.0,0.05,0.04,0.26,0.02,0.02,0.0,0.0,0.94,0.0,0
0.0,-0.06,0.25,0.0,0.0,-0.25,0.07,0.03,0.05,0.02,0.03,-0.09,0.0,0.36,0.34,-0.08,0.05,0.56,0.04,0.03,0.04,0.0,0.1,1.38,0.18,0
0.0,0.0,0.25,0.01,0.0,0.24,0.02,0.06,0.0,0.02,-0.01,0.25,0.07,0.21,0.34,0.0,0.05,0.11,0.02,-0.02,0.04,0.0,0.0,0.64,0.25,0
0.0,0.0,0.25,0.0,0.0,-0.05,0.07,0.01,0.0,0.02,0.0,0.25,0.0,0.33,0.73,0.0,0.02,0.03,0.03,0.03,0.08,0.0,0.0,0.62,0.0,0
0.0,0.0,0.25,0.0,-0.01,0.06,0.0,-0.0,-0.03,0.07,-0.01,0.22,0.0,0.12,0.87,0.0,-0.01,0.11,-0.02,-0.02,0.07,0.0,0.0,-0.01,0.0,0
0.0,0.04,0.25,0.0,0.0,0.24,0.07,0.06,-0.11,0.0,-0.04,0.2,0.03,0.21,0.06,0.0,-0.02,0.28,0.09,0.02,0.04,0.0,0.0,0.24,0.13,0
0.0,0.0,0.25,0.01,0.0,0.12,0.14,0.02,0.0,0.04,-0.04,0.11,0.0,0.17,0.81,0.0,0.07,0.03,0.08,0.05,0.15,0.0,0.01,0.92,-0.19,0
-0.02,0.02,0.25,-0.02,0.0,0.09,0.07,-0.01,0.0,0.02,-0.03,0.59,0.0,-0.59,0.28,0.01,0.01,-0.05,-0.06,0.0,0.08,0.0,0.0,0.46,-0.18,0
-0.01,0.0,0.25,0.02,0.0,0.11,0.14,0.03,0.0,0.06,0.02,0.05,0.0,0.79,0.36,0.0,0.1,0.22,0.01,0.04,0.04,0.0,0.05,0.06,-0.16,1
0.0,0.0,0.25,0.01,0.0,0.0,0.11,0.02,0.04,0.11,0.03,0.19,0.0,0.49,0.67,0.02,0.11,0.18,0.08,0.07,0.03,0.0,0.0,1.28,0.0,0
0.02,0.0,0.25,0.01,0.01,0.2,0.07,0.03,0.0,0.02,-0.01,0.29,0.0,0.52,0.45,0.0,0.05,0.11,0.02,-0.02,0.08,0.0,0.0,1.13,0.0,0
0.0,0.0,0.25,0.01,0.0,0.15,0.19,0.04,0.0,0.01,0.02,-0.07,-0.04,0.39,0.14,-0.02,0.05,0.11,0.07,0.0,0.08,0.0,0.01,1.01,0.0,0
0.0,0.0,0.25,-0.0,0.0,0.0,0.14,0.02,0.0,0.0,0.04,-0.02,0.0,0.3,0.22,0.01,0.08,0.47,0.03,0.01,0.01,0.0,0.02,0.48,-0.18,1
0.02,-0.06,0.25,0.01,0.0,0.0,0.07,0.02,0.0,0.05,0.02,-0.05,0.12,1.13,0.35,-0.03,0.04,0.32,0.05,0.02,0.07,0.0,0.01,1.03,0.0,0
0.0,0.16,0.25,-0.01,0.0,0.24,0.03,0.06,0.0,0.0,-0.02,0.18,0.07,-0.41,0.18,0.02,0.09,-0.01,0.03,-0.01,0.01,0.0,-0.01,0.71,0.25,0
0.0,0.0,0.41,0.01,0.0,0.33,0.16,0.03,0.0,-0.02,-0.0,0.63,0.13,0.32,0.32,0.02,0.01,0.0,0.01,0.0,0.0,0.0,0.0,1.06,0.0,0
0.0,0.01,0.75,0.02,0.01,0.0,0.21,0.02,0.0,-0.01,0.0,0.43,0.0,0.75,-0.08,0.1,0.12,0.16,0.15,0.03,0.01,0.0,0.0,0.84,0.0,0
0.03,0.35,0.41,0.01,0.01,0.24,0.16,0.12,0.0,0.03,0.01,0.2,0.0,0.39,0.08,0.08,0.07,0.14,0.08,0.04,0.02,0.0,0.01,0.67,0.32,0
0.0,0.0,0.25,0.01,0.0,0.38,0.07,0.06,0.0,0.0,0.0,0.13,0.27,0.13,0.78,0.02,0.0,0.02,0.05,0.04,0.07,0.0,0.1,0.45,0.0,0
0.0,0.0,0.25,0.02,0.0,0.12,0.11,0.06,0.0,0.17,0.03,0.06,0.0,1.01,0.19,0.08,0.04,0.11,0.1,0.03,0.01,0.0,0.0,1.14,0.25,0
0.0,0.0,0.25,0.03,0.0,0.35,0.14,0.05,0.03,0.11,0.05,0.0,0.01,0.79,0.26,-0.01,0.09,0.21,0.08,0.03,0.0,0.0,0.0,1.17,0.0,0
0.0,0.0,0.25,0.0,0.0,-0.16,0.07,0.01,0.0,0.02,-0.01,0.51,-0.18,0.61,0.86,-0.04,0.0,0.11,-0.04,0.0,0.05,0.0,0.0,0.3,0.0,0
0.0,0.02,0.25,0.01,0.0,0.12,0.14,0.04,0.0,0.08,0.01,0.53,-0.06,0.5,-0.3,0.13,-0.02,0.03,0.01,-0.02,-0.02,0.0,0.0,0.81,0.0,0
0.0,0.0,0.75,0.0,0.0,0.53,0.21,0.03,0.0,0.05,0.01,0.3,0.13,1.0,0.82,0.03,0.0,0.11,0.07,0.08,0.11,0.67,0.0,-0.1,0.25,0
0.0,0.0,0.25,-0.01,0.0,0.13,0.02,0.03,-0.02,-0.06,-0.03,0.3,0.2,-0.19,0.64,0.04,-0.05,0.03,0.03,0.0,0.02,0.0,0.0,0.69,0.0,0
0.01,0.0,0.25,0.01,0.01,0.33,0.17,0.04,-0.05,0.0,0.01,0.25,0.0,0.17,0.12,-0.01,-0.09,0.11,0.04,0.04,0.12,0.33,0.0,1.17,0.0,0
-0.02,0.28,0.25,0.01,-0.08,0.0,0.07,0.02,0.0,0.02,0.0,0.25,0.0,1.0,0.63,0.04,-0.07,0.01,-0.01,0.0,0.0,0.0,0.0,0.59,-0.24,0
0.03,0.0,0.25,0.01,0.0,0.0,0.11,0.02,0.0,0.1,0.04,0.16,0.0,-0.04,0.3,0.01,0.19,0.17,0.02,0.0,0.05,0.0,0.0,0.78,0.0,0
0.0,0.0,0.25,-0.01,0.09,0.0,0.0,0.02,0.0,0.0,-0.02,0.34,0.07,-0.81,0.61,0.04,0.13,0.0,0.06,0.04,0.02,0.0,0.0,0.27,0.25,0
0.0,0.0,0.25,0.02,0.0,0.11,0.16,0.03,0.0,0.07,0.0,0.13,0.0,1.51,0.91,0.0,0.08,0.11,0.05,0.04,0.06,0.0,0.03,-0.13,0.16,0
0.0,0.09,0.25,0.02,0.01,0.0,0.24,0.03,0.0,0.12,0.07,-0.11,0.0,1.15,0.38,0.0,0.14,0.04,0.14,0.04,0.04,0.0,0.01,0.89,0.25,0
0.0,0.2,-0.06,0.01,0.0,0.27,0.03,0.11,0.0,0.0,0.0,0.72,-0.08,-0.13,0.45,0.04,0.1,0.22,0.04,0.01,-0.05,-0.42,0.0,0.9,0.09,0
-0.03,0.09,0.42,0.0,0.01,0.35,0.12,0.06,-0.1,0.24,-0.01,0.41,0.0,0.03,-0.05,0.16,0.06,0.03,0.05,0.04,0.03,0.0,0.0,-0.29,0.17,0
0.0,0.29,0.25,0.0,0.0,0.18,0.07,0.05,0.0,0.0,-0.05,0.18,0.05,-0.63,0.19,0.04,0.08,-0.08,0.03,-0.02,0.0,0.0,0.0,1.51,-0.19,0
0.0,-0.03,0.25,0.0,0.0,0.41,0.07,0.08,0.0,0.0,0.0,0.44,0.07,0.0,0.38,-0.01,0.07,0.11,0.04,0.0,0.02,0.0,0.0,1.0,0.0,0
0.0,0.13,0.25,0.0,0.0,-0.19,0.14,-0.0,0.0,0.0,0.02,0.02,-0.08,0.33,0.05,-0.04,0.02,0.11,0.1,-0.03,-0.01,0.0,0.0,0.31,0.0,0
0.0,0.13,0.25,0.01,0.0,0.0,0.14,0.03,0.0,0.0,0.01,0.03,0.0,0.95,0.2,0.0,0.05,0.11,0.08,0.04,0.02,0.0,-0.02,0.36,-0.15,0
-0.03,0.06,0.08,-0.01,0.0,0.18,0.12,0.04,0.0,0.0,-0.01,0.21,0.0,-0.41,0.08,0.03,0.08,0.04,0.02,0.04,0.03,0.0,0.0,0.38,0.25,0
0.0,0.02,0.25,0.0,0.0,-0.06,0.07,-0.01,0.0,0.02,0.02,0.14,-0.05,0.31,0.19,0.0,-0.01,0.2,0.01,0.04,0.07,0.0,0.0,0.54,0.0,0
0.0,0.0,0.25,0.0,0.0,0.24,0.14,0.07,0.07,0.06,0.03,0.1,0.1,0.54,0.25,0.0,0.05,0.22,0.05,0.0,0.01,0.0,0.0,0.43,0.25,0
-0.03,0.0,0.25,0.01,0.0,0.24,0.14,0.08,0.09,0.1,0.04,0.05,0.18,0.69,0.34,0.0,0.09,0.3,0.04,0.02,0.02,0.0,0.0,0.42,0.42,0
0.02,0.01,0.25,0.01,0.0,-0.01,0.1,0.02,0.03,0.07,0.08,0.34,0.0,0.42,-0.03,0.1,0.27,0.2,0.07,0.04,-0.02,0.0,0.0,0.49,0.0,0
0.0,0.0,0.25,0.0,0.0,0.24,0.07,0.03,0.0,0.01,0.0,0.39,0.0,0.0,-0.1,0.04,-0.01,0.11,0.05,0.06,0.01,0.0,0.0,0.38,0.0,0
-0.01,0.0,0.09,0.02,0.0,0.06,0.07,0.03,0.0,0.2,0.01,-0.02,0.07,1.22,0.75,0.02,0.19,0.18,0.03,0.01,0.02,0.0,0.0,0.58,0.75,0
0.0,0.04,0.25,-0.01,0.0,0.24,0.02,0.05,-0.05,0.0,0.01,0.54,0.0,0.21,0.12,0.0,-0.02,0.26,0.03,0.02,0.01,0.0,0.0,0.41,0.0,0
0.0,-0.02,0.25,0.01,0.0,0.24,0.14,0.05,0.06,0.0,0.01,-0.36,0.07,0.53,0.72,-0.14,0.07,0.32,0.05,-0.06,0.05,0.0,0.0,1.2,0.0,0
0.0,0.0,0.25,0.0,0.0,-0.05,0.07,0.01,0.06,-0.02,0.01,0.11,0.0,-0.21,0.38,-0.02,-0.14,0.21,-0.03,-0.06,0.1,0.0,0.0,0.67,-0.23,0
-0.01,-0.01,0.25,-0.01,0.0,-0.03,0.1,-0.01,-0.06,0.07,-0.02,0.04,-0.04,0.13,0.32,0.0,-0.28,0.35,0.02,0.0,0.06,0.0,-0.17,1.1,-0.28,0
0.0,0.06,0.25,0.0,0.0,0.21,0.12,0.02,0.0,0.03,-0.01,0.5,0.04,-0.37,0.2,0.04,0.02,-0.03,-0.01,0.01,0.0,0.0,0.0,0.62,0.0,0
0.0,0.0,0.25,0.0,0.0,0.12,0.14,0.04,0.0,0.09,0.01,0.08,0.0,0.6,0.31,0.0,0.02,0.22,0.04,0.04,0.02,0.0,0.0,1.06,0.0,0
0.07,0.0,0.06,-0.01,0.08,0.24,0.09,0.07,0.01,-0.06,0.03,0.1,0.16,0.2,0.03,0.0,-0.1,0.02,0.09,-0.02,0.02,0.0,0.0,0.96,0.69,0
0.0,0.0,0.25,0.0,0.0,0.24,0.07,0.06,0.0,-0.02,0.01,0.59,-0.05,0.0,-0.19,0.04,-0.03,0.0,0.15,0.02,0.0,0.0,0.0,1.03,0.0,0
0.0,-0.37,0.25,0.01,0.01,-0.23,0.14,-0.02,0.03,0.02,0.02,-0.19,0.13,0.75,0.49,-0.02,0.11,0.22,0.06,0.0,0.07,0.0,0.0,0.56,0.0,0
0.0,0.0,0.25,-0.01,-0.01,0.0,0.1,0.01,-0.02,0.01,0.0,0.15,0.04,0.3,0.58,0.0,0.02,0.11,0.06,0.03,0.07,0.0,0.0,0.19,0.14,0
0.0,0.18,0.25,0.02,0.0,0.1,0.07,0.1,0.0,0.0,0.06,0.05,-0.03,0.63,0.28,-0.04,0.06,0.28,0.04,-0.08,-0.01,0.0,0.0,1.1,0.0,0
0.0,0.0,0.25,0.01,0.0,0.0,0.14,0.04,0.0,0.06,0.05,-0.18,0.0,1.11,-0.06,0.07,0.08,0.42,0.1,0.02,0.02,0.0,0.0,0.56,0.25,0
0.0,0.48,0.25,-0.01,0.0,0.0,0.02,0.03,0.0,-0.05,-0.0,0.33,0.0,-0.36,0.09,0.05,0.07,-0.08,0.11,-0.02,0.0,0.0,0.0,0.29,0.18,0
0.0,0.0,0.25,0.02,0.01,-0.11,0.14,0.01,0.0,0.17,0.01,-0.19,0.07,0.7,1.23,0.02,0.06,0.22,0.08,0.09,0.07,0.0,0.0,0.13,0.0,0
0.0,0.0,0.25,0.01,0.0,-0.28,0.14,0.02,0.0,-0.05,0.08,-0.09,0.0,1.44,-0.11,0.0,0.03,0.22,0.08,0.04,0.0,0.0,0.0,1.0,0.0,0
0.0,0.98,0.25,0.01,0.0,-0.2,0.01,0.05,0.0,0.02,0.0,0.27,-0.12,0.88,0.23,0.02,-0.07,0.11,-0.02,0.0,0.04,0.0,0.0,1.01,0.28,0
0.0,0.0,0.25,0.0,0.0,0.52,0.14,0.1,0.07,0.05,0.03,0.12,0.2,0.51,0.01,0.06,0.02,0.11,0.07,0.03,0.08,0.0,0.0,1.01,0.24,0
0.0,0.0,0.25,0.01,0.0,0.24,0.07,0.06,0.0,0.06,0.01,0.11,0.07,0.08,0.53,0.0,0.1,-0.02,0.05,-0.01,0.02,0.0,0.0,0.92,0.15,0
0.02,0.02,0.73,0.0,0.01,0.0,0.21,0.02,0.0,-0.12,0.03,0.06,0.06,0.7,0.01,0.0,-0.04,0.11,0.01,0.02,0.02,0.0,0.0,0.93,0.0,0
0.07,0.0,0.25,0.0,0.0,0.0,0.07,0.02,-0.04,-0.09,0.03,0.04,0.0,0.46,0.17,-0.02,0.0,0.11,0.06,0.0,0.09,0.0,0.0,0.71,0.0,0
-0.02,0.0,0.25,-0.01,0.0,0.06,-0.06,0.04,0.0,0.12,0.02,0.14,0.0,0.14,0.37,0.04,-0.01,0.21,-0.07,-0.04,0.05,0.0,0.0,0.58,0.04,0
0.0,0.0,0.25,0.0,0.0,-0.03,0.14,0.02,0.0,-0.05,0.01,0.04,0.07,0.04,0.26,0.0,0.1,0.11,0.12,0.04,0.05,0.0,0.0,0.62,0.46,0
0.0,0.16,0.25,0.01,0.0,-0.02,0.07,0.02,0.0,0.0,0.03,0.06,-0.05,1.04,0.03,-0.01,-0.03,0.42,0.07,0.04,0.02,0.0,0.0,0.03,-0.19,0
0.0,0.64,0.25,0.0,0.0,0.24,0.01,0.16,0.0,0.0,0.0,0.46,0.01,0.0,0.03,0.07,0.03,0.11,0.14,0.13,0.05,0.0,0.0,-0.06,-0.22,0
0.0,1.26,0.25,-0.01,0.0,0.42,0.07,0.3,0.0,-0.02,0.0,0.59,0.0,-0.77,-0.26,0.03,0.14,0.11,0.11,0.0,-0.04,0.0,0.0,0.28,0.0,0
0.04,0.0,0.25,-0.01,0.0,0.0,0.07,0.02,-0.03,-0.04,-0.01,0.1,0.07,-0.2,0.26,0.0,-0.02,0.01,0.04,-0.02,0.1,0.0,0.0,0.56,-0.23,0
-0.02,0.57,0.25,-0.01,0.0,0.14,0.01,0.12,-0.05,-0.05,-0.08,0.61,0.0,-0.66,0.5,0.02,-0.16,-0.07,0.01,0.0,0.05,0.0,0.0,0.69,0.0,0
0.02,0.0,0.25,0.03,0.0,0.1,0.07,0.03,0.0,0.02,0.01,0.02,0.11,0.43,0.15,0.0,0.07,0.11,0.06,0.02,0.03,0.0,0.0,-0.05,0.25,0
0.0,0.0,0.25,0.06,0.0,0.0,0.07,0.06,0.0,0.02,0.05,0.16,0.0,0.9,0.48,0.0,0.12,0.11,0.19,-0.01,-0.04,0.0,0.0,0.3,0.5,0
-0.01,0.0,0.1,0.01,-0.0,0.07,0.03,0.04,0.0,0.02,0.02,0.34,-0.06,0.38,0.7,0.04,-0.0,0.11,0.08,0.07,0.02,0.0,0.0,-0.08,0.0,0
0.0,0.05,0.25,0.01,0.0,0.17,0.07,0.02,0.0,0.0,-0.0,0.4,0.0,0.91,0.18,0.02,-0.03,-0.01,0.02,0.02,0.01,0.0,0.0,0.28,0.0,0
0.02,0.0,0.25,0.05,0.02,-0.17,0.09,0.01,0.0,0.1,0.01,-0.01,0.0,1.17,0.54,0.02,0.15,0.11,0.03,0.0,0.0,0.0,0.11,0.76,0.25,0
0.0,0.38,0.25,0.0,0.0,0.12,-0.07,0.06,0.0,0.02,-0.07,0.51,-0.06,0.39,0.6,0.02,-0.01,0.0,-0.07,-0.04,-0.02,0.0,0.0,0.34,0.0,0
0.02,0.0,0.25,0.02,0.0,0.09,0.25,0.04,0.0,0.96,0.05,-0.05,0.05,0.97,-0.07,0.35,0.07,0.22,0.29,0.05,0.04,0.0,0.0,0.97,0.0,0
0.0,1.0,0.25,-0.02,0.0,0.2,0.02,0.24,0.0,0.0,0.01,0.55,0.0,-0.65,0.25,0.08,0.26,0.14,0.08,0.06,0.02,0.0,0.0,0.37,0.25,0
0.0,0.0,0.25,-0.01,0.0,-0.04,0.07,0.02,0.0,0.12,0.05,0.02,-0.04,0.46,0.33,0.04,0.06,0.22,0.03,0.01,0.02,-0.21,-0.23,1.01,-0.16,0
0.04,0.04,0.41,0.0,0.05,0.04,0.16,0.03,0.02,0.0,0.03,-0.01,0.0,0.45,0.0,0.03,0.01,0.0,0.07,0.0,0.02,0.0,0.0,0.95,0.32,0
0.02,0.23,0.75,0.0,0.01,0.0,0.21,0.01,0.0,0.0,-0.02,0.14,0.07,-0.55,0.03,0.03,0.01,-0.06,0.01,-0.02,0.01,0.0,0.0,1.35,0.0,0
0.0,0.0,0.25,0.0,0.0,0.05,0.21,0.05,0.0,0.09,0.07,-0.01,0.0,1.23,0.15,0.07,0.03,0.11,0.12,0.02,0.0,0.0,0.01,0.85,0.42,1
0.0,0.0,0.25,0.02,0.03,0.0,0.07,0.01,0.0,-0.09,-0.04,0.09,0.0,0.2,-0.09,-0.02,-0.22,0.21,0.03,0.0,0.02,0.0,0.0,1.02,-0.22,0
0.02,0.0,0.25,-0.01,0.0,0.19,0.01,0.16,0.0,-0.04,-0.01,0.49,-0.11,0.33,0.65,0.0,-0.15,0.38,-0.02,-0.02,0.0,0.0,0.0,1.16,0.41,0
0.0,0.09,-0.16,-0.01,-0.0,0.5,0.07,0.06,0.0,0.08,0.0,0.42,0.0,0.04,0.43,0.05,0.08,0.02,-0.04,0.06,0.02,0.0,0.04,-0.11,0.2,1
0.09,0.0,0.25,0.03,0.11,0.06,0.14,0.04,0.03,0.0,0.03,-0.1,0.0,1.68,0.0,0.0,0.11,0.11,0.14,-0.02,0.02,0.0,0.0,0.42,0.5,0
-0.03,0.0,0.25,0.0,-0.04,-0.03,0.03,0.01,0.02,0.09,-0.02,0.29,0.0,-0.36,1.07,0.0,-0.01,0.22,-0.05,0.0,0.02,0.0,0.0,1.06,-0.01,0
0.0,0.0,0.25,0.0,0.0,-0.0,0.07,0.04,0.0,0.0,0.01,0.09,-0.08,0.66,0.38,-0.03,0.07,0.29,-0.05,-0.08,0.01,0.0,0.0,0.25,0.0,0
0.0,0.0,0.25,0.0,0.0,0.36,0.07,0.08,0.0,0.03,0.0,0.18,0.16,-0.01,0.46,-0.01,-0.04,0.11,0.03,0.0,0.06,0.0,0.0,1.03,0.25,0
-0.01,0.0,0.25,-0.01,0.0,0.07,0.03,0.03,-0.04,0.07,-0.05,0.13,0.0,-0.1,0.52,0.0,-0.03,0.05,0.02,0.0,0.04,0.0,0.0,0.82,0.0,0
0.02,0.0,0.5,0.0,0.01,-0.09,0.14,0.03,0.0,-0.04,0.0,-0.07,0.0,0.0,0.12,-0.03,0.13,0.21,0.0,-0.04,0.0,0.0,0.0,0.62,0.0,0
-0.02,0.0,0.05,0.01,-0.01,-0.1,0.2,0.02,0.07,0.25,0.07,-0.09,0.0,1.26,0.35,0.07,0.2,0.22,0.08,0.02,-0.02,0.0,0.01,1.11,0.0,0
0.0,0.02,0.25,-0.01,0.0,0.0,0.07,0.01,0.04,-0.19,0.02,0.6,-0.06,-0.22,-0.1,0.14,0.03,0.01,0.05,0.11,0.03,0.0,0.0,1.19,0.48,0
0.0,-0.2,0.25,-0.01,0.0,0.08,0.07,-0.03,0.0,0.15,-0.04,0.08,0.13,0.25,0.6,0.26,-0.02,0.02,0.07,0.0,0.02,0.0,0.0,1.08,0.0,0
0.0,0.0,0.25,0.0,0.0,0.34,0.12,0.07,0.0,0.0,-0.01,0.2,0.07,-0.44,0.3,0.0,0.09,0.11,0.05,0.01,0.04,0.0,0.0,0.84,0.4,0
0.0,0.01,0.25,-0.01,0.0,0.22,0.1,0.05,0.0,-0.02,0.01,0.13,0.13,-0.24,0.07,0.0,0.07,0.18,0.04,0.01,0.01,0.0,-0.0,0.36,0.25,0
0.02,0.0,0.38,0.0,0.0,0.24,0.11,0.06,-0.04,-0.12,-0.01,0.16,0.07,-0.1,0.25,-0.02,-0.02,0.05,0.06,0.0,0.04,0.0,0.0,0.75,0.0,0
0.02,0.0,0.25,0.01,0.0,-0.12,0.21,-0.1,0.52,0.17,0.09,-0.1,0.0,0.47,0.62,0.0,0.14,0.0,0.03,0.0,0.05,0.0,0.0,1.11,0.0,0
0.0,0.0,0.25,0.0,0.0,0.22,0.19,0.04,0.0,-0.08,0.0,0.09,0.09,-0.02,0.22,-0.14,0.1,0.11,0.02,0.03,0.04,0.2,0.22,0.6,0.4,0
0.02,0.0,0.25,0.0,0.0,0.16,0.02,0.04,0.0,0.06,0.01,0.07,0.13,0.75,0.59,0.0,0.04,-0.05,0.0,-0.02,0.02,0.0,0.0,0.47,0.18,0
0.0,0.0,0.25,0.01,0.0,0.1,0.01,0.01,-0.06,-0.02,-0.03,0.29,0.02,0.38,0.46,0.07,0.02,0.02,0.11,0.13,0.1,0.0,0.0,1.48,-0.21,0
0.0,0.0,0.25,0.01,0.0,0.0,0.07,0.03,0.0,0.03,0.0,0.17,0.0,0.99,0.49,0.0,0.01,0.12,0.02,0.0,0.07,0.0,0.0,1.0,0.0,0
0.02,0.02,0.25,0.01,0.0,0.1,0.14,0.08,-0.08,0.04,0.07,0.05,0.07,1.08,0.25,0.02,0.58,0.15,0.07,0.0,-0.02,0.0,0.31,-0.08,0.5,1
0.02,0.0,0.25,0.01,0.0,0.0,0.23,0.03,-0.04,0.04,0.01,0.02,0.0,0.85,0.12,0.02,0.03,0.22,0.06,-0.01,-0.01,0.0,0.01,0.64,-0.15,0
0.03,0.0,0.25,0.02,0.0,0.0,0.07,0.05,0.0,0.02,0.03,0.05,0.0,0.65,0.12,0.0,0.1,0.3,0.05,0.01,0.01,0.0,0.0,0.49,0.35,0
0.0,0.0,0.66,0.02,0.0,0.06,0.13,0.02,0.0,0.01,-0.01,0.21,0.0,0.35,0.65,0.06,0.08,0.2,0.11,0.02,0.05,0.0,0.0,0.56,-0.21,0
0.0,0.0,0.07,-0.01,0.0,0.04,0.07,0.04,0.0,0.28,0.08,0.02,0.0,0.91,0.21,-0.01,-0.05,0.03,-0.01,0.02,0.04,0.0,0.0,0.91,0.53,0
0.0,0.0,0.25,0.0,0.0,0.28,0.07,0.06,-0.06,0.05,-0.04,0.29,0.06,-0.47,0.75,0.0,0.03,0.11,-0.02,-0.06,0.03,0.0,0.0,0.01,0.0,0
0.02,0.0,0.25,0.02,0.0,0.15,0.12,0.07,0.08,0.07,0.07,0.1,0.07,0.58,0.47,0.0,0.25,0.19,0.07,0.0,0.01,0.0,0.0,0.93,0.62,0
0.0,0.0,0.25,-0.01,0.0,-0.06,-0.01,0.0,0.05,0.12,-0.04,0.12,-0.04,-0.32,1.09,0.0,-0.02,0.28,-0.05,-0.04,0.01,0.0,0.0,0.9,0.39,0
-0.02,0.0,0.25,0.08,0.0,0.29,0.21,0.06,0.28,-0.05,0.04,0.09,0.13,-0.05,0.25,-0.02,-0.17,0.22,0.1,0.0,0.02,0.0,0.0,0.97,0.0,0
0.0,0.38,0.25,-0.01,0.0,-0.18,0.07,0.04,0.0,0.02,0.0,0.59,-0.23,-0.14,0.0,0.04,0.0,0.0,0.05,0.06,-0.04,0.0,-0.11,0.49,0.0,0
0.0,0.04,0.25,-0.01,0.0,0.12,0.0,0.04,-0.07,-0.19,-0.03,0.41,0.0,-0.18,0.36,-0.04,-0.16,0.23,0.03,0.02,0.07,0.0,0.0,0.09,0.0,0
-0.02,0.0,0.25,-0.02,0.0,0.06,0.07,0.0,0.0,0.04,0.01,0.13,0.0,0.07,0.25,0.0,-0.03,0.05,0.02,0.04,0.06,0.0,0.0,0.99,-0.27,0
0.04,0.0,0.25,0.03,0.0,0.23,0.21,0.06,0.06,0.0,0.03,0.06,0.0,0.77,0.35,0.0,0.05,0.33,0.07,0.0,-0.02,0.0,0.0,0.49,0.0,0
0.0,0.0,0.25,0.0,-0.0,0.24,0.01,0.06,0.0,0.0,0.04,0.12,0.07,0.2,0.25,0.0,0.11,0.21,0.04,0.0,0.02,0.0,0.0,0.06,0.47,0
-0.02,0.0,0.25,0.01,-0.01,0.31,0.16,0.06,0.0,-0.02,0.09,0.08,-0.04,0.56,0.23,0.0,0.02,0.11,0.12,0.07,0.05,0.0,0.0,0.76,0.0,0
0.0,0.0,0.25,-0.01,0.0,-0.05,0.17,0.02,0.0,0.08,0.0,0.06,0.07,-0.49,0.2,0.0,0.04,0.16,0.02,0.02,0.05,0.0,0.0,0.93,0.25,0
0.0,0.0,0.25,0.0,0.0,0.0,0.07,0.04,0.0,-0.05,0.01,-0.06,0.06,0.89,0.47,-0.04,0.05,0.22,0.01,-0.04,0.0,0.0,0.0,1.57,0.0,0
0.0,-0.07,0.51,0.01,0.0,0.0,0.18,0.02,0.0,0.0,-0.0,0.08,0.0,0.22,0.12,0.04,0.1,0.28,0.08,0.03,0.05,0.0,0.0,0.75,0.0,0
0.02,0.0,0.75,-0.01,0.01,0.0,0.21,0.02,0.0,-0.02,0.0,0.13,0.07,-0.71,0.21,0.0,0.01,0.11,0.04,0.05,0.01,0.0,0.0,0.72,0.0,0
0.0,0.0,0.25,0.01,0.0,0.24,0.11,0.03,0.02,0.08,0.03,0.29,0.0,-0.01,0.25,0.03,-0.07,0.11,0.05,0.04,0.04,0.0,0.0,0.64,0.0,0
0.0,0.0,0.25,0.0,0.0,0.36,0.07,0.09,0.04,0.03,0.02,0.21,0.14,0.3,0.44,0.0,0.05,0.11,0.05,-0.02,0.02,0.0,0.0,0.81,0.14,0
0.0,0.0,0.25,0.04,0.01,-0.05,0.14,0.05,0.01,0.1,-0.0,0.1,0.0,0.24,-0.07,-0.02,0.04,0.02,0.04,0.0,0.02,0.0,0.0,0.82,0.0,0
0.0,-0.01,0.25,0.01,0.0,0.04,0.11,0.02,0.0,0.14,0.01,-0.26,0.04,0.37,0.45,-0.09,0.09,0.11,0.05,0.01,0.06,0.2,0.22,0.81,0.0,1
0.0,-0.02,0.25,0.03,0.01,0.07,0.09,-0.0,-0.13,0.27,-0.01,0.1,0.0,0.65,0.85,0.0,-0.42,0.02,0.02,0.0,0.04,0.0,-0.24,1.24,-0.19,0
-0.02,0.0,0.48,0.0,-0.01,0.67,0.21,0.05,0.0,0.02,0.01,-0.0,0.26,0.91,0.72,0.0,0.1,0.11,0.03,0.02,0.14,0.61,0.0,1.11,0.48,0
0.0,-0.28,0.75,0.03,0.01,-0.17,0.27,-0.02,0.05,0.16,0.04,-0.19,0.0,1.35,0.31,0.09,0.25,0.38,0.16,0.01,0.02,0.0,0.0,0.38,0.0,0
0.0,0.0,0.25,0.01,0.0,-0.26,0.21,0.01,0.0,0.05,0.01,-0.2,0.0,0.7,0.81,0.0,0.07,0.01,0.08,0.01,0.1,0.0,0.01,1.07,0.0,0
0.0,0.0,0.25,0.0,0.0,0.0,0.07,0.02,0.0,0.04,0.0,0.21,0.0,-0.24,0.33,0.0,0.01,0.02,0.17,0.02,0.02,0.0,0.0,-0.2,0.0,0
0.0,0.0,0.25,0.0,0.0,0.18,0.07,0.05,0.0,0.02,-0.0,0.67,0.0,-0.22,0.38,0.0,0.02,0.41,-0.03,-0.03,-0.05,0.0,0.06,1.03,0.0,0
0.0,0.0,0.25,0.01,0.0,0.07,0.14,0.05,0.0,0.0,0.01,0.24,-0.19,1.16,0.37,-0.04,0.0,0.11,0.02,0.0,0.07,0.0,0.0,0.67,0.0,0
0.0,0.0,0.25,0.0,0.0,0.47,0.32,0.03,-0.02,-0.07,0.01,0.08,0.23,0.52,0.44,0.0,0.16,0.05,0.07,0.02,0.15,0.0,0.0,0.85,0.0,0
0.02,0.13,0.25,0.05,0.03,-0.27,0.21,-0.01,0.0,0.0,0.03,-0.16,-0.06,1.44,-0.11,-0.04,0.19,0.11,0.11,-0.01,0.05,0.0,0.0,0.43,0.0,0
0.0,0.0,0.25,0.0,0.0,0.0,0.07,0.02,0.0,0.0,-0.01,0.22,0.03,-0.36,0.31,0.0,-0.03,0.05,0.01,0.01,0.05,0.0,0.0,1.41,0.0,0
0.0,0.0,0.25,-0.01,0.0,0.25,0.07,0.03,-0.03,-0.12,-0.01,0.1,0.42,-0.52,0.16,0.0,0.08,0.02,0.05,0.02,0.05,0.0,0.0,0.2,0.0,0
0.0,0.39,0.25,0.01,0.01,0.13,0.14,0.13,0.03,-0.01,0.02,0.18,0.0,0.75,-0.08,0.01,0.12,0.11,0.08,0.02,-0.02,0.0,-0.02,0.8,-0.14,0
0.0,0.0,0.25,0.0,0.0,0.25,0.21,0.06,0.0,0.02,0.02,0.09,0.06,0.54,0.36,0.04,0.07,0.02,0.11,0.0,0.0,0.0,0.01,0.64,0.21,0
0.0,0.0,0.25,0.0,0.0,0.26,0.07,0.06,-0.02,-0.06,-0.01,0.29,0.13,-0.47,-0.06,0.05,-0.0,0.04,0.11,0.15,0.08,0.0,0.0,0.26,0.0,0
0.0,-0.06,0.25,0.0,0.0,0.16,0.07,0.07,0.0,0.0,0.0,0.09,0.11,0.0,0.79,-0.08,0.04,0.11,0.07,-0.02,0.04,0.0,0.0,1.56,0.0,0
0.02,-0.02,0.25,0.02,0.0,0.33,0.07,0.09,0.0,0.0,0.05,-0.25,0.06,0.81,0.46,-0.14,0.05,0.22,0.11,-0.02,0.05,0.0,0.0,0.52,0.03,0
0.0,-0.02,0.25,-0.01,0.0,0.24,-0.0,0.06,0.0,0.0,-0.02,0.23,0.07,-0.27,0.31,0.02,-0.0,0.05,-0.03,-0.05,-0.0,0.0,0.0,0.98,0.0,0
-0.02,0.0,0.0,0.02,-0.01,0.12,0.0,0.05,0.0,0.02,0.03,0.17,-0.2,1.61,0.62,0.0,-0.01,0.11,0.05,0.0,0.08,0.0,0.0,0.34,0.0,0
0.0,0.0,0.25,-0.01,0.0,-0.28,0.07,-0.01,0.0,0.04,0.0,0.52,-0.16,-0.1,0.5,0.01,0.0,0.11,0.02,0.03,-0.0,0.0,-0.07,0.27,0.0,0
0.02,0.0,0.25,0.02,0.0,0.41,0.14,0.07,0.08,0.11,0.05,0.16,0.07,0.21,0.47,0.0,0.24,0.11,0.04,0.0,0.03,0.0,0.0,0.59,0.39,0
0.0,0.0,0.25,0.01,0.0,0.05,-0.06,0.04,0.0,0.0,-0.02,0.15,-0.18,0.41,0.48,0.02,-0.06,0.11,0.02,0.0,-0.02,0.0,0.0,0.33,0.0,0
0.0,0.04,0.25,0.0,0.0,0.23,0.14,0.06,-0.03,-0.05,0.01,0.21,0.06,-0.09,-0.33,-0.02,-0.04,0.23,0.05,0.02,0.02,0.0,0.0,-0.2,0.0,0
-0.01,0.0,0.09,0.07,-0.0,-0.07,-0.02,0.06,0.0,0.02,0.05,0.14,-0.13,1.53,0.57,0.0,0.12,0.11,0.2,0.0,0.02,0.0,0.0,0.07,0.5,0
0.0,0.0,0.25,-0.01,0.0,0.23,0.21,0.06,0.0,-0.04,-0.03,0.15,0.12,-0.65,0.31,0.0,0.08,0.22,0.03,0.02,0.02,0.0,0.0,0.8,0.07,0
0.0,0.0,0.5,0.03,0.02,0.06,0.21,0.06,-0.02,0.32,0.04,0.05,0.0,0.92,0.25,0.04,-0.02,0.05,0.07,0.02,0.06,0.0,0.0,0.55,0.75,0
0.09,0.0,0.25,0.0,0.09,0.06,0.2,0.05,-0.02,-0.17,0.0,0.06,0.11,0.57,0.02,-0.03,-0.12,0.02,0.11,0.0,0.05,0.0,0.0,0.3,0.5,0
0.0,0.0,0.25,0.0,0.0,0.03,0.15,0.02,0.0,0.05,0.0,0.06,0.08,0.19,0.74,0.0,0.1,0.11,-0.0,0.09,0.14,0.19,0.0,1.19,0.15,0
0.02,-0.48,0.25,0.01,0.0,-0.05,0.07,-0.02,0.06,0.02,0.04,-0.01,0.0,0.73,0.0,0.02,0.13,0.1,0.16,0.02,0.02,0.0,0.0,0.19,-0.23,0
-0.04,0.0,0.25,0.01,0.0,0.29,0.13,0.13,0.03,0.06,0.08,0.16,0.07,0.3,0.59,0.05,0.18,0.21,0.03,0.0,-0.04,0.0,0.2,0.35,0.64,1
0.0,0.06,0.75,0.0,0.0,0.68,0.21,0.04,0.0,0.02,0.01,0.1,0.13,1.0,0.6,-0.18,0.0,0.2,-0.01,-0.01,0.15,0.67,0.0,0.36,0.25,0
0.0,0.0,0.25,0.07,0.0,-0.05,0.08,0.03,0.04,0.09,0.02,0.04,0.0,0.8,0.14,0.04,0.16,0.12,0.23,0.02,0.0,0.0,0.0,0.64,0.0,0
0.0,0.0,0.25,0.01,0.0,-0.04,0.02,0.01,-0.05,0.02,-0.02,0.23,0.0,0.31,0.51,0.01,-0.11,0.03,-0.01,0.02,0.08,0.0,0.0,1.51,-0.18,0
0.0,0.0,0.25,0.0,0.0,0.0,0.14,0.02,-0.03,0.0,0.0,0.25,0.12,-0.28,0.86,0.0,0.01,0.01,0.07,0.09,0.07,0.0,0.0,0.85,-0.23,0
0.0,0.03,0.25,-0.01,0.0,0.42,0.14,0.03,0.0,0.03,0.01,0.32,0.07,-0.7,-0.01,0.2,0.02,0.11,0.07,0.06,-0.03,0.0,0.0,0.09,0.0,0
0.0,0.0,0.25,0.0,0.0,0.0,0.07,0.02,0.21,0.0,0.11,0.01,0.0,0.75,0.38,0.02,0.1,0.22,0.03,0.0,0.0,0.0,0.0,1.0,0.0,0
0.0,0.0,0.25,0.02,0.0,0.24,0.14,0.07,0.0,-0.02,0.03,0.18,0.0,1.53,0.48,0.0,0.0,0.11,0.08,0.0,0.02,0.0,0.0,0.34,0.0,0
0.0,-0.37,0.25,0.01,0.01,0.0,0.14,0.01,0.0,0.05,0.01,0.05,0.31,0.66,0.61,-0.04,-0.01,0.32,-0.07,0.02,0.18,0.31,0.01,0.4,0.46,0
0.0,0.0,0.03,0.02,0.0,-0.05,0.01,0.03,0.0,0.05,-0.01,0.2,0.0,1.53,0.95,0.0,0.0,0.11,0.01,0.0,0.1,0.0,0.0,1.36,0.0,0
0.0,0.0,0.25,0.01,0.0,0.17,0.14,0.03,0.0,0.05,0.01,0.15,0.0,0.73,0.98,0.0,0.05,0.11,0.05,0.0,0.1,0.0,0.0,0.58,0.0,0
0.0,0.0,0.25,0.01,0.01,0.24,0.15,0.01,-0.03,0.07,-0.01,0.22,0.0,0.24,0.12,-0.02,0.06,0.11,-0.01,0.02,0.1,0.33,0.0,1.13,0.0,0
0.0,0.0,0.25,0.01,0.0,-0.12,0.14,0.01,0.0,0.01,0.01,0.07,-0.1,1.21,0.5,0.0,0.02,0.11,0.04,0.02,0.05,0.0,0.0,0.55,-0.13,0
0.02,0.0,0.5,0.0,0.01,-0.09,0.21,-0.0,0.03,0.04,0.02,-0.03,0.2,0.66,-0.2,0.0,0.0,0.21,0.0,0.0,0.02,0.0,0.0,1.0,0.0,0
-0.02,0.0,0.25,-0.01,-0.01,0.0,0.14,0.0,0.0,0.0,0.01,0.31,-0.13,-0.65,0.5,0.0,-0.01,0.22,0.02,0.07,0.1,0.0,0.0,0.88,0.0,0
0.04,0.0,0.64,0.01,0.0,0.03,0.25,0.02,0.0,-0.01,0.02,-0.06,0.0,0.84,0.11,0.0,0.01,0.11,0.08,0.0,-0.0,0.0,0.0,0.05,0.0,0
0.0,-0.02,0.25,0.0,0.0,-0.2,0.13,0.02,0.0,0.0,0.01,-0.47,0.07,0.59,0.56,-0.02,0.05,0.2,0.03,0.0,0.1,0.0,0.0,0.6,0.0,0
0.0,-0.03,0.25,0.0,0.0,-0.07,0.07,0.01,0.0,0.01,-0.01,0.21,0.04,-0.35,0.41,0.02,0.04,0.09,0.02,0.05,0.02,0.0,0.0,0.46,0.0,0
-0.02,0.0,0.25,-0.02,-0.0,0.06,0.14,0.02,0.3,0.07,-0.03,0.02,0.0,0.31,0.15,0.0,-0.18,0.22,0.01,0.02,0.07,0.0,0.0,1.42,-0.4,0
0.0,0.04,0.25,0.0,0.0,0.0,0.07,0.03,0.0,-0.04,0.0,0.18,0.0,0.29,-0.08,0.03,0.07,0.13,-0.0,-0.01,-0.02,0.0,0.0,0.2,0.0,0
-0.02,-0.02,0.25,-0.01,0.0,-0.05,0.01,-0.04,-0.16,0.0,-0.06,0.25,0.0,-0.81,0.49,-0.02,-0.51,0.01,-0.06,0.0,0.05,0.0,-0.29,0.32,-0.46,0
0.0,0.0,0.25,-0.01,0.0,0.0,0.07,0.02,0.0,0.04,-0.03,0.17,0.07,-0.59,0.38,0.0,0.09,0.04,0.01,0.0,0.04,0.0,0.0,0.23,0.0,0
-0.03,0.0,0.25,0.0,0.0,-0.04,0.02,0.01,-0.07,0.01,-0.04,0.45,-0.05,0.51,0.8,0.0,-0.04,0.03,-0.02,0.0,0.09,0.0,0.0,0.77,0.0,0
0.0,-0.34,0.25,0.0,0.0,-0.21,0.07,-0.04,0.07,0.0,0.05,-0.05,0.0,0.5,0.36,-0.02,0.06,0.31,0.07,0.07,0.07,0.0,0.0,0.34,0.25,0
0.0,0.12,0.25,0.0,0.0,-0.16,0.07,0.01,0.0,0.0,0.0,-0.1,0.0,0.0,-0.33,0.07,0.01,-0.1,0.01,0.0,0.0,0.0,0.0,0.39,0.0,0
0.0,0.0,0.5,0.0,0.0,0.18,0.14,0.03,0.0,0.03,0.01,0.2,0.0,0.4,0.25,0.01,0.02,0.11,0.03,0.01,0.02,0.0,0.0,0.28,0.0,0
0.0,0.0,0.25,0.01,0.0,0.24,0.13,0.08,0.0,0.06,0.03,0.14,0.07,0.68,0.62,0.03,0.12,0.29,-0.04,0.0,0.02,0.0,0.0,1.04,0.2,0
0.0,0.0,0.25,-0.01,0.0,0.41,-0.0,0.02,0.0,0.04,-0.04,0.31,0.47,-0.31,0.82,0.03,0.01,0.11,0.0,0.03,0.12,0.0,0.0,0.26,0.25,0
0.0,0.0,0.25,0.01,0.0,0.0,0.13,0.02,0.0,0.02,0.03,0.03,0.0,1.53,0.33,0.0,0.0,0.29,0.05,0.02,0.04,0.0,0.0,1.0,0.0,0
0.02,0.0,0.5,0.0,0.01,0.12,0.21,0.03,0.0,-0.03,0.01,0.09,0.2,0.46,-0.19,0.0,0.02,0.17,0.02,0.0,-0.0,0.0,0.0,1.0,0.0,0
0.0,0.0,0.25,0.03,0.0,0.08,0.09,0.03,-0.05,0.06,0.01,0.1,0.05,0.43,0.71,0.02,0.1,0.03,0.05,0.0,0.0,0.0,0.11,0.68,0.25,1
0.02,0.0,0.45,0.01,0.0,0.27,0.33,0.05,0.0,0.08,0.0,-0.01,0.16,0.8,0.19,0.0,0.15,0.11,0.09,0.07,0.01,0.0,0.02,0.34,0.05,1
-0.02,0.22,0.06,0.0,-0.01,-0.09,0.09,0.02,0.0,0.0,0.01,-0.02,0.0,0.71,0.28,0.03,0.1,0.03,0.05,0.02,0.01,0.0,0.0,1.04,0.0,0
-0.03,0.0,0.25,0.0,0.0,0.17,0.02,0.04,-0.07,-0.01,-0.04,0.22,0.0,0.49,0.32,0.0,0.02,0.03,0.01,0.0,0.09,0.0,0.0,1.0,0.0,0
0.0,0.01,0.25,0.01,0.0,0.25,0.07,0.04,0.0,0.13,0.02,0.4,0.13,0.66,0.27,0.24,0.01,0.04,0.12,0.02,-0.01,0.0,0.0,0.59,0.0,0
0.0,0.0,0.25,0.01,0.01,0.12,0.14,0.24,0.0,-0.05,0.06,-0.04,0.2,1.0,0.4,0.06,0.14,0.11,0.09,0.02,0.07,0.0,0.0,0.76,0.75,0
0.0,0.0,0.25,0.04,0.0,-0.1,0.21,0.05,0.0,0.42,0.12,-0.04,-0.06,1.64,0.72,0.04,0.19,0.44,0.06,0.0,0.07,0.0,0.0,0.81,-0.22,1
0.02,0.02,0.59,0.02,0.0,0.06,0.24,0.08,0.17,0.06,0.07,-0.08,0.07,1.38,-0.01,0.07,0.69,0.3,0.16,0.02,-0.03,0.0,0.29,-0.1,0.33,1
0.0,0.0,0.61,-0.01,0.0,0.85,0.19,0.06,0.0,0.02,-0.01,0.18,0.16,0.27,0.89,0.02,-0.01,0.03,0.06,0.04,0.14,0.47,0.0,1.15,0.18,0
-0.01,0.02,0.25,-0.01,0.0,-0.07,0.07,-0.0,0.0,0.0,-0.03,0.55,0.0,-0.45,0.14,0.25,0.01,-0.06,0.01,0.07,0.06,0.0,0.0,0.98,-0.14,0
-0.02,0.27,0.25,0.0,0.0,0.29,0.13,0.11,0.0,-0.08,-0.02,0.58,0.0,-0.24,-0.07,0.0,-0.25,0.2,0.01,-0.02,0.0,0.0,0.0,-0.31,0.06,0
0.0,0.38,0.25,0.0,0.0,0.24,0.13,0.08,0.0,0.06,0.03,0.32,0.0,0.12,0.0,0.02,0.04,0.0,0.04,0.02,0.02,0.0,0.0,1.51,0.21,0
0.0,0.0,0.25,0.0,0.0,0.24,0.1,0.06,0.0,0.01,0.01,0.15,0.0,0.26,0.39,0.0,-0.02,0.05,0.04,0.0,0.02,0.0,0.0,0.44,0.0,0
0.01,0.0,0.75,-0.01,0.01,-0.09,0.21,0.01,0.0,0.0,0.0,0.36,-0.04,-0.59,0.32,0.0,-0.06,0.11,-0.0,0.0,0.02,0.0,0.0,0.97,0.0,0
0.01,0.0,0.25,0.01,0.0,0.03,0.07,0.03,0.0,0.05,0.0,0.07,-0.04,-0.04,0.75,0.0,-0.07,0.11,0.05,0.02,0.06,0.0,-0.02,1.02,0.0,0
0.0,-0.32,0.25,0.0,0.0,0.23,0.07,0.01,0.0,0.0,0.0,0.42,0.06,0.0,0.69,-0.02,0.08,0.21,0.03,-0.02,0.02,0.0,0.0,0.39,0.21,0
0.0,0.0,0.25,0.02,0.01,-0.14,0.08,0.24,0.0,0.11,0.08,-0.12,0.2,1.5,0.84,0.06,0.17,0.11,0.09,-0.02,-0.01,-0.29,0.0,0.19,0.97,1
0.0,0.2,0.05,-0.01,0.0,0.53,0.01,0.11,0.06,-0.02,0.03,0.72,0.0,0.05,0.27,0.04,0.12,0.31,0.01,0.02,0.0,0.0,0.0,1.01,0.45,0
0.02,0.0,0.25,0.02,0.0,0.06,0.14,0.05,0.07,0.1,0.1,-0.08,-0.06,1.77,0.24,0.0,0.27,0.33,0.04,-0.04,-0.05,0.0,0.0,0.92,-0.24,0
0.0,0.0,0.5,0.02,0.0,0.2,0.29,-0.01,0.0,0.05,0.0,0.01,0.21,0.5,0.86,-0.02,0.03,0.11,0.05,0.08,0.12,0.0,0.0,0.68,-0.23,0
0.04,0.0,0.25,-0.01,0.01,0.06,0.14,0.03,0.0,0.02,0.04,0.07,0.07,-0.18,-0.12,0.0,0.04,0.11,0.04,0.04,0.0,0.0,0.0,1.0,0.0,0
0.04,0.0,0.25,0.01,0.0,-0.1,0.14,0.01,0.1,0.05,0.05,0.01,0.02,0.71,0.5,0.0,0.06,0.22,0.04,0.01,0.0,0.0,0.0,1.12,-0.17,0
0.0,0.0,0.25,-0.01,0.0,0.15,0.11,0.04,0.0,-0.01,0.01,0.15,0.07,-0.5,0.19,0.0,0.04,0.11,0.03,0.02,-0.0,0.0,0.0,0.68,0.13,0
0.0,0.0,0.68,0.03,0.0,0.0,0.27,0.03,-0.03,-0.04,0.01,0.04,-0.06,0.6,0.02,0.07,0.14,0.22,0.15,0.02,0.02,0.0,0.0,-0.1,0.0,0
0.0,0.0,0.25,0.0,0.0,-0.16,0.07,-0.01,0.0,0.0,0.01,0.12,-0.13,0.0,0.12,0.0,-0.01,0.22,0.0,0.04,0.02,0.0,0.0,0.5,-0.17,0
0.0,0.0,0.5,0.02,0.01,0.06,0.21,0.04,0.0,0.4,0.06,0.02,0.0,1.42,0.45,0.06,0.03,-0.13,0.08,0.02,0.08,0.0,-0.05,0.54,0.75,1
0.0,0.0,0.1,-0.01,-0.01,0.11,-0.02,0.02,0.0,-0.22,-0.04,0.43,0.04,-0.54,0.5,-0.04,0.01,0.11,-0.01,-0.01,0.01,0.0,0.0,0.53,-0.3,0
0.0,0.0,0.5,0.03,0.01,0.23,0.35,-0.01,0.0,0.15,0.04,-0.05,0.26,0.64,0.74,0.0,0.01,0.0,0.07,0.0,0.02,0.0,0.01,0.97,0.25,0
0.06,-0.51,0.25,0.01,0.01,0.09,0.18,0.03,0.0,0.05,0.04,-0.04,0.07,1.11,0.32,-0.01,0.06,0.17,0.09,0.05,0.04,0.0,0.0,0.94,-0.13,0
0.0,0.0,0.25,-0.01,0.0,0.29,0.01,0.05,0.0,0.0,-0.02,0.27,0.07,-0.56,0.49,0.0,0.02,0.01,0.05,0.04,0.02,0.0,0.0,1.65,0.0,0
0.13,0.2,0.25,0.0,0.0,0.58,0.14,0.11,0.0,-0.05,0.01,0.67,0.0,-0.06,0.25,0.04,0.1,0.22,0.1,0.11,0.0,0.0,-0.0,0.97,0.49,0
0.05,0.0,0.25,0.0,0.06,-0.2,0.14,0.05,0.03,-0.04,0.04,-0.07,0.02,1.15,0.06,0.0,0.18,0.22,0.09,-0.02,-0.02,0.0,0.04,-0.11,0.62,1
0.0,0.0,0.25,0.03,0.0,0.0,0.18,0.02,0.03,0.11,0.07,-0.02,0.0,1.16,0.12,0.02,0.12,0.22,0.07,0.02,-0.0,0.0,0.02,0.25,0.0,1
0.0,0.0,0.25,0.0,0.0,0.0,0.01,0.02,0.0,-0.02,-0.02,0.09,0.0,-0.27,0.15,0.0,0.13,0.11,0.07,0.04,0.08,0.0,0.0,0.15,0.0,0
0.0,0.02,0.25,0.0,0.0,0.06,0.09,0.05,0.38,0.12,0.02,0.56,0.0,0.02,-0.02,0.03,0.05,0.14,-0.0,0.0,0.03,0.0,0.0,1.34,0.0,0
0.0,0.0,0.25,0.01,0.0,0.0,0.07,0.01,0.03,0.07,0.02,0.21,0.07,1.7,0.72,0.0,-0.09,0.12,0.03,0.0,0.05,0.0,0.0,0.61,0.0,0
0.0,0.48,0.25,0.0,0.0,0.63,0.14,0.18,0.0,0.0,0.0,0.3,0.07,0.0,0.76,0.04,0.15,0.23,0.12,0.05,0.05,0.0,0.0,0.91,0.13,0
0.0,-0.69,0.25,0.0,0.0,-0.04,0.07,-0.03,0.0,0.04,0.02,-0.06,0.0,0.35,0.34,-0.01,0.15,0.22,0.08,0.05,0.06,0.0,0.0,0.48,-0.35,0
0.0,-0.15,0.25,0.02,0.0,-0.03,0.14,-0.01,0.0,0.0,0.04,-0.22,0.11,0.75,0.2,-0.01,0.07,0.22,0.07,0.02,0.04,0.0,0.02,0.65,0.0,1
0.02,0.0,0.25,0.02,0.0,0.06,0.0,0.07,0.0,-0.94,0.04,0.24,0.0,-0.04,0.12,-0.34,0.1,0.33,-0.13,0.02,0.02,0.0,0.0,0.72,0.48,0
0.0,0.0,0.25,0.0,0.0,0.0,0.29,0.02,0.0,0.0,0.01,-0.01,0.0,0.0,0.12,-0.01,0.1,0.3,0.08,0.07,0.08,0.0,0.0,0.35,0.0,0
0.0,0.0,0.25,0.0,0.0,0.11,0.07,0.02,0.03,0.26,0.05,-0.09,0.0,0.63,0.46,0.05,0.08,0.4,0.07,0.02,-0.03,0.0,0.0,0.71,0.2,0
0.0,0.0,0.25,0.01,0.01,0.0,0.19,0.03,0.0,0.05,0.01,-0.0,0.06,1.71,0.42,0.0,0.06,0.11,0.12,0.07,0.03,0.0,-0.03,0.94,-0.21,0
0.04,0.0,0.25,0.01,0.01,0.06,0.14,0.04,0.0,0.05,0.03,0.16,0.07,1.57,0.44,-0.01,0.02,-0.14,0.03,0.02,0.06,0.0,0.0,1.13,0.0,0
-0.02,0.0,0.25,-0.01,0.0,0.42,0.15,0.05,-0.07,-0.01,-0.03,0.13,0.21,-0.19,0.31,0.0,0.09,0.05,0.07,0.01,0.09,0.0,0.0,1.01,-0.27,0
0.0,0.0,0.01,0.0,0.0,0.0,-0.14,0.01,0.0,0.03,-0.03,0.54,0.0,-0.52,0.25,-0.02,-0.03,0.11,-0.08,-0.02,0.02,0.0,-0.01,0.07,0.0,0
-0.04,0.0,0.25,0.01,0.0,-0.06,0.0,0.01,-0.13,0.05,-0.07,0.24,0.06,0.66,0.99,0.0,-0.05,0.0,0.01,0.02,0.1,0.0,0.0,-0.25,-0.48,0
0.0,0.11,0.25,0.0,0.0,0.05,0.26,0.02,0.0,0.04,0.02,-0.43,0.11,0.61,0.65,-0.13,0.12,0.11,0.07,0.03,0.07,0.28,0.0,-0.01,0.0,0
0.07,0.0,0.25,0.0,0.0,-0.22,0.07,-0.01,0.0,0.05,0.05,0.03,-0.05,0.58,0.16,0.0,0.03,0.11,0.15,0.02,0.08,0.0,0.0,0.9,-0.19,0
0.0,0.4,-0.23,0.01,0.0,-0.51,-0.07,0.03,0.0,0.0,-0.01,0.27,-0.13,0.0,0.0,0.04,0.07,0.0,0.12,-0.02,-0.1,-0.65,0.0,0.72,-0.24,0
0.02,0.0,0.25,0.01,0.0,0.46,0.14,0.1,0.03,0.02,0.12,0.29,0.0,0.83,0.12,0.05,0.21,0.32,0.07,0.04,0.03,0.0,0.21,-0.13,0.67,1
0.0,0.0,0.44,0.01,0.0,0.06,0.13,0.03,0.0,0.07,0.0,-0.02,0.0,0.77,1.14,-0.01,0.02,0.11,0.01,0.0,0.11,0.0,0.0,1.02,0.0,0
0.0,0.0,0.25,0.01,0.0,0.49,0.01,0.07,0.0,-0.02,-0.03,0.43,0.06,0.43,0.46,0.0,0.08,-0.08,0.03,0.0,0.02,0.0,0.0,-0.24,0.21,0
0.0,0.03,0.25,-0.01,0.0,0.1,0.21,0.02,0.0,0.01,-0.0,0.34,0.03,0.08,0.56,0.22,0.09,0.11,0.08,0.07,0.03,0.33,0.0,0.69,0.25,0
0.0,0.0,0.25,0.01,0.0,-0.2,0.12,0.04,0.0,0.09,0.0,0.09,-0.04,0.54,0.17,-0.01,0.14,0.56,0.01,0.03,0.0,0.0,0.13,0.3,0.17,1
0.04,0.0,0.25,0.04,0.01,-0.22,0.14,0.02,0.1,0.32,0.14,-0.11,0.0,1.67,0.38,0.0,0.25,0.32,0.05,0.0,0.0,0.0,0.01,0.4,0.49,1
-0.03,0.0,0.25,0.01,-0.01,0.2,0.02,0.05,0.0,-0.02,-0.02,0.19,0.02,0.12,0.62,0.0,0.04,0.11,0.03,-0.01,0.04,0.0,0.0,1.0,0.0,0
-0.02,0.02,0.25,-0.02,0.0,0.26,0.07,-0.01,0.0,0.02,-0.04,0.53,0.34,-0.6,0.37,0.25,0.01,-0.08,-0.0,0.07,0.07,0.0,0.0,0.78,0.0,0
0.0,0.0,0.25,0.0,0.0,0.32,0.07,0.04,0.03,0.1,0.02,0.01,0.0,0.75,0.53,0.02,0.1,0.13,-0.0,-0.1,0.0,0.0,0.0,1.51,0.0,0
0.02,0.0,0.25,0.09,0.02,0.0,0.07,0.07,0.0,-0.04,0.03,0.05,0.0,1.33,0.14,0.0,0.21,0.11,0.21,-0.04,0.0,0.0,0.0,0.5,0.5,0
0.02,0.0,0.27,0.01,0.04,0.12,0.08,0.03,0.0,-0.05,0.0,0.19,0.0,0.23,0.01,0.0,0.09,0.11,0.03,-0.02,0.02,0.0,0.0,0.93,0.0,0
-0.02,0.0,0.25,0.0,0.0,-0.11,0.0,-0.02,0.0,0.02,-0.01,0.13,0.0,0.44,0.61,0.0,0.15,0.11,-0.03,-0.02,0.05,0.0,0.0,0.73,-0.24,0
0.0,0.0,0.25,0.01,0.0,0.06,0.07,0.03,0.0,0.06,0.01,0.04,0.07,0.37,0.65,0.0,0.05,0.11,0.04,0.02,0.04,0.0,0.0,0.6,0.0,0
0.0,0.0,0.25,0.0,0.0,0.0,0.07,0.01,0.0,0.09,0.03,0.02,0.0,-0.09,-0.25,0.0,-0.01,0.11,0.19,0.02,-0.01,0.0,0.0,0.21,0.19,0
0.05,0.0,0.25,-0.01,0.08,0.14,0.09,-0.01,0.01,-0.08,-0.05,0.44,0.0,0.08,-0.21,-0.03,-0.12,-0.04,0.08,0.0,0.02,0.0,-0.16,0.93,-0.0,0
0.0,0.0,0.5,0.01,0.0,-0.05,0.14,0.0,0.03,0.12,0.01,0.18,-0.06,0.66,0.26,0.03,0.11,0.22,0.06,0.06,0.02,0.0,0.0,0.33,-0.22,0
0.03,0.0,0.25,0.0,0.01,0.06,0.08,0.03,0.0,-0.78,0.03,0.1,0.07,0.54,0.47,-0.3,0.02,0.01,-0.12,0.02,0.02,0.0,0.0,0.72,0.0,0
0.04,0.0,0.25,0.02,0.0,0.06,0.19,0.05,0.1,0.08,0.08,-0.19,0.07,1.23,0.12,0.02,0.14,0.36,0.1,0.01,0.0,0.0,0.0,0.76,0.15,0
0.0,0.0,0.05,0.01,0.0,-0.32,0.03,0.02,0.12,0.12,0.08,0.01,-0.16,0.87,-0.14,0.02,0.05,0.31,0.04,0.0,0.01,0.0,0.0,1.16,0.39,0
0.0,0.02,0.25,0.01,0.0,0.3,0.14,0.04,0.0,0.02,0.01,0.23,-0.04,0.8,0.43,0.15,0.03,0.05,0.05,-0.01,0.05,0.0,0.01,0.47,0.0,0
0.0,0.0,0.25,0.02,0.0,0.0,0.03,0.03,0.02,0.14,0.01,0.15,0.04,1.03,0.69,0.0,0.01,0.17,0.02,-0.01,0.05,0.0,0.0,1.09,0.0,0
0.0,0.14,0.25,0.0,0.0,-0.06,0.07,0.02,0.0,0.04,0.0,0.08,0.0,0.6,0.19,0.02,0.04,0.06,0.01,-0.01,-0.03,0.0,0.0,0.49,0.0,0
0.0,-0.07,0.25,0.0,0.0,0.09,0.07,0.05,0.16,0.0,0.09,-0.23,0.07,0.6,0.57,-0.02,0.15,0.2,0.06,-0.02,0.02,0.0,0.0,1.28,0.25,0
0.0,0.0,0.25,0.0,0.0,0.14,0.14,0.04,0.0,0.01,0.0,0.01,0.1,0.0,0.38,-0.02,0.11,0.11,0.03,-0.01,0.08,0.0,0.0,0.99,0.25,0
-0.06,0.0,0.25,0.0,0.0,0.64,0.32,0.07,0.0,-0.02,-0.01,0.14,0.36,-0.07,0.48,0.0,0.16,0.11,0.06,0.02,0.07,0.0,0.0,0.37,0.25,0
0.0,0.0,0.25,0.0,0.01,-0.11,0.14,0.02,0.0,0.0,0.01,0.11,0.0,0.55,0.28,0.0,-0.01,0.11,0.02,0.0,0.05,0.0,0.04,0.57,0.25,0
0.0,0.0,0.25,-0.01,0.0,-0.11,0.07,-0.03,0.07,-0.1,0.0,0.18,0.0,-0.27,0.61,-0.06,-0.01,0.22,-0.02,0.0,0.12,0.0,0.0,1.11,-0.24,0
0.0,0.0,0.25,0.0,0.0,0.19,0.09,0.05,-0.03,-0.08,-0.0,0.11,0.16,0.23,0.38,0.0,0.06,0.02,0.07,0.02,0.01,0.0,0.0,0.69,0.2,0
0.0,0.09,0.25,0.0,0.0,0.18,0.07,0.03,0.0,0.0,0.0,0.51,0.0,0.0,0.2,0.04,0.0,0.11,0.02,0.02,0.0,0.0,0.0,0.53,0.16,0
0.0,0.01,0.25,0.01,0.0,-0.03,0.14,0.02,0.07,-0.03,0.01,0.33,0.0,0.57,-0.03,0.02,0.03,0.16,0.07,0.01,-0.0,0.0,0.0,1.09,0.0,0
0.0,0.0,0.25,0.02,0.0,0.11,0.21,0.09,0.0,0.1,0.05,0.04,-0.06,1.22,-0.46,0.09,0.11,0.33,0.13,0.02,0.0,0.0,0.0,0.63,0.48,0
-0.01,0.09,0.25,0.01,0.0,0.18,0.12,0.03,0.04,-0.03,0.01,0.51,0.04,-0.16,0.04,0.03,-0.19,0.18,0.03,0.01,-0.02,0.0,0.0,0.56,0.16,0
0.0,0.4,0.25,0.0,0.0,0.12,0.07,0.05,0.0,0.0,-0.03,0.19,0.1,-0.43,0.06,0.04,0.06,-0.06,0.13,-0.01,0.0,0.0,0.0,0.55,0.0,0
-0.01,0.0,0.25,0.02,0.0,0.24,0.18,0.06,0.02,-0.04,0.04,0.1,0.0,0.55,0.18,0.0,-0.03,0.11,0.06,-0.01,0.01,0.0,0.0,0.32,0.14,0
0.0,0.0,0.75,0.01,0.0,0.38,0.21,-0.01,0.0,0.05,0.0,0.08,0.13,1.3,0.72,0.0,-0.06,0.01,0.02,0.02,0.19,0.67,0.0,1.0,0.25,0
0.0,0.38,0.25,0.0,0.0,0.21,0.07,0.07,0.0,0.0,0.0,0.14,0.0,0.0,-0.11,-0.07,0.06,-0.1,0.11,-0.04,0.0,0.0,0.0,0.28,-0.23,0
-0.01,0.0,-0.01,0.0,-0.0,0.09,0.14,0.03,0.0,0.08,0.0,0.12,0.03,0.0,0.12,0.0,0.04,0.28,0.04,0.03,0.02,0.0,0.0,0.82,0.25,0
0.0,0.0,0.25,-0.01,0.0,0.0,0.07,0.02,0.0,-0.05,0.01,0.42,0.0,-0.02,0.85,0.0,-0.02,-0.06,-0.01,-0.02,0.04,0.0,0.0,0.52,0.19,0
0.02,0.0,0.5,0.02,0.0,0.22,0.14,0.05,-0.2,0.05,-0.1,0.59,0.0,0.04,-0.11,0.02,-0.09,-0.1,0.05,0.02,0.02,0.0,0.0,0.33,0.0,0
0.02,0.0,0.25,-0.01,0.0,0.33,0.07,0.04,0.05,0.07,0.07,0.31,0.0,0.0,0.12,0.0,0.25,0.22,0.06,0.04,0.05,0.0,0.0,0.23,0.0,0
-0.02,0.0,0.25,-0.01,-0.01,0.11,0.21,-0.01,-0.09,-0.02,-0.06,0.1,0.19,0.05,0.75,0.0,-0.16,-0.08,0.05,0.08,0.09,0.62,0.31,0.98,0.03,0
0.0,0.0,0.25,0.0,0.0,-0.07,0.03,0.01,0.0,0.02,0.0,0.22,0.0,0.04,0.28,0.0,-0.02,0.11,-0.02,0.0,0.06,0.0,0.03,0.9,0.25,0
0.02,0.0,0.25,-0.01,0.09,0.0,0.13,0.02,0.0,-0.02,0.01,-0.09,0.0,-0.22,-0.07,0.0,0.18,0.11,0.09,0.02,-0.01,0.0,0.0,0.35,0.25,0
0.0,0.0,0.25,0.01,0.0,-0.1,0.07,0.04,0.0,0.07,0.04,0.19,0.0,1.05,0.07,0.03,0.03,0.3,0.03,0.02,0.01,0.0,-0.0,0.88,0.22,0
0.02,-0.61,0.46,0.02,0.0,-0.2,0.13,-0.12,0.0,0.04,0.0,-0.06,0.0,0.64,0.48,-0.02,-0.06,0.11,0.01,0.04,0.15,0.0,0.0,0.78,0.0,0
0.02,-0.08,0.46,0.0,0.0,0.1,0.26,0.03,0.03,0.1,0.02,-0.06,0.17,0.61,0.36,-0.03,0.04,0.32,0.06,0.0,0.07,0.0,0.0,1.32,0.0,0
-0.02,0.0,0.25,-0.02,0.0,0.0,0.07,0.02,0.03,-0.13,-0.02,0.31,0.07,0.06,0.36,0.04,0.03,0.22,0.04,0.08,0.05,0.0,-0.0,0.63,-0.23,0
0.06,-0.81,0.25,0.02,0.01,0.01,0.26,-0.0,0.1,0.07,0.05,-0.08,0.18,1.26,0.5,-0.02,0.1,0.22,0.09,0.0,0.02,0.0,0.0,1.14,-0.41,0
0.0,0.0,0.25,0.01,-0.01,0.19,-0.04,0.05,0.0,-0.01,-0.01,0.35,0.0,0.32,0.6,0.0,0.01,0.11,-0.03,-0.07,0.05,0.0,0.0,1.04,0.0,0
0.0,0.0,0.25,0.02,0.0,0.0,0.14,0.02,0.0,0.0,0.04,-0.03,-0.05,0.75,0.12,-0.04,0.08,0.22,0.0,-0.07,-0.01,0.0,0.02,0.23,0.0,1
0.02,0.0,0.25,0.0,0.01,-0.22,0.07,0.01,0.0,0.05,0.02,0.24,0.0,0.45,0.3,-0.01,0.02,0.11,-0.02,0.0,0.04,0.0,0.0,0.5,0.0,0
0.04,-0.27,0.5,0.01,0.0,0.04,0.27,0.0,0.0,0.0,0.02,-0.16,0.1,0.62,0.52,-0.01,0.07,0.19,0.09,-0.02,0.04,0.0,0.0,-0.18,0.18,0
0.0,0.0,0.25,0.01,0.0,0.0,-0.06,0.01,0.0,0.02,0.0,0.7,0.0,1.0,0.74,0.0,-0.05,0.11,-0.04,-0.04,-0.02,0.0,0.0,0.9,-0.23,0
0.0,0.0,0.25,0.01,0.0,-0.34,-0.1,0.01,0.0,0.13,0.01,0.13,-0.22,0.31,0.05,0.0,-0.09,0.11,-0.01,-0.02,-0.08,0.0,0.0,0.98,0.2,0
0.0,0.0,0.42,0.01,0.0,0.0,0.12,0.03,0.0,0.02,0.0,-0.08,0.0,1.0,0.5,0.01,0.03,0.19,0.04,0.02,0.09,0.0,0.0,0.98,0.0,0
0.0,0.0,0.25,0.02,0.0,0.05,0.2,0.02,0.03,0.13,0.07,-0.01,0.0,0.66,0.23,0.0,0.03,0.42,0.07,0.02,0.0,0.0,0.0,1.22,0.0,0
0.0,-0.24,0.25,0.01,0.0,-0.06,0.21,-0.05,0.1,0.25,-0.01,-0.01,0.0,0.76,0.5,0.02,0.06,0.11,-0.03,-0.02,0.02,0.0,0.0,1.01,0.0,0
0.0,0.16,0.25,0.02,0.0,0.06,0.07,0.04,-0.03,0.06,-0.0,0.05,0.0,0.81,0.03,0.0,0.13,0.31,0.04,-0.03,-0.01,0.0,0.0,0.02,0.0,0
0.0,0.0,0.47,0.02,0.0,0.68,0.26,0.02,0.0,0.02,-0.01,0.3,0.24,0.31,0.69,0.0,0.03,0.12,0.05,0.04,0.05,0.0,0.0,0.37,0.0,0
0.02,-0.16,0.25,0.06,0.02,0.0,0.21,0.07,0.14,0.17,0.12,-0.08,0.0,1.75,0.25,-0.02,0.32,0.33,0.08,0.0,0.0,0.0,0.0,0.57,0.5,1
0.0,0.0,0.25,-0.01,0.0,0.36,0.01,0.02,0.03,0.0,0.02,0.36,0.05,-0.02,0.02,-0.02,-0.08,0.31,-0.02,-0.01,0.05,0.0,0.0,0.91,-0.21,0
0.0,0.0,0.25,0.01,0.0,0.0,0.07,0.02,0.0,0.17,0.06,0.05,0.0,1.07,0.38,0.03,0.04,0.11,0.05,0.01,-0.01,0.0,0.0,0.71,0.0,0
0.0,0.32,0.25,-0.01,0.0,0.08,0.07,0.02,0.0,-0.16,-0.03,0.38,0.0,-0.61,0.16,0.02,0.07,-0.13,-0.0,-0.02,0.02,0.0,0.0,1.02,0.07,0
0.0,0.02,0.25,0.01,0.0,0.18,0.21,0.01,0.0,0.1,0.0,0.51,-0.05,0.8,0.19,0.02,0.07,0.02,0.04,0.08,0.03,0.0,0.05,0.29,0.25,0
0.02,0.04,0.49,0.0,-0.01,0.11,0.07,0.02,0.0,-0.05,-0.01,0.34,0.13,-0.82,-0.12,0.04,-0.03,0.0,-0.08,-0.09,0.0,0.0,0.0,1.12,0.0,0
0.0,0.0,0.25,-0.02,-0.0,0.0,0.07,0.01,-0.02,-0.03,0.0,0.19,0.0,0.81,0.41,0.0,-0.01,0.11,0.02,0.02,0.05,0.0,0.0,0.71,0.0,0
0.02,-0.01,0.5,0.03,0.0,-0.15,0.14,0.01,0.0,0.1,0.0,-0.35,0.04,1.06,0.71,-0.01,0.02,0.18,0.07,0.02,0.06,0.0,0.0,-0.05,0.0,0
0.0,-0.03,0.25,0.0,0.0,0.03,0.07,0.04,0.0,0.07,0.04,0.03,0.0,0.48,0.27,0.0,0.0,0.17,0.19,0.02,0.04,0.0,0.0,-0.1,0.29,0
0.0,0.0,0.25,-0.01,0.01,0.26,0.25,0.02,0.0,-0.01,0.01,0.2,0.0,-0.14,0.06,0.01,-0.04,0.11,0.01,-0.0,0.09,0.33,0.01,1.23,-0.13,0
0.01,0.04,0.38,-0.01,0.0,0.41,0.14,0.03,0.0,-0.01,0.0,0.44,0.1,-0.5,-0.13,0.29,0.01,0.11,0.1,0.09,-0.03,0.0,0.0,0.53,0.0,0
0.0,0.0,0.25,-0.08,0.0,0.6,0.08,0.06,-0.23,0.01,-0.08,0.64,0.07,-0.7,0.17,0.03,-0.08,-0.07,-0.03,0.0,0.03,0.0,0.0,1.0,0.0,0
0.0,0.0,0.25,-0.01,-0.01,0.0,0.03,0.0,-0.02,0.0,-0.01,0.22,0.0,-0.44,0.25,0.02,-0.03,0.18,0.02,0.02,0.02,0.0,0.0,0.61,0.0,0
0.0,0.0,0.25,0.0,0.0,0.11,0.01,0.01,-0.06,-0.02,-0.03,0.18,0.06,-0.61,0.37,0.0,0.05,0.01,0.02,0.0,0.0,0.0,0.0,1.58,0.0,0
0.0,0.0,0.25,0.0,0.0,0.24,0.02,0.04,0.0,0.02,-0.01,0.73,0.1,0.0,0.19,0.02,-0.01,-0.08,-0.0,-0.03,0.0,0.0,0.0,0.93,0.0,0
-0.02,0.0,0.25,-0.01,0.0,0.12,0.0,0.02,0.0,0.02,-0.01,0.32,0.13,-0.53,0.62,0.45,0.07,0.0,0.4,0.5,0.07,0.0,0.0,1.22,-0.24,0
0.02,0.0,0.25,0.01,0.01,0.0,0.14,0.06,0.1,0.06,0.1,0.04,0.05,0.41,0.35,0.0,0.36,0.42,0.11,0.09,0.04,0.0,-0.0,0.6,0.5,0
0.01,-0.01,0.25,0.01,0.0,0.24,0.11,0.06,0.0,0.54,-0.01,0.14,0.07,0.15,0.18,0.21,0.07,0.17,0.16,-0.01,0.01,0.0,0.0,0.59,0.25,0
0.0,0.0,0.25,0.0,0.0,0.47,0.18,0.06,0.02,0.06,0.01,0.08,0.07,0.34,0.62,0.02,0.04,0.17,0.08,0.01,0.06,0.0,0.0,0.85,0.0,0
0.0,0.0,0.49,0.0,0.0,0.24,0.14,0.06,0.0,0.02,0.0,0.02,0.07,0.0,0.73,-0.02,0.07,0.11,0.05,0.0,0.05,0.0,0.0,1.11,0.0,0
0.0,0.0,0.25,0.0,0.0,0.04,0.03,0.02,0.0,0.09,-0.02,0.16,0.0,0.16,0.53,0.01,0.1,0.11,0.0,0.0,0.08,0.0,0.0,0.06,0.0,0
0.0,0.01,0.25,-0.01,0.0,0.0,0.03,0.02,0.0,0.02,-0.01,0.14,0.13,-0.18,0.38,0.0,0.03,0.11,0.03,0.0,0.06,0.0,-0.01,0.63,0.0,0
0.0,0.0,0.25,-0.01,0.0,0.06,0.07,0.02,0.0,0.0,0.01,0.23,0.0,-0.85,0.12,0.0,0.02,0.22,0.01,0.02,0.02,0.0,0.03,0.75,0.21,0
-0.02,0.02,0.08,0.0,-0.01,0.08,0.02,0.04,0.0,0.0,0.03,0.02,0.05,0.7,0.34,0.0,0.08,0.11,0.05,0.02,0.02,0.0,0.0,0.98,0.17,0
0.0,0.0,0.25,0.0,0.0,0.25,0.22,0.02,0.0,-0.06,-0.01,0.03,0.4,-0.4,0.17,-0.03,0.07,0.19,0.09,0.07,0.06,0.0,0.01,0.65,-0.34,0
0.0,0.0,0.25,-0.01,0.0,0.37,0.09,0.01,0.0,0.05,-0.01,0.15,0.07,0.0,0.55,-0.03,0.1,0.19,-0.01,0.01,0.03,0.0,0.0,0.58,-0.18,0
0.0,0.0,0.25,0.08,0.0,0.08,0.09,0.04,0.25,0.05,0.07,0.05,0.09,0.71,0.34,0.16,0.05,0.15,0.14,0.04,0.02,0.0,0.0,0.99,0.0,0
0.0,0.4,0.25,-0.01,0.0,0.13,0.07,0.05,0.0,-0.01,0.0,0.12,0.04,-0.57,-0.29,0.04,0.09,0.0,0.14,0.0,-0.01,0.0,0.0,0.61,0.0,0
0.0,0.02,0.25,0.02,0.0,-0.1,0.14,0.06,0.0,0.27,0.12,-0.01,-0.12,0.97,0.28,-0.16,0.22,0.44,-0.02,0.0,0.02,0.0,0.0,1.06,0.0,0
0.0,0.0,0.75,0.02,0.01,0.0,0.21,0.02,0.0,-0.02,0.01,0.06,0.0,0.75,0.12,0.08,0.1,0.22,0.15,0.04,0.05,0.0,0.0,0.55,0.0,0
-0.03,0.4,0.25,0.0,-0.01,0.13,0.02,0.03,0.0,-0.04,-0.03,0.59,-0.05,-0.64,-0.07,0.07,0.0,0.02,0.09,0.0,-0.02,0.0,0.0,-0.03,0.0,0
0.04,-0.02,0.25,0.04,0.01,0.52,0.07,0.13,0.03,0.13,0.1,-0.54,0.33,1.0,0.73,0.02,0.07,0.3,0.04,0.0,0.08,0.0,0.12,0.2,0.21,1
-0.01,0.0,0.25,0.0,-0.01,0.12,0.03,0.04,0.0,0.0,0.02,0.11,0.13,0.49,0.25,0.06,-0.02,0.11,0.11,0.15,0.08,0.0,0.0,0.43,0.0,0
0.0,0.0,0.25,-0.01,0.0,0.2,0.01,0.04,0.0,-0.06,0.0,0.18,0.07,-0.42,0.36,0.0,0.07,0.02,0.03,0.0,0.02,0.0,0.0,1.28,0.0,0
-0.02,0.0,0.25,-0.01,0.0,0.16,0.21,0.05,0.0,-0.01,0.03,0.1,0.05,-0.02,0.25,0.04,0.06,0.11,0.11,0.02,0.0,0.0,0.0,0.7,0.17,0
0.02,0.0,0.05,0.02,0.0,0.06,0.09,0.05,0.04,0.12,0.12,0.04,0.0,0.99,0.12,0.0,0.13,0.33,0.03,-0.02,-0.02,0.0,0.0,0.74,0.0,0
0.0,0.0,0.25,0.01,0.0,0.23,0.07,0.06,0.03,0.05,0.03,-0.11,0.06,0.81,0.0,0.0,0.27,0.22,0.09,0.0,0.0,0.0,0.0,0.73,0.25,0
0.0,0.0,0.25,0.01,0.0,0.15,0.07,0.03,-0.03,0.0,-0.01,0.13,0.11,-0.3,0.48,0.03,0.0,0.02,0.04,0.0,0.1,0.0,0.0,-0.18,0.0,0
0.0,0.0,0.25,-0.01,0.0,0.47,0.14,0.05,0.15,-0.02,0.08,0.05,0.07,-0.18,0.45,0.03,0.09,0.19,0.09,0.02,-0.0,0.0,0.0,1.0,0.0,0
0.0,0.0,0.25,0.0,-0.01,0.33,0.07,0.05,0.0,-0.08,-0.0,0.45,0.0,0.52,0.12,-0.01,-0.06,0.11,0.04,0.02,0.02,0.0,0.0,0.68,-0.4,0
0.0,0.0,0.49,0.01,0.0,0.36,0.07,-0.05,-0.03,-0.07,-0.13,0.35,0.0,-0.17,-0.11,-0.05,-0.13,0.12,0.06,0.07,0.07,0.0,-0.22,0.42,-0.71,0
0.0,0.07,0.25,0.0,0.0,0.41,0.14,0.09,0.07,0.03,0.03,0.22,-0.06,0.66,-0.06,0.05,0.09,0.22,-0.01,-0.06,-0.02,0.0,0.0,0.19,0.0,0
0.02,0.0,0.25,0.01,0.0,0.06,0.14,0.1,0.03,0.12,0.14,0.05,0.0,0.67,0.4,0.03,0.22,0.22,0.02,0.02,0.0,0.0,0.23,-0.18,0.75,1
-0.0,0.02,0.11,0.0,-0.01,0.3,0.1,0.05,0.17,0.08,0.06,0.11,0.11,0.51,0.39,-0.06,0.54,0.16,0.02,0.0,0.01,0.0,0.31,0.46,0.21,1
0.0,0.0,0.47,0.03,0.01,0.0,0.21,0.02,0.0,0.02,-0.0,-0.11,0.0,1.15,0.34,-0.03,0.0,0.21,0.1,0.04,0.07,0.0,0.0,0.14,0.22,0
0.0,0.4,0.25,-0.01,0.0,0.0,0.07,0.04,-0.05,0.02,0.02,0.16,0.0,0.14,0.0,0.04,0.07,0.0,0.1,0.02,0.0,0.0,0.0,0.18,0.0,0
0.0,0.0,0.25,0.0,0.0,0.29,0.07,0.06,-0.03,-0.06,0.02,0.13,0.13,0.58,-0.27,0.06,0.1,0.11,0.14,0.15,0.08,0.0,0.0,0.39,-0.21,0
0.0,0.0,0.25,0.0,0.0,0.31,0.07,0.02,0.0,0.02,0.0,0.29,0.0,0.0,0.31,0.0,0.03,0.2,0.01,0.02,0.02,0.0,0.04,0.44,0.25,0
-0.04,0.0,0.25,-0.03,-0.01,0.35,0.13,-0.01,-0.03,-0.1,-0.1,0.5,0.06,-0.84,1.17,-0.02,-0.05,0.02,0.03,0.02,0.07,0.0,0.0,1.37,-0.21,0
0.0,0.0,0.25,0.01,0.0,-0.26,0.07,-0.0,0.0,0.02,-0.01,0.18,-0.35,0.73,0.36,0.0,-0.01,0.11,-0.04,-0.02,0.12,0.0,-0.0,0.2,0.0,0
0.0,0.0,0.25,0.0,0.0,0.0,0.14,0.03,0.0,-0.02,0.03,0.23,0.0,0.75,0.38,0.0,0.04,0.22,0.08,0.09,0.03,0.0,0.0,0.82,0.0,0
-0.01,0.0,0.11,0.03,-0.01,-0.07,0.14,0.02,0.09,0.11,0.09,-0.06,0.07,1.03,0.32,0.0,0.1,0.29,0.06,0.0,0.01,0.0,0.0,1.21,0.5,0
0.0,0.13,0.25,0.01,0.0,-0.19,0.19,0.0,0.04,0.14,0.04,-0.03,-0.04,0.85,0.05,0.02,0.09,0.18,0.06,0.04,0.01,0.0,0.0,0.63,-0.16,0
0.0,0.02,0.25,0.02,0.01,-0.11,0.14,0.0,0.0,0.14,0.01,0.58,-0.19,0.69,0.61,0.15,-0.01,0.11,0.02,0.04,0.0,0.0,0.0,0.81,0.01,0
0.0,-0.02,0.25,0.01,0.0,0.11,0.21,0.04,0.0,0.02,0.07,-0.39,0.13,0.57,0.75,0.0,0.03,0.22,0.14,0.11,0.07,0.0,0.0,0.32,0.0,0
0.0,0.0,0.25,0.0,0.0,0.36,0.23,0.01,-0.32,-0.06,0.0,0.15,0.38,0.05,0.48,0.0,0.12,0.02,0.09,0.02,0.12,0.0,0.0,0.61,0.0,0
0.08,0.0,0.55,0.0,0.08,-0.05,0.23,0.03,0.03,0.0,0.04,-0.32,0.04,0.71,0.2,-0.01,0.02,0.18,0.11,0.0,0.04,0.0,0.0,0.26,0.5,0
0.01,0.0,0.25,0.01,0.01,0.06,0.07,0.03,0.0,-0.0,-0.0,0.21,-0.04,1.0,0.56,0.0,0.05,0.11,0.04,0.0,0.08,0.0,0.0,1.16,0.0,0
0.0,-0.04,0.25,0.0,0.0,0.01,0.14,0.05,0.07,0.05,0.01,0.25,0.0,0.1,0.83,0.0,0.04,0.02,0.02,0.04,0.05,0.0,0.0,1.0,0.0,0
0.0,0.02,0.25,-0.01,0.0,0.18,0.01,0.05,0.0,-0.04,0.0,0.82,0.07,-0.72,0.04,0.02,-0.09,0.01,-0.02,-0.04,0.0,0.0,0.0,1.63,-0.22,0
0.0,0.0,0.25,0.01,0.0,0.01,0.07,0.06,0.0,0.22,0.07,-0.15,0.13,1.44,0.5,0.23,0.01,0.11,0.12,-0.02,0.02,0.0,0.0,0.64,0.47,0
0.0,-0.82,0.25,0.01,0.0,0.49,0.07,0.01,0.0,0.05,0.01,0.14,0.19,0.33,0.58,0.02,0.04,0.11,0.12,0.12,0.05,0.0,0.0,0.72,-0.42,0
0.0,0.4,0.25,-0.01,0.0,0.0,0.02,0.03,0.0,0.02,-0.03,0.35,0.0,-0.54,0.27,0.04,0.03,-0.08,0.09,-0.02,0.02,0.0,-0.01,0.42,0.0,0
0.0,0.17,0.25,-0.02,0.0,0.38,0.01,0.03,0.0,0.05,-0.03,0.22,0.06,-0.47,0.23,0.04,-0.05,0.0,-0.09,-0.06,0.0,0.0,0.0,1.59,0.0,0
0.0,0.02,0.02,-0.01,0.0,0.06,0.08,0.05,0.07,0.05,0.1,0.73,0.0,0.15,-0.1,0.03,0.29,0.23,0.02,0.0,-0.02,0.0,0.0,0.96,0.0,0
0.02,0.0,0.25,0.01,0.0,0.22,0.14,0.07,0.0,0.03,0.04,0.1,0.19,0.1,0.02,-0.02,0.17,0.12,0.07,0.02,0.02,0.0,0.0,0.94,0.48,0
0.0,0.0,0.25,0.01,0.0,0.24,0.02,0.03,0.0,0.0,-0.02,0.42,0.04,0.5,0.25,0.0,0.0,0.04,0.01,0.01,0.02,0.0,0.0,-0.06,0.0,0
0.0,0.0,0.25,0.0,0.0,0.04,0.09,0.07,0.07,0.02,0.03,0.17,-0.05,0.66,0.25,0.0,0.01,0.22,0.06,0.03,0.02,0.0,0.0,0.77,0.0,0
0.04,-0.08,0.25,0.02,0.0,0.06,0.1,0.04,0.14,0.21,0.12,0.01,0.0,1.16,0.65,0.03,0.11,0.22,0.04,-0.01,-0.01,0.0,0.0,1.2,0.5,0
0.0,0.0,0.25,0.0,-0.0,-0.2,0.02,0.01,0.05,0.12,0.01,-0.06,0.0,0.5,0.84,0.01,-0.01,0.19,0.02,-0.02,-0.0,-0.23,0.0,0.87,0.0,0
-0.06,0.0,0.25,-0.02,0.0,0.66,0.08,0.11,0.07,-0.11,-0.04,0.12,0.43,-0.15,0.7,0.0,-0.26,0.12,0.01,0.02,0.12,0.0,0.11,0.72,0.25,1
0.03,0.0,0.5,0.0,0.01,0.0,0.21,0.07,0.0,0.05,0.04,0.06,-0.11,0.37,0.12,0.13,0.09,0.22,0.12,0.06,0.05,0.0,0.0,0.48,0.5,0
0.0,-0.18,0.25,0.01,0.01,0.0,0.14,0.03,0.03,0.02,0.02,0.27,0.0,0.75,0.37,-0.02,0.06,0.11,0.03,0.02,0.02,0.0,0.0,0.72,0.0,0
0.0,0.0,0.25,0.0,0.0,0.03,0.07,0.01,0.0,0.04,0.01,0.29,0.19,0.09,0.43,0.0,0.0,0.11,0.02,0.01,0.02,0.0,0.0,0.23,-0.15,0
0.0,-0.15,0.25,0.0,0.0,0.06,0.14,0.03,0.0,0.08,0.0,0.21,0.0,-0.06,0.25,0.0,0.01,0.11,0.01,0.02,0.02,0.0,0.0,1.23,0.0,0
0.0,0.0,0.25,0.02,0.0,-0.04,0.09,0.03,0.0,0.11,0.05,0.07,-0.05,0.89,0.22,0.04,-0.03,0.25,0.05,0.02,0.02,0.0,-0.03,0.23,0.07,0
0.0,0.0,0.25,0.0,0.0,0.43,0.07,0.07,0.0,0.0,0.0,0.21,0.13,0.0,0.18,0.06,0.04,0.05,0.09,0.07,0.06,0.0,0.0,1.3,0.14,0
0.0,0.0,0.25,0.01,0.0,0.02,0.09,0.03,0.0,0.03,0.0,0.14,0.0,0.9,0.53,0.0,0.02,0.13,0.02,0.0,0.07,0.0,0.0,0.93,0.0,0
0.0,-0.01,0.25,0.0,0.0,0.27,0.07,0.06,0.0,0.03,0.0,0.47,0.0,0.0,0.4,-0.09,0.01,0.06,-0.01,-0.04,0.03,0.0,0.0,0.95,0.0,0
0.0,0.0,0.4,0.01,0.01,0.03,0.15,0.04,0.0,0.23,0.03,0.0,0.0,0.17,0.3,0.05,0.08,0.44,0.07,0.01,0.05,0.0,0.0,0.79,0.44,0
0.0,-0.01,0.25,0.0,0.0,0.24,0.11,0.06,0.0,0.0,0.01,-0.09,0.2,0.32,0.31,-0.13,0.06,0.17,0.04,-0.02,0.04,0.0,0.0,0.87,0.25,0
0.0,0.0,0.25,0.02,0.0,0.0,0.13,0.03,-0.18,0.1,-0.05,0.13,0.29,0.22,0.27,-0.02,-0.05,0.22,0.01,0.02,0.17,0.29,0.0,0.19,0.43,0
0.01,0.0,0.6,0.02,0.06,-0.04,0.17,0.02,0.0,0.0,-0.0,0.02,0.0,0.5,0.05,0.08,0.2,0.22,0.16,0.02,0.02,0.0,0.0,0.63,0.15,0
0.0,-0.02,0.25,0.0,0.0,0.23,0.14,0.04,0.0,0.02,0.01,0.32,0.0,0.0,0.38,-0.23,0.06,0.11,0.01,-0.02,0.08,0.0,0.01,1.27,0.0,0
0.06,0.0,0.45,0.01,0.01,-0.23,0.18,0.05,0.0,0.1,0.05,-0.05,-0.11,1.16,0.18,0.13,0.46,0.2,0.1,0.02,0.02,0.0,0.01,1.09,0.65,1
0.0,-0.09,0.25,0.02,0.0,0.02,0.14,0.05,0.0,0.12,0.01,0.08,0.0,0.88,0.34,0.04,0.02,0.11,0.08,0.02,0.02,0.0,0.0,0.65,0.04,0
0.0,0.0,0.25,0.01,0.02,0.0,0.08,0.01,-0.06,0.14,-0.02,0.12,0.39,0.31,0.82,0.0,0.0,0.12,-0.03,0.02,0.22,0.33,0.0,0.44,0.95,0
0.0,0.0,0.25,0.0,0.0,0.12,0.02,0.03,0.0,0.02,-0.0,0.49,0.0,-0.43,0.84,0.0,-0.07,0.03,0.01,0.0,0.04,0.0,-0.03,1.09,0.0,0
0.02,0.0,0.25,0.01,0.0,0.22,0.14,0.03,0.0,0.95,0.0,0.25,0.0,1.3,0.01,0.35,0.04,0.22,0.22,0.02,0.02,0.0,-0.0,0.68,0.0,0
-0.03,0.0,0.25,0.0,-0.0,-0.04,0.21,0.01,0.0,-0.01,0.02,0.05,-0.05,0.39,0.16,0.04,0.0,0.11,0.08,0.02,0.0,0.0,0.01,0.43,0.0,0
0.0,-0.03,0.25,0.02,0.0,0.0,0.07,0.03,0.0,0.1,0.05,-0.06,0.0,0.86,0.47,-0.03,0.01,0.3,0.14,0.02,0.02,0.0,0.0,0.15,0.0,0
0.0,0.0,0.25,0.01,0.0,-0.12,0.07,0.0,0.0,0.02,0.0,0.07,-0.03,1.0,0.36,0.0,-0.01,0.17,0.0,0.01,0.05,0.0,0.0,1.0,0.0,0
0.0,-0.07,0.25,0.01,0.0,-0.22,0.18,-0.0,0.0,0.31,0.1,-0.26,0.1,1.12,0.84,-0.03,0.07,0.11,0.08,0.02,0.04,0.25,0.0,1.03,0.19,0
0.0,-0.23,0.25,0.01,0.0,0.0,0.07,0.02,0.0,0.02,0.02,0.14,0.0,1.04,0.52,-0.02,0.0,0.29,-0.03,0.02,0.1,0.0,0.0,0.88,0.0,0
0.02,0.09,0.25,0.01,0.0,0.18,0.21,0.04,0.0,-0.05,0.03,0.41,0.0,0.14,-0.12,0.04,0.01,0.11,0.15,0.07,0.02,0.0,0.0,0.66,0.5,0
0.0,0.03,0.25,-0.01,0.0,0.51,0.02,0.07,0.0,-0.06,-0.02,0.48,-0.04,-0.39,0.28,0.22,-0.11,0.11,0.08,0.05,0.01,0.0,0.0,1.21,0.0,0
0.0,0.0,0.25,-0.01,0.0,-0.07,0.03,0.01,0.0,0.01,-0.0,0.34,0.0,-0.44,0.29,0.0,-0.03,0.17,-0.02,0.0,0.04,0.0,-0.0,0.68,0.0,0
0.0,0.0,0.25,0.01,0.0,0.0,0.08,0.02,0.0,0.02,0.01,0.34,0.0,-0.03,0.24,0.0,0.02,0.22,-0.01,-0.02,0.02,0.0,0.0,0.37,0.0,0
0.05,0.02,0.25,0.01,0.01,0.1,0.14,0.09,0.15,0.04,0.08,0.03,0.11,1.0,0.25,0.02,0.62,0.15,0.07,0.01,-0.02,0.0,0.31,0.34,0.5,1
0.0,0.0,0.25,-0.03,-0.01,0.0,0.07,0.0,-0.03,-0.05,-0.01,0.19,0.0,0.17,0.38,0.0,0.04,0.22,0.02,0.04,0.1,0.0,0.0,0.66,0.0,0
0.0,0.0,0.25,0.0,0.0,0.06,0.07,0.03,0.0,0.0,0.01,-0.02,0.04,0.0,0.25,0.02,0.02,0.11,0.07,0.08,0.04,0.0,0.0,0.95,0.0,0
0.0,0.0,0.25,0.01,0.0,0.11,0.12,0.01,0.0,0.07,0.0,0.25,-0.05,0.57,0.43,0.04,-0.02,0.11,0.05,0.04,0.06,0.0,0.0,0.48,-0.18,0
0.0,0.0,0.25,0.0,0.0,-0.07,0.21,0.01,0.0,0.09,0.0,0.0,0.03,0.0,0.12,0.01,0.02,0.4,0.02,0.02,0.02,0.0,0.0,0.7,0.25,0
0.0,0.0,0.25,0.01,0.0,0.07,0.11,0.03,0.0,0.04,0.01,0.02,0.0,0.28,0.38,0.0,0.02,0.11,0.07,0.04,0.02,0.0,0.0,0.73,0.0,0
0.0,0.0,0.25,-0.05,0.0,0.46,0.07,0.02,0.0,0.1,-0.05,0.13,0.33,-0.73,0.87,0.02,-0.08,0.11,-0.18,0.02,0.07,0.0,0.12,1.14,-0.49,0
0.02,0.0,0.25,-0.01,0.0,0.17,0.15,0.03,0.0,-0.07,0.03,0.02,0.19,0.29,-0.11,0.02,-0.04,0.11,0.17,0.04,0.05,0.0,-0.1,0.92,0.26,0
0.0,0.0,0.25,0.01,0.01,0.17,0.35,0.01,0.0,0.0,0.07,0.09,0.0,0.59,0.01,0.0,0.0,0.11,0.08,0.09,0.12,0.32,0.0,1.0,0.0,0
0.0,-0.12,0.25,0.04,0.01,0.32,0.14,0.07,0.03,0.08,0.0,0.07,0.26,0.56,0.64,0.02,0.03,0.02,0.01,0.0,0.06,0.0,0.09,1.37,0.0,0
0.0,0.0,0.25,-0.01,0.0,0.23,0.14,0.06,0.05,-0.02,-0.0,0.05,0.16,0.39,0.34,-0.03,0.14,0.14,0.02,-0.02,0.02,0.0,0.04,0.43,0.25,1
0.0,0.0,0.25,0.0,0.0,0.19,0.13,0.03,0.0,0.05,0.01,0.18,0.0,0.28,-0.17,0.04,0.02,0.11,0.06,0.04,0.0,0.0,0.0,0.39,0.21,0
0.02,0.0,0.25,-0.01,0.0,0.0,0.07,0.02,0.07,0.08,0.04,0.06,0.13,0.72,0.26,0.0,0.15,0.22,0.06,0.02,0.05,0.0,0.0,1.25,0.25,0
0.0,-0.23,0.5,0.05,0.01,0.41,0.34,0.05,0.03,0.09,0.01,0.02,0.27,1.21,0.95,-0.03,0.01,0.2,0.05,0.0,0.05,0.0,0.0,0.52,0.0,0
0.09,0.0,0.5,0.01,0.01,-0.17,0.28,-0.0,0.0,0.05,0.05,-0.07,0.0,1.42,0.25,0.0,-0.01,0.11,0.06,0.02,0.02,0.0,0.0,0.98,-0.24,0
0.0,0.0,0.44,0.01,0.0,-0.14,0.13,-0.0,0.0,0.02,0.01,0.12,-0.05,1.31,0.43,0.0,-0.01,0.11,0.0,0.0,0.02,0.0,0.0,0.06,0.0,0
0.02,0.0,0.25,0.01,0.0,0.28,0.14,0.06,0.0,0.05,0.03,0.24,-0.06,0.66,0.51,-0.44,-0.01,0.11,-0.39,-0.53,-0.05,0.0,0.0,1.06,0.0,0
-0.02,0.0,0.25,-0.02,-0.0,0.0,0.09,-0.01,-0.08,-0.01,-0.07,0.16,0.05,-0.39,0.35,0.0,-0.16,-0.06,-0.03,0.0,0.04,0.0,0.0,0.42,-0.14,0
0.0,0.0,0.25,0.01,0.0,0.24,0.07,0.06,0.0,0.0,0.0,0.04,0.01,0.9,0.49,-0.05,0.06,0.11,-0.0,-0.08,0.05,0.0,0.0,1.62,0.0,0
0.0,0.0,0.25,0.0,0.0,-0.21,0.09,-0.0,0.09,0.14,0.04,0.01,-0.05,1.29,0.16,0.02,-0.04,0.3,0.01,0.0,0.02,0.0,0.0,0.85,-0.18,0
0.0,0.0,0.25,0.0,-0.01,0.03,0.14,0.02,0.0,-0.02,-0.0,0.11,-0.04,0.29,0.16,0.01,0.12,0.11,0.08,0.07,0.02,0.0,0.0,0.36,-0.17,0
-0.04,0.02,0.03,-0.01,0.0,0.21,-0.06,0.05,0.0,0.0,-0.02,0.78,0.06,-0.55,0.35,0.15,0.05,0.11,0.02,0.04,0.0,0.0,0.0,1.52,0.25,0
0.0,0.0,0.25,0.0,0.0,0.0,0.07,0.02,0.0,0.16,0.06,0.14,0.0,-0.08,0.3,0.04,0.04,0.11,0.05,0.04,0.09,0.0,0.0,0.81,0.0,0
0.0,0.0,0.07,-0.0,-0.0,0.04,0.02,0.02,0.0,0.15,0.04,0.05,0.0,0.63,0.21,-0.05,-0.07,0.03,-0.03,-0.02,0.02,0.0,0.0,1.01,0.25,0
0.02,0.0,0.25,0.02,0.02,0.24,0.07,0.05,0.0,-0.02,0.0,-0.0,0.2,0.0,-0.28,0.0,0.13,0.11,0.08,0.0,0.0,0.0,0.0,1.51,0.25,0
0.0,0.0,0.25,0.02,0.0,-0.21,0.21,-0.02,0.0,0.02,0.05,-0.04,-0.06,0.75,0.23,-0.02,0.04,0.22,0.06,0.06,0.07,0.0,0.02,0.39,-0.22,1
-0.02,0.0,0.25,-0.0,0.0,0.0,0.02,0.02,0.0,-0.0,-0.0,0.11,0.0,0.99,0.72,0.01,0.15,0.03,0.03,0.02,0.06,0.0,0.0,1.26,0.25,0
0.0,0.0,0.12,0.0,0.0,0.12,0.03,0.03,0.0,0.0,0.0,0.12,0.07,-0.2,0.12,0.03,0.04,0.22,0.07,0.09,0.05,0.0,0.0,0.29,0.0,0
0.0,0.0,0.25,0.01,0.0,0.06,0.14,0.02,0.03,0.03,0.01,0.03,0.0,0.93,0.25,0.0,0.0,0.33,0.02,-0.02,0.03,0.0,0.0,0.57,0.0,0
0.0,0.0,0.25,0.02,0.01,-0.2,0.09,0.01,0.03,0.12,0.03,0.02,0.05,0.81,0.21,0.01,0.08,0.11,0.04,0.02,0.04,0.0,0.0,0.81,0.17,0
0.02,0.0,0.45,0.02,0.0,0.0,0.13,0.01,0.0,0.02,0.01,-0.2,0.0,1.49,-0.08,0.0,0.0,0.22,0.06,0.02,-0.02,0.0,0.0,0.86,0.0,0
0.02,0.0,0.25,0.01,0.0,-0.28,0.14,-0.02,0.0,0.96,0.01,-0.06,-0.06,1.27,0.13,0.37,0.0,0.33,0.21,0.0,0.0,0.0,0.0,1.22,-0.24,0
0.0,0.02,0.25,0.01,0.0,0.21,0.07,0.03,0.0,0.02,-0.01,0.73,0.0,1.0,0.41,0.02,0.01,0.01,-0.01,-0.02,0.0,0.0,0.0,0.74,0.0,0
0.0,0.13,0.25,0.04,0.0,0.0,0.28,0.03,0.0,0.07,0.06,-0.09,0.0,0.42,0.12,0.02,0.19,0.11,0.17,0.09,-0.02,0.0,0.1,-0.33,0.24,1
0.0,0.0,0.25,0.07,0.0,0.0,0.08,0.02,0.07,0.0,-0.0,0.03,0.0,0.65,0.49,0.0,0.05,0.12,0.25,0.0,0.02,0.0,-0.02,1.1,0.0,0
0.01,0.0,0.4,0.0,0.01,0.47,0.14,0.03,-0.04,-0.03,-0.02,0.19,0.07,-0.41,0.55,0.02,0.01,0.04,0.08,0.02,0.05,0.0,0.0,0.96,0.0,0
0.0,0.0,0.25,0.0,0.0,0.0,0.07,0.04,0.0,-0.04,-0.04,0.3,0.0,-0.57,0.5,-0.03,0.03,0.33,-0.02,-0.01,0.08,0.0,0.1,0.8,0.25,0
0.0,0.0,0.25,0.06,0.0,-0.22,0.21,0.01,0.1,0.17,0.11,0.01,-0.31,1.35,0.38,0.0,0.1,0.33,0.04,-0.02,0.0,0.0,-0.0,1.25,0.47,0
0.0,0.0,0.25,0.01,0.0,0.05,0.01,0.02,0.03,0.11,0.01,0.17,0.0,1.6,1.13,0.02,0.03,0.11,0.01,-0.04,0.05,0.0,0.0,1.29,0.0,0
0.02,-0.13,0.25,0.02,0.0,0.29,0.14,0.07,0.03,0.1,0.05,0.0,0.0,1.29,0.16,-0.01,0.14,0.19,0.08,0.0,-0.02,0.0,0.0,0.66,0.18,0
0.03,0.0,0.25,0.02,0.0,0.0,0.07,0.02,0.0,0.11,0.05,0.08,0.0,0.07,0.25,0.01,0.25,0.22,0.01,-0.02,0.03,0.0,0.0,0.58,0.0,0
0.0,0.0,0.25,0.0,0.0,0.0,0.23,0.01,-0.06,-0.08,-0.0,0.13,0.0,-0.58,0.12,0.0,0.0,0.13,0.07,0.08,0.08,0.0,0.0,1.15,0.0,0
0.0,-0.08,0.25,0.01,0.0,0.28,0.09,0.03,0.0,0.02,-0.0,0.5,0.0,0.57,0.54,0.01,0.04,0.03,0.02,-0.02,0.06,0.0,0.01,0.88,0.0,0
0.0,0.0,0.06,-0.01,0.0,-0.17,0.16,0.0,0.0,0.01,-0.0,0.33,0.03,0.08,0.56,0.01,0.09,0.11,0.01,0.01,0.03,0.33,0.0,0.67,0.25,0
0.02,0.0,0.25,0.02,0.0,-0.23,0.14,0.01,0.0,0.22,0.08,-0.02,-0.13,1.57,-0.12,0.04,-0.04,0.33,0.15,0.07,0.0,0.0,0.0,0.27,0.5,0
-0.05,0.02,0.25,0.0,-0.07,0.0,0.07,0.03,0.28,0.1,-0.01,0.63,0.0,-0.15,0.1,0.15,0.06,0.09,-0.01,0.07,0.02,0.0,0.0,1.06,-0.41,0
0.0,1.81,0.25,0.0,0.0,0.11,0.07,0.14,0.0,0.0,0.0,0.28,0.0,0.0,0.02,0.04,-0.01,0.02,0.01,0.0,-0.04,0.0,0.0,0.22,0.92,1
0.0,0.0,0.25,0.01,0.0,0.24,0.14,0.08,0.07,0.05,0.04,0.01,0.13,1.05,0.25,0.0,0.04,0.22,0.06,0.0,0.03,0.0,0.0,0.4,0.25,1
0.09,0.0,0.25,0.0,0.0,0.0,0.01,0.02,-0.03,0.16,0.08,0.04,0.06,0.78,0.25,0.0,0.17,0.11,0.06,0.02,0.08,0.0,0.0,1.09,0.21,0
0.0,0.0,0.25,0.01,0.0,0.24,0.11,0.07,0.07,0.04,0.04,0.04,0.13,0.65,0.19,-0.02,0.04,0.28,0.03,0.0,0.06,0.0,0.01,0.17,0.25,0
0.02,0.0,0.25,0.02,0.0,-0.13,0.07,0.04,0.06,0.3,0.12,-0.01,-0.11,1.51,-0.07,0.04,0.17,0.51,0.07,0.02,-0.02,0.0,0.0,0.62,0.05,0
0.0,0.0,0.61,0.01,0.01,0.29,0.24,0.22,0.0,0.02,0.04,-0.05,0.2,1.52,0.8,0.02,0.12,0.11,-0.01,-0.08,0.1,0.47,0.0,0.47,0.93,1
0.0,-0.02,0.25,0.02,0.0,0.24,0.07,0.04,0.03,0.17,0.01,0.34,0.06,1.06,0.46,0.0,0.0,0.21,0.04,0.0,0.02,0.0,0.0,0.1,0.0,0
0.0,0.0,0.25,0.01,0.0,0.16,0.02,0.05,0.0,0.02,0.0,0.07,0.07,0.39,0.64,0.0,0.1,0.11,0.06,0.02,0.04,0.0,0.0,0.97,0.0,0
0.07,0.0,0.25,0.03,0.0,0.05,0.26,0.03,0.0,0.11,0.04,0.04,0.11,0.49,0.53,-0.01,0.41,0.13,0.05,0.0,0.04,0.27,0.0,0.21,0.2,0
-0.01,0.09,0.25,0.0,0.0,0.14,0.03,-0.01,-0.02,-0.06,-0.08,0.6,0.0,0.04,0.28,0.0,-0.11,0.04,0.01,0.02,0.02,0.0,-0.14,0.61,-0.46,0
0.0,0.0,0.25,0.01,-0.06,0.19,0.21,0.06,0.0,0.02,0.0,0.14,0.19,0.66,0.23,0.0,-0.06,0.11,0.05,0.0,0.02,0.0,0.0,0.27,0.0,0
0.0,0.23,0.25,0.0,0.0,0.0,0.01,0.02,-0.06,-0.16,-0.04,0.25,0.0,0.34,0.3,0.02,-0.07,-0.07,0.01,0.0,0.08,0.0,0.0,1.19,0.0,0
0.02,-0.43,0.25,0.01,0.0,-0.04,0.11,-0.07,0.03,0.16,0.06,-0.15,0.11,0.8,0.45,-0.01,0.11,0.22,0.03,0.02,0.04,0.0,0.0,0.88,0.25,0
-0.02,0.0,0.25,-0.01,-0.03,0.0,0.07,0.04,0.0,0.05,0.0,0.33,0.0,1.0,1.1,0.0,-0.07,0.11,-0.01,0.0,0.07,0.0,0.0,0.36,0.0,0
-0.02,0.0,0.47,0.01,0.0,-0.15,0.2,-0.12,0.0,0.0,0.02,0.0,0.0,0.18,0.23,0.0,0.06,-0.07,0.04,0.0,0.05,0.0,0.0,0.04,-0.43,0
0.0,0.0,0.25,0.03,0.0,0.05,0.14,0.02,0.0,0.01,0.0,0.12,-0.11,1.37,0.26,0.0,-0.02,0.33,0.02,0.0,0.03,0.0,0.0,0.52,-0.13,0
0.0,0.0,0.25,0.01,0.0,0.0,0.07,0.02,0.0,0.09,0.03,0.01,0.0,0.64,-0.06,0.0,0.01,0.22,0.06,0.02,0.02,0.0,0.0,0.84,0.18,0
0.0,0.0,0.25,0.0,0.0,0.18,0.14,0.02,0.0,0.05,0.01,0.02,0.0,-0.2,0.0,0.02,0.2,0.11,0.09,0.09,0.05,0.0,0.0,0.98,0.25,0
-0.01,0.0,0.25,-0.01,0.0,0.28,0.11,0.04,0.0,-0.02,0.0,0.65,0.0,-0.47,0.3,0.0,0.0,0.11,0.02,0.0,0.0,0.0,0.0,1.01,0.15,0
-0.04,0.0,0.25,0.01,-0.05,0.04,0.12,0.02,-0.02,0.12,0.02,0.08,0.04,-0.08,0.38,0.0,0.09,0.11,0.04,0.04,0.04,0.0,0.0,1.16,-0.32,0
0.07,0.0,0.25,0.03,0.0,0.0,0.14,0.02,0.0,0.18,0.08,0.14,0.0,0.92,0.41,0.02,0.28,0.16,0.08,0.04,0.03,0.0,0.0,0.73,0.0,0
0.0,0.0,0.25,0.0,0.0,-0.05,0.07,0.02,0.0,-0.01,0.02,0.09,0.13,-0.14,0.18,-0.01,-0.07,0.2,-0.0,-0.05,0.05,0.0,0.0,0.53,-0.19,0
0.0,0.08,0.25,-0.01,0.0,0.57,0.29,0.04,0.0,-0.02,0.02,0.45,0.27,-0.08,0.16,0.03,0.13,0.11,0.07,0.04,0.12,0.0,-0.0,1.27,0.0,0
0.0,0.0,0.25,0.01,0.0,0.38,0.07,0.07,0.0,-0.03,0.01,0.58,0.07,0.17,-0.06,0.04,-0.01,0.0,0.04,0.01,0.0,0.0,0.0,0.79,0.0,0
0.02,0.0,0.07,0.03,0.01,-0.04,0.16,0.02,0.02,-0.21,-0.03,0.08,0.13,0.65,0.12,-0.04,-0.01,0.11,0.03,-0.02,0.01,0.0,0.0,1.04,-0.54,0
0.0,0.13,0.25,-0.02,0.0,0.0,0.14,0.01,0.0,0.05,0.02,0.06,0.07,-0.49,0.25,0.0,0.07,-0.11,0.05,0.04,0.05,0.0,0.0,0.26,0.0,0
0.0,0.0,0.25,0.0,0.0,0.5,0.07,0.07,0.0,-0.09,-0.03,0.11,0.46,-0.6,0.36,-0.03,0.11,0.01,0.09,0.0,0.05,0.0,0.01,0.27,0.0,0
0.0,0.0,0.25,-0.01,0.0,0.4,0.14,0.1,0.06,0.02,0.03,0.09,0.07,-0.31,0.02,-0.02,0.07,0.21,0.06,0.0,-0.02,0.0,0.0,-0.22,0.25,0
0.02,0.0,0.25,0.03,0.0,0.0,0.07,0.02,0.0,0.25,0.05,0.02,0.01,1.51,0.38,0.02,0.04,0.11,0.07,0.0,0.0,0.0,0.01,0.16,0.25,0
0.0,0.0,0.25,-0.01,-0.01,-0.06,0.0,-0.19,0.0,0.05,-0.03,0.28,-0.19,-0.43,0.37,-0.05,-0.09,0.11,-0.01,0.04,0.08,0.0,0.0,1.03,-0.7,0
-0.01,0.0,0.0,0.0,0.0,0.0,0.0,0.02,-0.04,0.0,0.01,0.38,0.0,0.1,0.2,0.04,-0.04,-0.06,-0.02,-0.01,0.03,0.0,0.0,1.31,-0.13,0
0.0,0.0,0.25,0.02,0.0,-0.07,0.11,0.03,0.0,0.09,0.04,0.01,0.19,0.86,0.3,0.0,0.02,0.29,0.03,0.0,0.09,0.19,0.0,0.37,0.28,0
0.0,0.02,0.5,0.01,0.0,0.0,0.14,0.03,0.03,-0.04,0.01,0.69,0.0,0.66,0.03,0.03,0.13,0.12,0.05,0.04,0.0,0.0,0.0,0.43,0.0,0
0.0,-0.07,0.25,0.0,0.0,-0.04,0.07,0.02,0.0,0.12,0.0,-0.05,0.05,0.0,0.56,-0.06,0.04,0.11,0.1,0.07,0.04,0.0,0.0,1.39,0.0,0
0.04,0.0,0.25,0.03,0.01,0.32,0.07,0.12,0.03,0.13,0.1,-0.16,0.33,0.16,0.52,0.05,0.09,0.2,0.03,0.0,0.05,0.0,0.12,0.72,0.21,1
0.03,0.0,0.5,0.0,0.0,0.05,0.27,0.02,0.0,-0.72,0.02,0.06,0.05,-0.14,0.25,-0.27,-0.02,0.11,-0.08,0.02,0.04,0.0,0.0,0.45,0.19,0
0.0,-0.65,0.25,0.0,0.0,-0.04,0.14,-0.11,0.0,0.02,0.03,-0.16,0.04,0.67,0.21,-0.05,-0.11,0.26,0.02,-0.01,0.04,0.0,0.0,1.52,0.0,0
0.0,0.11,0.25,0.01,0.0,0.05,0.07,0.03,0.0,0.12,0.05,-0.01,0.0,1.0,0.25,0.04,0.02,0.22,0.05,0.02,-0.02,0.0,0.0,1.02,0.0,0
-0.04,0.0,0.25,-0.01,-0.01,0.38,0.2,0.01,-0.03,-0.13,-0.1,0.13,0.11,-0.02,0.34,-0.03,0.01,0.24,0.04,0.0,0.02,0.0,0.0,0.67,0.0,0
0.0,0.02,0.25,0.0,0.0,0.0,0.07,0.02,0.0,0.02,-0.0,0.49,0.0,0.0,0.16,0.25,0.0,-0.07,0.04,0.05,0.0,0.0,0.0,0.72,0.0,0
-0.03,0.0,0.1,0.02,0.0,0.18,-0.01,0.04,0.0,0.02,-0.01,0.2,0.08,0.25,0.25,0.03,0.03,0.11,0.1,0.1,0.08,0.0,0.0,0.48,0.25,0
0.0,0.0,0.25,-0.03,0.0,0.18,0.03,0.04,-0.14,0.01,-0.04,0.12,0.2,0.5,0.51,0.04,-0.03,0.05,0.03,-0.01,0.04,0.0,0.0,0.64,0.0,0
0.0,0.0,0.75,0.01,0.01,0.0,0.34,0.02,0.0,-0.04,0.02,0.03,-0.06,0.78,-0.31,0.11,0.14,0.22,0.19,0.02,-0.02,0.0,0.01,0.86,0.0,0
0.0,0.0,0.25,0.01,0.02,0.02,0.07,0.01,0.0,0.15,0.0,0.08,0.23,0.52,0.75,0.02,0.08,0.11,0.01,0.01,0.15,0.21,-0.02,0.39,0.91,0
-0.02,0.0,0.25,0.0,0.0,0.12,0.14,0.03,0.0,0.0,0.01,0.18,-0.13,0.01,0.62,0.0,0.07,0.11,0.05,0.0,0.05,0.0,-0.0,0.41,0.0,0
0.0,0.0,0.25,0.0,0.01,0.01,0.23,0.05,0.0,0.12,0.03,-0.34,0.04,0.85,0.33,-0.01,0.05,0.25,0.06,0.01,0.04,0.0,0.0,0.5,0.15,0
0.0,0.0,0.25,0.01,0.0,0.18,0.07,0.06,0.0,-0.02,0.02,0.1,0.01,0.11,0.14,0.0,0.09,0.21,0.04,-0.04,0.0,-0.29,-0.29,-0.36,0.03,0
0.04,0.0,0.25,0.02,0.01,-0.09,0.1,0.02,0.14,0.15,0.08,-0.02,-0.04,1.43,0.74,0.01,0.14,0.22,0.02,0.0,0.0,0.0,0.0,0.97,0.82,0
0.0,0.0,0.25,0.0,0.0,0.24,0.07,0.06,0.0,-0.02,0.0,0.29,0.07,0.0,0.73,0.0,0.04,0.11,0.05,0.02,0.13,0.0,0.0,1.0,0.0,0
0.0,-0.11,0.25,0.06,0.0,-0.11,0.07,0.05,0.0,0.0,0.05,-0.17,0.0,0.9,0.25,-0.02,0.1,0.22,0.19,0.0,0.05,0.0,0.0,0.48,0.26,0
0.05,0.0,0.25,0.0,0.0,0.0,0.07,0.02,0.0,0.04,0.03,0.03,0.0,0.45,0.25,0.0,0.09,0.14,0.06,0.01,0.06,0.0,0.0,0.79,0.0,0
0.0,0.0,0.25,0.01,0.0,0.0,0.07,0.03,0.04,0.07,-0.01,0.18,0.0,1.04,0.58,0.01,0.02,0.04,0.01,-0.01,0.08,0.0,0.0,0.88,0.0,0
0.0,0.0,0.25,-0.04,0.0,0.0,0.07,-0.01,0.0,0.0,-0.02,0.14,0.0,-0.59,0.12,0.0,-0.07,0.22,-0.1,0.04,0.02,0.0,0.0,1.32,-0.33,0
0.0,0.09,0.25,0.0,0.0,-0.16,0.03,-0.0,0.0,0.0,0.0,0.29,-0.07,0.0,-0.13,0.04,-0.04,0.06,-0.02,0.01,0.0,0.0,0.0,-0.03,-0.13,0
0.01,0.0,0.25,0.01,0.01,0.24,0.12,0.05,0.0,0.21,0.04,-0.01,0.0,0.85,-0.11,0.04,0.08,0.33,0.1,0.02,-0.03,0.0,0.0,0.45,0.25,0
0.04,0.0,0.25,0.04,-0.0,0.23,0.02,0.07,0.0,-0.02,0.02,0.05,0.22,0.48,0.37,0.01,0.12,0.33,0.04,0.01,0.03,0.0,0.08,0.67,0.5,1
0.0,0.0,0.25,0.0,0.0,0.06,0.07,-0.01,0.03,0.1,0.02,0.44,-0.05,0.75,0.56,0.02,0.03,0.14,-0.01,0.0,0.01,0.0,0.0,1.14,-0.19,0
-0.01,0.01,0.25,-0.01,0.0,0.0,0.1,0.02,0.0,0.03,0.01,0.11,0.0,0.06,0.25,0.0,0.03,0.11,0.01,0.0,0.04,0.0,0.0,0.4,0.25,0
0.01,-0.02,0.25,0.02,0.0,-0.04,0.09,-0.01,-0.12,1.02,-0.01,0.01,-0.05,0.97,0.21,0.33,-0.36,0.22,0.19,0.0,0.0,0.0,-0.22,0.97,-0.36,0
0.0,0.13,0.25,0.0,0.0,-0.16,0.1,0.0,0.12,0.0,0.07,-0.01,-0.07,0.75,0.12,0.01,0.04,0.17,0.06,0.04,0.01,0.0,0.0,0.69,-0.14,0
0.0,0.0,0.25,0.0,0.0,0.29,0.14,0.06,0.0,-0.01,0.0,0.08,0.13,0.0,0.38,0.0,0.11,0.11,0.09,0.05,0.08,0.0,0.0,1.35,0.25,0
0.0,0.0,0.25,0.0,0.0,0.06,0.07,0.05,0.0,0.05,0.0,0.24,-0.06,0.0,0.63,0.0,0.04,0.53,0.01,0.0,0.03,0.0,0.09,1.18,0.0,1
0.02,0.0,0.25,0.03,0.0,0.27,0.21,0.08,-0.03,-0.04,0.03,0.09,-0.06,0.84,0.39,0.02,0.06,0.01,0.05,0.0,-0.02,0.0,0.11,0.57,0.25,1
0.0,0.0,0.25,0.09,0.0,0.0,0.07,0.03,0.0,-0.05,-0.01,0.04,0.06,0.37,0.25,0.0,0.08,0.11,0.22,-0.02,0.05,0.0,0.0,0.47,0.0,0
0.0,0.02,0.45,0.01,0.01,-0.18,0.18,0.02,0.0,0.31,0.05,0.69,-0.1,0.7,0.0,0.04,0.03,0.0,-0.02,-0.06,-0.02,0.0,0.0,1.13,0.59,0
0.0,0.0,0.25,0.0,0.0,0.0,0.07,0.03,0.0,0.0,0.0,0.3,0.04,0.0,0.12,0.03,0.01,0.22,0.06,0.08,0.01,0.0,-0.02,-0.05,-0.15,0
0.0,-0.64,0.25,0.01,0.0,0.0,0.07,-0.02,0.0,0.02,0.01,0.08,0.0,0.44,0.25,-0.01,0.04,0.2,0.05,0.02,0.02,0.0,0.0,0.98,-0.39,0
-0.02,0.0,0.25,-0.01,0.0,0.0,0.07,0.02,0.0,-0.04,-0.05,0.66,0.06,-0.8,0.72,0.02,-0.32,0.11,0.01,0.04,0.02,0.0,0.0,0.05,-0.22,0
0.0,0.0,0.25,0.01,0.0,-0.14,0.13,-0.01,0.0,0.05,0.02,0.34,0.0,0.5,0.75,-0.02,-0.03,0.11,0.0,0.05,0.05,0.27,0.29,0.79,0.0,0
0.0,0.02,0.25,0.0,0.0,0.0,0.13,0.03,0.71,-0.13,0.09,0.01,0.0,0.4,0.38,0.28,0.15,0.32,0.02,0.02,0.0,0.0,0.0,0.41,0.0,0
0.0,1.04,0.25,0.0,0.0,0.04,0.07,0.15,0.0,0.0,0.0,0.36,-0.13,0.0,0.0,0.09,0.17,0.07,0.15,0.03,-0.02,0.0,0.0,-0.29,0.0,0
0.0,0.0,0.25,-0.01,0.0,-0.14,-0.04,0.0,0.07,-0.06,0.05,0.14,0.0,-0.13,0.05,0.0,-0.02,0.11,0.02,0.01,0.01,0.0,-0.04,1.5,0.05,0
-0.11,0.0,0.25,0.02,0.02,0.11,0.07,0.03,0.0,0.27,-0.0,0.08,0.07,1.0,1.15,0.02,0.16,0.11,-0.04,-0.07,0.05,0.0,0.0,0.76,0.55,0
0.04,0.0,0.25,-0.01,0.01,0.0,0.19,0.03,0.1,0.72,0.07,-0.03,0.0,0.99,0.17,0.21,0.27,0.4,0.06,0.0,-0.02,0.0,0.0,0.52,0.19,0
0.0,-0.08,0.25,0.0,0.0,0.54,0.07,0.08,0.0,0.0,0.0,0.38,0.07,0.0,0.27,0.08,0.13,0.11,0.05,0.02,0.0,0.0,0.0,0.25,0.25,0
0.07,-0.04,0.5,0.04,0.04,-0.12,0.21,0.05,0.0,0.05,-0.01,-0.05,0.0,1.01,0.12,0.13,0.21,0.0,0.09,0.0,0.02,0.0,0.01,1.14,0.5,0
-0.04,0.0,0.25,0.0,-0.01,0.22,0.14,-0.03,0.04,-0.07,-0.02,-0.01,0.44,-0.11,0.37,-0.04,0.07,0.12,0.09,0.02,0.02,0.0,0.0,1.07,0.26,0
0.0,0.0,0.11,0.03,0.0,-0.27,0.03,0.01,0.0,0.01,0.01,0.27,-0.26,0.62,-0.03,0.01,-0.01,0.11,0.06,0.01,-0.02,0.0,0.0,0.43,0.11,0
0.02,0.0,0.25,0.0,0.09,0.0,0.07,0.02,-0.03,-0.05,0.01,0.02,-0.06,0.04,0.0,0.0,0.13,0.0,0.07,0.02,0.02,0.0,0.0,0.71,0.25,0
0.0,0.0,0.25,-0.03,0.0,0.0,0.01,0.01,-0.06,-0.02,-0.04,0.39,-0.06,0.12,0.38,0.0,-0.08,0.01,-0.02,0.02,0.05,0.0,0.0,0.65,-0.46,0
0.0,0.0,0.25,0.01,0.0,0.0,0.07,0.02,0.03,0.08,0.01,0.05,0.07,0.72,0.38,-0.04,0.0,0.11,0.06,0.0,0.05,0.0,0.0,0.68,0.0,0
0.06,0.0,0.25,0.04,0.0,0.06,0.2,0.03,0.0,0.09,0.02,0.05,0.0,0.85,0.27,0.0,0.48,0.11,0.11,0.05,0.02,0.0,0.0,-0.07,0.25,1
0.0,0.0,0.25,0.02,0.0,0.0,0.07,0.02,0.0,0.09,0.04,-0.17,-0.06,0.78,0.15,-0.04,0.03,0.21,-0.03,-0.06,0.0,0.0,0.0,0.83,0.0,0
0.0,0.01,0.25,0.0,0.0,0.06,0.18,0.02,0.0,0.02,0.0,0.44,0.13,0.16,0.62,0.02,0.08,0.05,0.04,0.03,0.04,0.33,0.0,0.73,0.12,0
0.02,-0.66,0.25,0.02,0.0,0.06,0.14,0.08,0.03,0.28,0.16,-0.06,0.0,1.51,0.5,0.07,0.22,0.37,0.07,0.02,0.0,0.0,0.23,0.36,0.58,1
0.03,-0.02,0.43,0.01,0.01,0.24,0.18,0.1,0.0,0.04,0.01,-0.18,0.07,0.46,0.34,-0.08,0.15,0.27,0.08,-0.03,0.04,0.0,0.01,0.82,0.37,1
-0.01,0.0,0.25,0.0,-0.01,-0.07,0.03,0.02,0.0,0.02,0.0,0.64,0.07,0.0,0.78,0.04,-0.05,0.11,0.02,0.07,0.01,0.0,0.0,0.5,0.0,0
-0.02,0.0,0.25,-0.01,0.01,0.0,0.17,0.02,0.0,0.0,0.02,0.1,-0.05,0.03,0.38,0.0,0.02,0.11,0.12,0.11,0.02,0.0,-0.01,0.45,0.0,0
0.0,0.71,0.25,0.0,-0.0,0.24,0.02,0.18,0.0,0.02,-0.02,0.5,0.0,-0.47,0.22,0.02,0.11,0.11,0.05,-0.02,-0.02,0.0,0.0,0.92,0.0,1
0.02,0.0,0.25,0.0,0.0,0.0,0.07,0.02,-0.03,0.04,0.04,0.12,0.0,0.29,0.47,0.02,0.21,0.02,0.03,0.04,0.04,0.0,0.0,1.43,0.05,0
0.0,0.02,0.25,0.01,0.0,0.0,0.07,0.02,0.0,0.05,0.03,0.05,0.04,1.01,0.63,0.0,0.04,0.04,0.04,0.02,0.04,0.0,0.0,0.62,0.0,0
0.0,0.24,0.25,0.02,-0.01,0.12,-0.07,0.09,0.0,-0.05,0.08,0.12,-0.07,-0.02,0.0,0.0,0.01,0.44,0.02,-0.04,0.02,0.0,0.0,-0.02,0.0,0
0.0,0.02,0.25,0.0,0.0,-0.31,0.02,-0.01,0.02,0.03,0.01,0.54,0.0,0.5,-0.12,0.14,0.0,0.18,0.0,0.03,-0.02,0.0,0.0,0.94,0.25,0
0.0,0.0,0.25,0.01,0.01,0.0,0.21,0.03,0.0,0.05,-0.01,0.02,0.07,1.0,0.38,0.0,0.07,0.11,0.1,0.04,-0.02,0.0,0.01,0.14,0.0,0
0.0,0.12,0.25,0.0,0.0,0.18,0.13,0.07,-0.03,-0.09,-0.01,0.24,0.07,-0.37,-0.06,-0.02,0.03,0.01,0.07,0.04,0.02,0.0,0.0,0.33,0.0,0
0.0,0.0,0.25,0.01,0.0,0.0,-0.03,0.01,0.07,0.04,0.0,0.01,0.0,0.57,0.87,0.0,0.04,0.13,0.02,-0.05,0.01,0.0,0.0,0.89,0.0,0
-0.02,0.0,-0.12,0.0,-0.0,0.41,0.18,0.03,0.0,0.02,0.03,0.14,0.22,0.5,0.47,0.0,0.13,0.11,0.08,0.04,0.12,0.0,0.0,1.2,0.0,0
0.0,0.0,0.25,0.07,0.0,0.18,0.27,0.04,0.21,0.06,0.04,0.06,0.0,0.79,0.4,0.0,0.19,0.11,0.12,0.08,0.07,0.0,0.05,0.5,0.25,1
-0.02,0.0,0.25,0.0,0.0,0.25,0.08,0.07,0.0,0.05,0.03,0.23,0.06,0.16,0.34,0.07,0.07,0.24,0.11,0.1,0.02,0.0,0.0,0.39,0.25,0
0.0,0.0,0.25,0.0,0.0,0.0,0.07,0.04,0.0,0.0,-0.02,0.26,-0.25,-0.13,0.25,0.02,0.02,0.11,0.01,-0.02,0.01,0.0,-0.0,1.39,0.25,0
0.0,0.0,0.0,0.0,0.0,-0.06,0.0,0.02,-0.03,-0.07,-0.02,0.56,0.0,-0.71,-0.23,0.0,-0.03,0.01,0.04,0.08,0.09,0.0,0.0,0.5,0.0,0
0.0,-0.02,0.25,0.02,0.0,0.12,0.14,0.07,0.03,0.14,0.03,-0.27,0.06,1.53,0.33,-0.15,0.08,0.3,0.07,-0.03,0.05,0.0,0.0,1.0,0.25,0
0.0,0.0,0.25,0.0,0.0,0.2,0.07,0.05,0.0,-0.04,-0.01,0.13,0.06,-0.51,0.25,0.0,0.06,0.22,0.04,0.0,0.07,0.0,0.0,1.16,0.0,0
-0.02,0.07,0.25,-0.02,-0.0,0.34,0.01,0.02,-0.08,-0.08,-0.08,0.53,0.0,-0.76,0.02,0.09,-0.15,0.04,-0.0,0.04,0.02,0.0,0.0,0.49,-0.4,0
0.0,0.59,0.25,0.0,0.0,0.15,0.14,0.07,0.0,0.0,0.0,0.1,0.05,0.0,0.3,-0.02,0.07,0.11,-0.02,-0.08,-0.02,0.0,0.0,1.07,0.55,0
0.0,0.4,0.25,0.01,0.0,-0.16,0.07,0.01,0.0,0.02,0.0,0.2,-0.14,0.68,0.34,0.04,0.03,0.0,0.1,0.0,0.0,0.0,0.0,-0.2,-0.17,0
0.0,0.0,0.25,0.0,-0.01,0.24,0.07,0.07,0.07,0.1,0.03,0.06,-0.19,0.54,0.37,0.0,0.03,0.12,0.02,-0.02,-0.12,-0.32,0.0,0.35,-0.23,0
0.0,0.0,0.25,0.01,0.0,0.06,0.11,0.0,0.08,0.08,0.03,-0.01,0.0,1.1,0.75,0.01,0.05,0.09,0.06,0.0,0.02,0.0,0.0,1.03,0.0,0
0.0,0.18,0.0,0.0,0.0,-0.06,0.0,0.02,0.0,0.0,0.0,0.15,0.0,-0.4,0.13,0.02,0.01,0.22,0.01,0.02,0.02,0.0,0.0,0.77,0.0,0
0.0,0.0,0.25,0.02,0.0,0.07,0.12,0.04,0.0,0.13,0.05,-0.02,0.0,0.55,0.14,0.0,0.02,0.29,0.04,0.01,-0.03,0.0,0.0,0.52,0.0,0
0.1,0.0,0.25,0.02,0.01,0.03,0.18,0.06,0.1,0.06,0.11,-0.01,-0.04,0.99,-0.03,0.0,0.33,0.33,0.1,0.04,-0.03,0.0,0.0,0.43,0.64,1
0.0,0.0,0.25,0.03,0.01,-0.28,-0.02,0.03,0.02,0.03,-0.01,0.01,-0.18,0.26,0.17,0.0,0.08,0.22,0.03,0.01,-0.04,0.0,0.0,0.1,0.0,0
0.0,0.0,0.25,0.01,0.01,0.06,0.22,0.03,0.0,0.08,0.0,0.03,0.04,1.09,0.38,-0.0,0.23,0.05,0.13,0.12,0.02,0.0,0.0,0.23,0.25,0
-0.03,0.07,0.06,0.0,-0.01,0.27,-0.04,0.0,0.03,0.04,0.02,0.34,0.0,0.34,0.12,-0.01,0.19,0.14,-0.02,0.0,-0.02,0.0,-0.01,0.13,-0.13,0
0.0,0.38,0.25,-0.01,0.0,0.17,0.07,0.08,0.0,-0.01,0.02,0.35,-0.07,0.09,-0.13,-0.08,-0.01,0.0,-0.02,0.01,0.0,0.0,0.0,0.92,0.26,0
0.0,-0.09,0.25,-0.01,0.0,0.21,-0.02,0.05,0.0,0.05,-0.02,0.6,0.0,-0.34,0.67,0.03,-0.07,0.04,-0.09,-0.06,0.02,0.0,0.0,1.06,0.0,0
0.0,0.0,0.25,0.0,0.0,0.66,0.41,0.04,0.0,-0.03,0.01,0.11,0.43,0.28,0.45,-0.02,0.21,0.04,0.1,0.02,0.2,0.0,0.0,1.0,0.0,0
0.0,0.0,0.25,0.0,0.0,0.06,0.14,0.05,0.38,0.12,0.03,0.01,0.0,0.53,0.25,0.0,0.07,0.22,0.02,0.0,0.05,0.0,0.0,1.0,0.0,0
0.0,0.04,0.25,0.0,0.0,-0.17,-0.07,0.0,0.03,-0.02,0.03,0.23,0.0,0.01,-0.36,0.04,0.08,0.11,-0.02,-0.06,-0.05,0.0,-0.04,1.13,0.0,0
0.02,0.11,0.6,-0.01,0.0,0.12,0.17,0.03,0.0,-0.02,0.0,0.28,0.05,-0.7,-0.01,0.02,0.04,0.11,0.02,0.0,-0.01,0.0,0.0,0.56,0.25,0
0.02,0.0,0.25,0.0,0.0,-0.07,0.18,0.04,0.07,0.1,0.1,-0.09,0.18,0.28,0.12,0.0,0.3,0.39,0.05,0.0,0.1,0.18,0.0,0.36,0.27,0
0.02,0.0,0.25,0.02,0.0,0.18,0.07,0.05,0.06,0.15,0.05,-0.05,0.13,1.34,0.4,0.23,0.06,0.2,0.15,0.04,0.05,0.0,0.0,0.1,0.21,0
0.0,0.0,0.25,0.0,0.0,0.0,0.01,0.0,-0.06,-0.04,-0.02,0.22,-0.06,-0.46,0.23,0.0,0.01,0.02,0.18,0.02,0.0,0.0,0.0,0.71,-0.22,0
0.04,-0.02,0.5,0.0,0.01,0.0,0.16,0.07,-0.42,0.07,0.0,0.29,0.0,0.28,0.57,-0.09,0.07,0.14,0.08,0.01,0.02,0.0,0.01,0.75,0.32,0
0.0,0.0,0.25,0.0,0.01,0.0,0.14,0.02,0.0,-0.02,0.02,-0.02,-0.04,0.61,-0.03,-0.03,-0.01,0.11,0.01,-0.02,0.01,0.0,0.0,0.99,0.0,0
0.0,0.0,0.25,0.01,0.0,0.1,0.13,0.03,0.0,0.06,-0.02,0.07,0.0,-0.17,0.25,0.0,0.12,0.22,0.07,0.02,0.02,0.0,0.0,0.48,0.0,0
0.0,0.04,0.25,0.01,0.0,0.0,0.07,0.02,0.0,0.01,0.0,0.32,0.0,0.54,0.13,0.04,0.0,-0.06,0.01,0.0,0.0,0.0,0.0,1.14,0.0,0
0.0,0.06,0.25,0.0,0.0,0.34,0.07,0.05,0.0,0.0,0.01,0.39,0.0,0.14,0.01,0.11,0.05,0.11,0.03,0.02,0.0,0.0,0.0,0.15,0.0,0
0.02,0.0,0.25,0.02,0.0,0.03,0.18,0.02,0.0,1.01,0.01,-0.07,0.04,1.33,0.12,0.35,0.06,0.22,0.24,0.03,0.01,0.19,0.2,0.57,0.14,0
0.0,-0.03,0.25,0.01,0.0,-0.2,0.14,0.02,0.07,0.11,0.02,-0.13,0.0,1.31,0.54,-0.15,0.02,0.22,-0.02,-0.05,0.07,0.0,0.0,1.08,0.0,0
0.02,-0.05,0.25,0.02,0.0,-0.31,0.07,-0.0,0.0,0.19,0.04,0.27,0.06,0.68,0.34,0.07,-0.06,0.11,0.06,0.03,0.02,0.0,0.0,1.48,0.47,0
-0.02,0.0,0.25,-0.02,-0.01,0.09,0.07,-0.01,-0.02,-0.08,-0.05,0.42,0.0,-0.17,0.19,-0.01,-0.0,-0.0,0.03,0.04,0.08,0.0,0.0,1.14,-0.13,0
0.0,0.0,0.25,-0.01,0.0,0.22,0.15,0.01,0.0,-0.0,-0.01,0.14,0.14,-0.19,0.51,-0.02,0.07,-0.01,0.08,0.09,0.18,0.0,0.0,1.39,-0.13,0
0.0,0.0,0.25,-0.01,0.01,0.11,0.08,-0.01,0.0,-0.09,0.01,0.31,0.0,0.72,0.24,-0.05,-0.05,0.11,-0.03,0.02,0.02,0.0,0.0,0.21,-0.23,0
0.0,0.0,0.5,0.0,0.0,-0.0,0.14,0.02,0.0,-0.01,-0.0,0.44,-0.21,0.32,0.12,0.01,-0.01,0.05,-0.01,-0.01,0.01,0.0,-0.0,0.98,0.0,0
0.0,0.0,0.25,0.0,0.0,0.02,0.07,-0.0,0.0,0.02,0.0,0.15,0.04,-0.36,0.44,0.0,0.01,0.11,0.06,0.08,0.06,0.0,0.0,1.0,0.0,0
0.0,0.0,0.25,0.01,0.0,0.0,0.07,0.02,0.02,0.16,0.05,-0.04,0.04,0.92,0.11,0.0,0.01,0.17,0.04,0.01,0.04,0.0,0.0,0.83,0.0,0
0.0,-0.15,0.25,0.03,0.0,0.0,0.07,0.02,0.0,0.02,0.03,-0.01,0.0,1.24,0.12,-0.02,0.06,0.22,0.07,0.04,0.05,0.0,0.0,-0.14,0.22,0
0.0,0.0,0.25,0.0,0.0,0.11,0.07,0.01,0.05,0.02,0.06,-0.04,0.35,0.55,0.15,0.0,0.06,0.11,0.09,0.07,0.04,0.0,0.01,0.23,0.19,0
-0.02,0.0,0.67,0.0,-0.01,0.43,0.13,0.05,0.0,0.02,0.01,0.14,0.18,0.83,0.69,0.0,-0.03,0.11,0.01,0.02,0.13,0.55,0.0,0.74,0.21,0
0.02,0.0,0.75,0.01,0.01,0.0,0.21,0.03,0.0,0.02,0.0,0.03,0.07,0.71,-0.05,0.0,0.01,0.11,-0.02,-0.05,0.04,0.0,0.0,0.72,0.0,0
0.0,-0.09,0.25,0.0,0.0,-0.06,0.14,0.03,0.0,0.0,0.01,0.16,0.06,0.6,0.0,0.23,0.12,0.11,0.07,0.07,-0.02,0.0,0.04,0.31,0.0,1
0.0,0.0,0.25,0.01,0.01,0.05,0.23,0.04,0.0,0.08,0.08,-0.01,0.0,1.21,0.1,0.0,0.0,0.11,0.08,0.04,0.04,0.0,0.0,0.63,0.0,0
0.0,0.0,0.25,0.01,0.0,0.24,0.07,0.02,0.0,0.15,0.03,0.03,0.24,0.36,0.12,0.0,0.0,0.11,0.05,0.01,0.05,0.0,0.0,0.78,0.38,0
0.0,0.0,0.25,0.0,0.0,0.0,0.01,0.02,-0.06,0.02,-0.0,0.23,0.0,0.35,0.58,0.0,-0.01,0.02,0.02,0.04,0.05,0.0,0.0,0.62,0.0,0
0.0,0.0,0.25,0.0,0.0,0.29,0.12,0.06,-0.11,0.07,-0.06,0.15,0.07,-0.09,0.17,-0.01,0.01,0.11,0.05,0.0,0.06,0.0,0.0,0.17,0.25,0
-0.02,0.02,0.75,-0.01,-0.02,0.0,0.21,0.03,0.0,0.0,0.0,0.68,0.0,-0.08,0.02,0.11,0.06,0.13,0.11,0.04,0.0,0.0,0.0,0.55,0.0,0
0.0,0.98,0.25,0.0,0.0,0.06,0.07,0.09,0.0,-0.2,-0.08,0.3,0.0,0.1,0.32,-0.03,-0.03,0.11,-0.03,-0.02,0.06,0.0,0.0,0.69,0.5,1
0.0,0.0,0.47,0.0,0.0,0.29,0.27,0.06,0.0,0.02,0.03,-0.29,0.13,0.59,0.38,-0.02,0.1,0.31,0.09,0.02,0.05,0.0,0.0,1.39,0.25,0
0.0,0.0,0.25,-0.01,0.0,0.24,0.07,0.03,0.0,0.05,0.0,0.24,0.11,-0.82,0.04,0.04,0.02,0.11,0.06,0.04,0.0,0.0,0.0,0.01,0.0,0
-0.03,0.0,0.25,0.02,-0.01,0.02,0.1,0.02,0.0,0.05,0.02,0.07,0.03,0.64,0.32,0.0,-0.01,0.18,0.06,0.05,0.04,0.33,0.36,0.82,0.25,0
0.0,0.0,0.25,0.01,0.0,0.15,0.18,0.07,0.07,0.06,0.04,0.04,0.03,0.97,0.31,0.0,0.04,0.17,0.06,0.02,0.04,0.17,0.18,0.7,0.13,1
0.04,0.0,0.25,-0.01,0.05,0.03,0.11,0.03,0.02,-0.01,0.02,-0.04,0.07,-0.17,-0.04,0.0,0.01,0.11,0.05,0.0,0.08,0.0,0.0,1.06,0.29,0
0.0,-0.02,0.25,0.01,0.01,0.24,0.13,0.08,0.03,0.0,0.02,-0.18,0.07,0.62,0.48,-0.21,0.13,0.2,0.04,-0.04,0.05,0.0,0.0,1.23,0.0,0
0.0,0.0,0.25,0.0,0.0,-0.18,0.07,-0.02,-0.05,0.01,-0.02,0.43,-0.1,-0.4,0.84,0.0,0.01,0.03,0.02,0.03,0.04,0.0,0.0,1.09,-0.19,0
-0.02,0.03,0.25,0.0,0.0,-0.04,0.02,-0.04,-0.03,-0.07,-0.1,0.35,0.0,0.32,0.13,-0.01,-0.13,-0.05,-0.0,0.0,0.08,0.0,-0.17,1.56,-0.55,0
0.0,0.07,0.38,0.0,0.0,0.0,0.15,0.02,0.0,0.02,0.01,-0.11,0.0,0.18,0.38,-0.01,0.05,0.11,0.04,0.02,0.04,0.0,0.0,0.37,0.0,0
0.07,0.0,0.25,0.0,0.08,-0.06,0.14,0.04,0.03,0.01,0.04,-0.05,0.0,0.71,0.32,0.0,0.02,0.11,0.1,-0.01,0.02,0.0,0.0,0.39,0.5,1
0.0,0.0,0.25,0.0,0.0,0.24,0.01,0.04,0.0,0.18,0.06,0.69,-0.12,0.34,0.11,0.07,-0.14,0.0,0.01,0.0,-0.02,0.0,0.0,1.4,0.0,0
0.0,-0.08,0.25,0.0,0.0,0.22,0.07,0.02,0.0,0.0,0.01,0.48,0.0,0.0,0.14,0.02,-0.01,0.11,0.05,0.06,0.0,0.0,0.0,0.7,0.0,0
-0.01,0.0,0.25,-0.01,0.0,0.0,-0.01,0.02,0.0,0.01,-0.02,0.25,0.04,-0.42,0.46,0.03,0.01,0.22,-0.02,0.02,0.06,0.0,0.0,0.58,-0.28,0
0.0,0.0,0.25,0.01,0.0,0.18,0.17,0.04,0.0,0.04,0.01,-0.09,0.25,0.42,-0.07,0.04,0.02,0.19,0.09,0.02,0.01,0.0,0.0,0.75,0.18,0
-0.02,0.0,-0.12,0.0,-0.0,-0.09,-0.09,0.01,0.0,0.0,0.03,0.22,-0.15,0.33,0.16,0.07,-0.02,0.14,0.03,0.0,0.01,0.0,0.0,1.0,0.0,0
0.0,0.0,0.25,0.01,0.0,0.2,0.07,0.05,0.0,0.0,0.01,0.14,0.03,0.0,0.31,0.0,-0.0,0.11,0.05,0.0,0.04,0.0,-0.02,0.98,-0.14,0
0.0,0.04,0.25,0.0,0.0,-0.32,0.07,-0.01,0.02,0.05,0.02,0.23,-0.23,0.45,-0.34,0.03,0.14,0.08,0.02,-0.02,-0.05,0.0,-0.08,0.67,0.17,0
0.0,0.05,0.25,0.09,0.0,0.25,0.07,0.05,0.0,0.0,0.02,0.02,0.0,0.84,0.34,-0.09,0.13,0.19,0.24,-0.01,0.02,0.0,0.0,0.04,0.0,0
0.0,-0.12,0.25,0.0,0.0,0.0,0.07,0.01,0.03,0.08,0.0,0.46,0.0,0.0,0.56,0.1,0.0,0.14,0.04,0.05,0.01,0.0,0.0,0.7,0.25,0
0.02,0.0,0.25,0.01,0.0,0.0,0.07,0.02,0.03,0.08,0.04,0.06,0.12,0.63,0.38,0.0,0.14,0.2,0.05,0.02,0.02,0.0,0.0,0.72,0.2,0
0.02,0.4,0.25,0.01,0.0,0.29,0.14,0.14,0.17,0.05,0.07,0.26,0.06,0.84,-0.12,0.04,0.55,0.11,0.01,-0.06,-0.12,0.0,0.3,0.19,0.49,1
0.03,0.0,0.25,0.01,0.0,0.05,0.13,0.03,0.11,0.26,0.15,-0.02,-0.05,1.14,0.18,0.06,0.11,0.2,0.07,0.01,-0.04,0.0,0.0,1.16,0.39,0
0.0,0.0,0.25,0.0,0.01,0.06,0.21,0.04,0.0,0.1,0.05,-0.09,0.07,0.43,0.13,0.0,0.21,0.22,0.07,0.0,-0.05,0.0,0.04,0.2,0.49,1
-0.02,0.0,0.25,0.01,-0.06,0.13,0.07,0.02,0.0,0.07,0.04,0.08,0.14,0.8,0.43,0.03,-0.1,0.11,0.05,0.04,0.05,0.0,0.0,0.95,-0.18,0
0.0,0.0,0.25,0.07,0.01,0.06,0.07,0.07,0.0,0.13,0.06,-0.28,0.07,1.73,0.29,0.02,0.29,0.11,0.21,0.0,0.02,0.0,0.0,0.21,1.21,0
0.0,0.0,0.25,0.02,0.0,0.04,0.12,0.03,0.0,0.04,0.01,0.13,0.04,1.38,0.62,0.0,0.02,0.11,0.05,0.03,0.09,0.21,0.22,0.99,0.15,0
0.0,0.0,0.25,0.04,0.01,0.29,0.14,0.06,0.0,0.09,0.0,0.12,0.0,1.19,0.59,0.0,0.0,0.33,0.05,0.0,0.0,0.0,0.0,0.65,-0.23,0
0.0,0.0,0.25,-0.04,0.0,0.16,0.07,0.03,0.0,0.05,-0.0,0.29,0.14,-0.27,0.57,0.46,-0.02,0.11,0.35,0.56,0.08,0.0,0.0,0.51,0.0,0
0.0,0.09,0.25,0.0,0.01,0.07,0.11,0.15,0.0,-0.09,0.0,0.21,0.12,-0.04,0.29,0.07,0.1,0.0,0.01,0.0,0.01,0.0,0.0,-0.09,0.29,0
0.0,0.0,0.25,0.0,0.0,0.15,0.07,0.03,0.0,0.0,0.01,0.25,0.0,0.33,-0.07,0.02,0.03,0.11,0.07,0.07,0.06,0.0,0.0,0.33,0.0,0
0.01,0.02,0.25,0.0,0.0,-0.02,0.14,0.06,0.19,0.11,0.07,0.05,-0.02,0.38,0.41,0.02,0.54,0.29,0.05,0.0,0.0,0.0,0.31,0.54,0.66,1
0.0,0.0,0.04,-0.03,0.0,-0.05,0.02,-0.03,0.0,-0.34,-0.06,0.3,0.0,-0.79,-0.3,0.0,-0.12,-0.15,-0.0,0.04,0.03,0.0,0.0,0.89,0.0,0
0.0,0.0,0.25,0.01,0.0,0.17,0.14,0.06,0.0,0.27,0.05,-0.04,0.0,0.36,-0.23,0.02,0.04,0.44,0.08,0.04,-0.05,0.0,0.0,0.31,0.24,0
0.0,0.0,0.5,0.01,-0.01,0.13,0.19,0.03,0.0,-0.09,0.0,0.14,-0.04,0.36,-0.14,-0.01,-0.08,0.25,0.03,0.0,0.01,0.0,0.0,0.68,-0.47,0
0.0,0.0,0.25,-0.06,0.0,0.0,0.03,0.01,-0.17,0.11,-0.06,0.21,0.0,-0.51,0.53,0.0,0.03,0.04,-0.02,-0.01,0.06,0.0,0.0,0.79,0.0,0
0.0,0.0,0.25,0.0,0.0,0.18,0.14,0.03,0.0,0.03,0.01,0.1,0.07,0.0,0.25,0.0,0.06,0.11,0.09,0.08,0.12,0.0,0.0,1.08,0.0,0
0.04,0.0,0.54,0.01,0.0,-0.07,0.26,0.01,0.0,-0.04,0.02,0.04,0.04,0.24,0.05,0.0,0.02,0.11,0.12,0.04,0.02,0.0,0.0,0.64,0.5,0
0.02,-0.01,0.25,0.0,0.01,0.4,0.14,0.04,0.0,0.0,0.0,0.15,0.0,0.0,0.36,-0.1,0.09,0.18,0.03,-0.04,0.02,0.0,0.0,0.97,0.0,0
0.0,0.09,0.25,0.01,0.0,0.1,0.19,0.06,0.0,0.06,0.0,0.32,-0.4,0.68,0.02,0.12,0.18,0.11,0.07,0.06,-0.06,0.0,0.04,-0.17,0.0,1
0.0,0.0,0.25,-0.01,0.0,0.0,0.07,0.01,0.0,0.01,0.01,0.12,0.0,-0.79,0.18,0.0,0.02,0.11,0.0,0.02,-0.01,0.0,0.0,0.46,0.0,0
0.02,0.02,0.25,0.02,0.0,-0.03,0.14,0.07,0.17,0.09,0.06,0.07,0.07,1.54,0.55,0.02,0.56,0.13,0.06,0.0,0.04,0.0,0.31,0.58,0.5,1
0.0,0.0,0.25,0.0,0.0,0.29,0.07,0.05,0.0,-0.01,0.01,0.24,0.1,0.4,0.11,0.04,0.04,0.11,0.11,0.11,0.02,0.0,0.0,0.95,-0.13,0
-0.04,0.09,0.49,-0.02,0.0,0.18,0.14,-0.0,0.03,0.05,-0.03,0.49,0.0,-0.27,0.36,0.04,0.07,0.01,0.03,0.04,0.02,0.0,0.0,0.33,-0.47,0
-0.04,0.0,0.25,0.0,0.0,0.0,0.14,-0.01,0.0,0.0,0.01,0.16,0.0,0.8,0.63,0.0,-0.05,0.04,0.02,0.02,0.05,0.0,0.02,0.09,-0.41,0
0.0,0.0,0.25,0.02,0.01,-0.14,0.12,0.01,0.0,0.12,0.02,-0.02,-0.02,1.18,0.58,0.02,0.19,0.18,0.03,0.0,0.02,0.0,0.01,0.29,0.75,1
0.0,0.0,0.25,0.0,0.0,-0.13,0.11,-0.0,0.0,0.01,0.03,0.03,-0.04,0.74,0.25,0.04,-0.02,0.28,0.04,0.01,0.02,0.0,0.0,0.9,0.0,0
0.0,0.0,0.25,0.01,0.0,0.36,0.16,0.07,0.0,-0.02,0.04,0.23,0.12,0.04,0.33,0.03,0.05,-0.07,0.16,0.14,0.05,0.0,0.0,0.93,0.0,0
0.0,0.02,0.25,0.0,0.0,-0.05,0.14,-0.01,0.0,0.05,0.01,0.36,0.06,0.0,0.23,0.0,0.04,0.1,0.02,0.02,0.02,0.0,0.0,0.46,0.0,0
0.0,0.0,0.25,-0.01,0.0,-0.16,0.07,-0.0,0.0,0.0,0.0,0.04,-0.18,0.43,0.15,-0.02,0.04,0.55,-0.02,0.0,0.0,0.0,0.0,1.16,0.0,0
0.0,0.0,0.07,-0.0,0.0,-0.3,-0.03,0.01,0.03,0.08,0.03,0.06,-0.19,0.45,-0.15,0.0,0.22,0.22,0.06,0.03,0.04,0.0,0.0,0.77,0.25,0
0.02,0.0,0.25,0.0,-0.01,0.27,0.17,0.01,-0.02,0.07,0.0,0.04,0.31,0.64,0.41,0.0,0.07,0.11,0.04,0.0,0.09,0.0,0.01,1.0,0.0,0
0.04,0.0,0.25,0.03,0.0,0.0,0.08,0.05,0.0,0.02,0.01,0.08,0.0,0.17,0.15,0.0,0.13,0.21,0.09,0.02,0.05,0.0,0.01,0.7,0.46,0
-0.02,0.0,0.25,-0.01,0.0,0.0,0.07,0.01,0.0,-0.94,0.0,0.25,0.0,-0.97,0.5,-0.34,0.03,0.0,-0.13,0.04,0.08,0.0,0.01,1.42,0.0,0
0.0,0.27,0.25,0.0,0.0,0.39,0.07,0.15,-0.03,-0.08,-0.01,0.65,0.0,-0.08,-0.19,0.0,0.01,0.11,-0.0,0.0,0.0,0.0,0.0,-0.28,0.25,0
0.0,0.8,0.25,0.0,0.0,0.19,-0.04,0.2,0.0,0.01,-0.01,0.46,-0.11,-0.27,-0.03,0.06,0.13,0.2,0.04,0.02,-0.02,-0.27,0.0,-0.03,0.0,0
0.0,-0.02,0.25,0.02,0.0,0.22,0.07,0.04,0.0,0.11,-0.0,0.11,0.17,0.22,0.84,0.0,0.02,0.11,0.04,0.02,0.05,0.0,0.0,-0.12,0.0,0
0.0,0.0,0.25,0.01,0.0,0.0,0.29,0.01,0.0,0.02,0.01,0.21,0.0,0.97,0.49,0.0,-0.12,0.11,0.08,0.07,0.15,0.0,0.0,1.25,0.0,0
0.0,0.0,0.25,-0.02,-0.01,0.29,0.09,0.04,-0.02,-0.04,-0.01,0.21,0.13,0.08,0.64,0.0,0.09,0.11,0.03,0.0,0.02,0.0,0.0,-0.12,0.25,0
0.02,0.0,0.48,0.03,0.01,0.11,0.27,0.02,0.0,0.08,0.03,-0.02,0.18,0.9,0.51,0.02,0.05,-0.29,0.06,0.0,0.02,0.0,0.02,0.49,0.25,0
0.0,0.0,0.25,0.0,-0.01,-0.05,0.07,0.02,0.0,-0.06,-0.01,0.28,-0.06,0.09,0.15,-0.02,-0.13,0.11,-0.0,0.0,0.05,0.0,0.0,0.9,-0.69,0
0.0,-0.13,0.25,0.01,0.0,0.24,0.0,0.06,0.0,0.02,-0.01,0.38,0.07,0.67,0.75,0.0,0.03,0.11,0.0,-0.04,0.05,0.0,0.0,1.59,0.0,0
0.02,0.0,0.25,0.01,0.0,0.07,0.09,0.04,-0.28,-0.07,-0.01,0.14,0.05,0.16,0.34,0.0,-0.01,0.14,0.09,0.04,0.01,0.0,0.0,-0.24,0.25,0
0.0,0.0,0.25,0.01,0.0,0.24,0.01,0.03,0.0,0.0,0.0,0.39,-0.06,1.0,0.14,0.0,-0.04,0.11,0.03,0.02,0.02,0.0,0.0,-0.16,0.0,0
0.01,0.01,0.25,0.01,0.0,0.03,0.11,0.05,0.09,0.15,0.04,0.02,0.03,0.45,0.31,0.01,0.38,0.17,0.03,-0.05,-0.04,0.0,0.16,0.36,0.26,1
0.02,0.0,0.25,0.02,0.0,0.26,0.11,0.04,0.0,0.22,0.01,0.1,0.1,0.31,0.65,0.03,0.01,0.05,0.08,0.0,0.04,0.0,0.01,1.1,0.11,0
0.07,0.0,0.15,0.02,0.01,-0.25,0.09,0.03,0.0,0.1,0.05,0.13,-0.09,-0.06,-0.14,0.01,0.25,0.19,0.06,-0.02,-0.08,-0.47,0.0,0.37,-0.17,0
0.04,0.0,0.25,0.0,0.01,0.05,0.07,0.04,0.0,0.02,0.06,0.0,0.06,1.56,0.01,0.0,0.0,0.11,0.02,0.0,-0.02,0.0,-0.0,1.0,0.0,0
0.0,0.0,0.25,-0.01,0.0,0.16,0.07,0.05,0.0,0.01,0.0,0.14,0.11,-0.58,0.47,0.02,0.06,0.11,0.06,0.03,0.02,0.0,0.0,0.32,0.25,0
0.0,0.0,0.25,-0.01,0.0,0.21,0.07,0.04,0.0,-0.02,0.01,0.02,0.05,-0.4,0.07,0.04,0.06,0.22,0.07,0.0,-0.01,0.0,0.0,1.0,0.0,0
0.02,0.0,0.25,0.02,0.0,0.08,0.07,0.07,0.0,0.15,0.05,0.02,0.08,1.25,0.39,0.23,0.01,0.11,0.15,0.0,-0.02,0.0,0.0,0.59,0.0,0
0.0,0.02,0.25,0.08,0.0,0.0,0.01,0.02,0.0,-0.02,-0.01,0.82,0.0,0.07,-0.1,0.04,0.04,-0.09,0.21,0.02,0.0,0.0,0.0,0.71,0.0,0
0.0,0.0,0.25,0.01,0.0,0.24,0.07,0.06,0.03,0.06,-0.03,0.11,0.07,-0.03,0.38,0.0,0.21,0.11,0.05,-0.02,0.0,0.0,0.0,1.09,0.0,0
0.02,0.0,0.25,0.03,0.0,-0.09,-0.0,0.01,0.0,0.24,0.04,0.01,0.07,1.23,0.38,0.02,-0.0,0.11,0.03,-0.02,0.02,0.0,0.01,0.71,0.12,0
0.0,0.0,0.25,0.02,0.0,0.27,0.13,0.05,0.0,0.02,0.02,-0.08,0.2,1.09,0.69,0.04,0.05,0.11,0.1,0.0,0.09,0.0,0.0,0.15,0.0,0
0.04,0.0,0.47,0.11,0.01,0.06,0.2,0.1,0.27,0.19,0.18,-0.19,0.0,1.74,0.34,0.01,0.17,0.41,0.12,0.02,0.02,0.0,0.0,0.16,0.25,1
0.0,0.29,0.25,0.01,0.01,0.24,0.07,0.07,-0.03,0.11,-0.01,0.25,0.02,0.31,0.56,0.03,0.15,-0.06,0.02,0.02,0.01,0.0,0.0,0.35,0.75,0
0.01,0.02,0.41,-0.01,0.0,0.0,0.16,0.01,0.0,-0.14,-0.01,0.46,-0.04,-0.1,-0.08,0.24,-0.01,0.0,0.06,0.07,0.0,0.0,-0.0,0.45,-0.16,0
0.0,0.0,0.75,0.09,0.01,0.0,0.27,0.03,0.15,0.04,0.04,0.02,0.0,1.01,0.12,0.08,0.16,0.31,0.16,-0.01,0.01,0.0,0.0,0.59,-0.19,0
0.0,0.18,0.0,0.01,0.03,0.0,0.0,0.02,0.0,-0.05,0.0,0.18,0.0,0.26,0.12,0.02,0.11,0.11,0.01,-0.02,0.02,0.0,0.0,1.55,0.0,0
-0.02,0.0,0.25,0.01,0.0,0.11,0.14,0.04,0.0,0.0,0.04,0.15,0.06,0.78,0.62,0.0,0.0,0.01,0.08,0.04,0.1,0.0,0.0,1.2,0.0,0
0.0,-0.34,0.25,0.01,0.0,0.16,0.2,0.05,0.0,0.06,0.01,-0.01,0.07,1.05,0.36,-0.03,0.14,0.41,-0.03,0.02,0.02,0.0,0.04,0.69,0.25,1
0.0,-0.23,0.25,0.02,0.0,0.13,0.13,0.0,0.0,0.0,0.0,-0.29,0.07,0.71,0.38,-0.02,0.07,0.3,0.06,0.0,0.02,0.0,0.0,1.24,-0.21,0
0.0,0.0,0.25,0.0,0.0,0.47,0.07,0.03,0.0,0.02,0.0,0.05,0.53,0.0,0.39,0.0,0.04,0.11,0.05,0.06,0.2,0.0,0.0,0.36,0.49,0
0.0,0.0,0.25,0.0,0.0,0.36,0.08,0.04,0.0,0.05,-0.02,0.29,0.0,0.36,0.85,0.0,0.0,0.11,-0.01,-0.04,0.03,-0.31,-0.34,0.37,-0.24,0
0.0,0.0,0.25,0.0,0.0,0.27,0.07,0.04,0.0,-0.01,0.01,0.03,0.19,0.49,0.34,0.01,-0.02,0.22,0.0,0.01,0.01,0.0,0.07,1.32,0.0,0
0.0,0.0,0.25,0.0,0.0,0.18,0.0,0.04,-0.06,0.0,0.0,0.17,0.07,0.23,0.25,0.0,-0.13,0.01,0.03,0.02,0.05,0.0,0.0,1.49,0.02,0
0.09,0.0,0.25,0.01,0.08,0.06,0.21,0.04,0.03,0.02,0.0,0.03,0.0,0.71,0.12,0.0,0.02,0.12,0.11,0.0,0.02,0.0,0.0,0.87,0.24,0
0.0,0.17,0.25,0.0,-0.01,0.0,0.0,0.02,0.0,0.02,0.0,0.41,-0.32,0.0,0.5,0.02,-0.01,0.0,-0.0,-0.02,-0.15,-0.32,0.0,1.11,-0.49,0
0.0,0.0,0.25,0.01,0.0,0.29,0.07,0.06,0.0,0.0,0.0,0.11,0.01,0.82,0.45,0.0,0.08,0.11,0.06,0.0,0.07,0.0,0.0,1.67,0.0,0
0.0,0.02,0.25,0.0,0.0,0.0,0.07,0.02,0.0,-0.01,0.02,-0.03,-0.04,0.59,-0.08,-0.02,0.04,0.22,0.03,0.01,0.08,0.0,0.0,0.61,0.0,0
0.0,0.0,0.25,0.01,0.0,0.47,0.07,0.03,0.0,-0.06,0.0,0.28,0.47,0.83,0.94,0.0,-0.04,0.11,0.0,0.02,0.15,0.0,0.0,0.23,0.25,0
0.0,0.0,0.25,0.0,0.0,0.06,0.14,0.04,0.38,0.15,0.03,0.1,0.0,0.53,0.37,0.0,-0.03,0.12,0.04,0.06,0.14,0.0,0.0,1.83,0.0,0
0.0,0.0,0.25,0.08,-0.0,0.0,0.1,0.04,0.0,0.1,0.04,-0.01,-0.18,1.36,0.62,0.02,0.11,0.05,0.17,0.0,-0.1,-0.18,0.11,0.33,-0.02,1
0.02,0.0,0.25,0.01,0.0,0.0,0.07,0.02,0.0,0.05,0.0,0.06,0.13,0.8,0.36,-0.02,0.03,0.11,0.01,0.0,0.02,0.0,0.01,1.0,0.0,0
0.0,-0.09,0.25,0.0,0.0,0.14,0.07,0.04,0.0,0.02,-0.01,0.21,0.04,0.67,0.64,0.0,0.06,0.05,0.01,-0.01,0.08,0.0,0.0,0.92,0.14,0
0.0,-0.32,0.25,0.0,0.0,-0.09,0.13,0.02,0.33,0.23,0.08,-0.23,0.0,1.28,0.46,0.02,0.06,0.3,0.05,-0.02,0.07,0.0,0.0,0.44,0.5,0
0.04,0.0,0.25,0.01,0.0,-0.1,0.19,0.03,0.1,0.1,0.07,-0.18,0.16,0.37,0.5,0.0,0.23,0.22,0.08,0.0,0.0,0.0,0.0,0.93,0.0,0
0.04,0.0,0.65,0.02,0.0,0.07,0.23,0.02,0.0,0.05,-0.0,-0.01,0.12,0.75,0.17,0.0,0.02,0.11,0.07,0.01,0.02,0.0,0.0,0.33,0.0,0
0.0,0.0,0.25,0.02,0.01,0.03,0.1,0.05,0.03,0.06,0.02,0.06,0.0,1.26,0.27,0.01,0.15,0.11,0.05,-0.0,-0.0,0.0,0.0,0.73,0.0,0
0.07,0.0,0.25,0.0,0.0,-0.27,0.07,-0.01,0.0,0.05,0.04,0.16,-0.06,0.58,0.14,0.0,-0.02,0.21,0.03,0.02,0.08,0.0,0.0,0.39,0.0,0
0.0,0.0,0.25,0.02,0.0,0.06,0.07,0.05,0.0,0.22,0.04,0.12,0.0,1.38,0.26,0.03,0.01,0.16,0.05,0.02,0.03,0.0,0.0,0.72,0.25,0
0.0,0.0,0.25,0.01,-0.08,0.0,0.13,0.01,0.0,0.89,0.01,0.04,0.0,1.2,0.25,0.35,-0.09,0.32,0.19,0.0,0.0,0.0,0.0,0.88,-0.22,0
0.0,0.15,0.25,-0.01,-0.0,0.17,0.24,0.06,0.0,-0.07,-0.01,0.36,0.0,-0.46,-0.02,0.01,-0.03,0.22,0.05,0.07,0.06,0.0,-0.0,0.62,0.0,0
0.02,0.0,0.25,0.01,0.01,0.0,0.21,0.03,0.0,0.02,0.0,0.12,0.13,0.66,0.12,0.0,-0.1,0.11,0.02,-0.02,0.05,0.0,0.0,1.14,0.0,0
0.0,0.0,0.25,0.0,0.0,0.0,0.07,0.02,0.0,0.05,0.03,0.06,0.0,1.21,0.5,0.0,-0.01,0.0,0.06,0.02,0.03,0.0,0.0,0.89,0.0,0
0.0,0.0,0.25,0.0,0.0,0.18,0.07,0.03,0.0,-0.1,-0.05,0.42,0.13,-0.8,0.74,0.0,0.08,0.11,0.06,0.06,0.02,0.0,0.0,0.89,-0.48,0
0.0,0.09,-0.11,0.0,0.0,0.31,-0.03,0.04,0.0,0.0,-0.0,0.67,0.0,-0.29,0.04,0.13,0.06,0.11,0.0,0.02,-0.02,0.0,0.0,0.04,0.0,0
0.0,0.0,0.25,0.02,0.0,0.12,0.14,0.07,0.0,0.12,0.01,0.15,0.06,0.88,0.33,0.09,0.06,0.11,0.14,0.06,-0.06,0.0,0.0,0.2,0.25,0
0.04,0.0,0.5,0.02,0.0,0.12,0.21,0.06,0.0,0.02,0.01,-0.1,0.0,0.3,0.0,0.0,0.0,0.22,0.15,0.07,-0.02,0.0,0.0,-0.3,0.25,0
0.0,0.0,0.25,0.01,0.01,0.0,0.14,0.02,0.0,0.12,0.05,0.03,0.0,0.8,0.38,0.0,0.06,0.11,0.05,0.0,0.02,0.0,0.01,0.87,0.25,0
0.06,-0.26,0.25,0.0,0.0,0.0,0.07,0.02,0.0,0.07,0.04,0.31,0.0,0.51,0.72,-0.03,0.0,0.21,0.03,0.0,0.09,0.0,0.0,0.61,0.0,0
0.02,0.0,0.5,0.01,0.0,0.12,0.07,0.02,-0.07,0.07,-0.01,0.19,0.0,0.18,0.25,0.0,-0.01,0.0,0.02,0.04,0.05,0.0,0.0,0.45,0.0,0
0.0,0.0,0.25,0.01,-0.0,0.16,0.02,0.05,0.0,0.08,-0.01,0.14,0.11,0.09,0.92,0.0,0.08,0.11,0.04,0.01,0.05,0.0,0.0,0.67,0.0,0
0.02,0.02,0.03,-0.01,0.01,-0.3,0.02,0.07,0.17,0.05,0.09,0.02,-0.16,0.97,-0.29,0.02,0.57,0.22,0.07,0.02,0.0,0.0,0.31,0.22,0.5,1
0.0,0.09,0.25,0.01,0.0,0.0,0.14,0.01,0.0,-0.02,0.04,0.02,0.0,-0.24,-0.48,0.04,0.04,0.11,0.03,0.02,0.0,0.0,0.02,0.23,0.0,1
-0.03,0.0,0.25,0.0,-0.01,0.36,0.02,0.06,0.0,-0.03,-0.02,0.68,0.02,-0.56,0.33,0.01,0.02,0.03,0.02,-0.02,0.01,0.0,0.0,0.93,0.0,0
0.07,0.0,0.25,0.02,0.0,0.17,0.14,0.04,0.0,0.16,0.08,0.39,0.0,0.21,-0.23,0.03,0.34,0.14,0.04,0.0,-0.05,0.0,0.0,0.58,0.0,0
-0.02,-0.02,0.25,0.0,0.01,-0.05,0.08,-0.03,-0.15,0.08,-0.01,0.15,-0.06,0.05,0.48,-0.02,-0.45,0.02,-0.0,0.0,0.11,0.0,-0.26,0.84,-0.18,0
0.02,0.0,0.25,0.01,0.0,-0.16,0.14,0.01,0.0,1.0,0.01,-0.54,0.0,1.28,0.35,0.36,0.06,0.42,0.26,0.0,0.02,0.0,0.0,0.58,0.0,0
0.0,0.0,0.25,0.0,0.0,0.12,0.14,0.02,-0.03,0.0,-0.01,0.11,0.0,0.62,0.84,0.0,-0.1,0.01,0.03,0.0,0.08,0.0,0.01,0.47,-0.22,0
0.0,0.0,0.25,-0.01,0.0,0.26,0.07,0.12,-0.02,-0.05,-0.02,0.23,-0.04,0.06,0.23,0.0,-0.05,0.24,0.0,0.01,0.04,0.0,0.0,0.93,0.15,0
0.0,0.02,0.25,-0.01,0.0,0.45,0.0,0.06,-0.06,-0.21,-0.04,0.78,0.07,-0.76,0.14,-0.02,-0.09,-0.1,0.03,0.02,0.02,0.0,0.0,1.22,0.0,0
0.0,0.0,0.0,-0.01,0.0,-0.04,0.05,0.05,0.03,0.09,0.07,0.43,0.0,0.09,0.4,0.06,0.15,0.11,-0.05,-0.02,-0.02,0.0,0.17,0.28,0.37,1
0.02,0.0,0.6,0.03,0.0,-0.2,0.24,0.01,0.0,0.1,0.03,0.02,0.0,0.9,0.54,0.02,0.03,0.11,0.01,0.0,0.0,0.0,0.11,0.09,0.25,0
0.04,-0.07,0.5,0.01,0.01,0.0,0.21,0.08,0.0,0.07,0.01,-0.04,0.06,0.62,0.44,0.1,0.14,0.31,0.1,0.02,0.05,0.0,0.01,0.38,0.5,1
0.0,0.0,0.57,-0.04,0.02,0.12,0.19,0.24,-0.18,-0.03,-0.03,0.05,0.2,0.75,0.54,0.11,0.17,0.11,0.09,0.0,0.05,0.0,0.0,0.01,0.75,1
0.0,0.0,0.4,-0.01,0.0,0.03,0.11,0.03,0.0,-0.06,0.01,0.07,0.0,0.43,0.05,0.0,0.08,0.16,0.03,0.02,0.04,0.0,0.0,0.13,0.0,0
-0.04,0.0,0.02,0.0,0.0,0.0,-0.06,0.03,0.0,0.05,-0.02,0.43,0.07,0.34,0.95,0.46,0.03,0.11,0.43,0.56,0.08,0.0,0.0,0.61,0.0,0
0.0,0.0,0.25,0.01,0.0,0.03,0.1,0.02,0.0,0.04,0.01,0.07,0.0,0.86,0.29,0.0,0.06,0.11,0.03,0.01,0.05,0.0,0.01,0.32,0.04,0
0.05,0.0,0.25,0.0,0.0,0.0,0.07,0.02,0.0,0.06,0.03,0.02,-0.05,0.41,0.38,0.02,0.1,0.44,0.07,0.0,0.02,0.0,0.0,0.83,0.0,0
-0.04,0.25,0.25,0.0,0.0,0.34,0.07,0.11,-0.1,0.03,-0.05,0.58,-0.06,-0.18,-0.23,0.02,-0.05,0.12,0.01,0.02,0.02,0.0,0.0,-0.08,0.24,0
0.0,0.0,0.25,0.0,-0.0,0.25,0.03,0.03,0.0,-0.05,-0.03,0.37,0.0,0.52,0.35,0.0,0.01,0.18,0.01,0.03,0.09,0.0,-0.0,0.67,-0.15,0
0.0,-0.01,0.25,0.01,0.0,0.18,0.11,0.04,0.0,0.16,0.03,0.03,0.13,0.81,0.5,0.23,-0.0,0.18,0.12,0.02,0.01,0.0,0.0,0.94,0.0,0
0.02,-0.05,0.25,0.0,0.01,0.29,0.18,0.03,0.0,0.03,0.0,-0.06,0.04,0.0,0.2,-0.02,0.11,0.11,0.06,-0.01,0.04,0.0,0.0,0.63,0.0,0
0.0,-0.11,0.25,0.0,0.0,0.11,0.14,0.06,0.07,0.07,0.03,-0.02,0.2,0.52,0.5,0.44,0.01,0.22,0.49,0.56,0.1,0.0,0.0,0.27,0.0,0
0.0,-0.07,0.25,0.01,0.0,0.0,0.07,0.03,0.0,0.02,0.01,0.07,0.0,1.09,0.63,-0.03,0.04,0.2,0.06,0.04,0.13,0.0,0.0,1.25,0.0,0
0.0,0.0,0.25,0.09,0.0,-0.15,0.07,0.02,0.0,-0.02,0.02,-0.05,0.0,0.84,0.33,-0.02,0.08,0.11,0.24,-0.01,0.07,0.0,0.0,0.31,0.0,0
0.01,0.0,0.25,0.01,0.0,0.08,0.22,0.06,0.07,0.05,0.06,-0.0,0.1,0.92,0.12,0.0,0.01,0.22,0.09,0.02,0.05,0.0,0.0,0.58,0.38,0
0.0,-0.23,0.25,0.01,0.0,-0.08,0.07,-0.04,0.0,0.07,0.01,-0.39,0.2,0.42,0.91,0.02,0.03,0.11,0.06,0.0,0.07,0.0,0.0,1.31,-0.21,0
0.0,0.24,0.25,0.01,0.0,0.04,0.07,0.11,0.0,0.0,0.09,0.03,0.04,0.7,0.2,0.0,0.15,0.26,0.12,0.02,0.02,0.0,0.03,0.28,0.16,1
0.0,0.14,0.25,0.0,0.0,0.06,0.14,0.06,0.0,0.02,0.03,-0.01,0.0,0.67,-0.0,0.01,0.0,0.33,0.05,0.02,0.02,0.0,0.0,0.59,0.13,0
0.0,0.02,0.25,-0.01,-0.01,-0.09,0.09,-0.14,0.03,0.1,0.01,0.08,-0.15,0.31,-0.12,-0.04,-0.07,0.3,0.02,0.02,0.05,0.0,0.0,0.8,-0.56,0
0.0,0.66,0.25,-0.01,0.0,0.19,0.07,0.17,0.0,0.0,-0.01,0.51,0.0,-0.45,0.03,0.05,0.08,-0.06,0.03,-0.02,-0.02,0.0,0.0,0.5,0.0,0
0.0,0.11,0.25,0.0,0.0,0.12,0.07,0.04,0.0,0.04,0.03,0.28,0.0,0.51,0.18,0.04,0.05,0.18,0.05,0.01,0.01,0.0,0.0,1.17,0.25,0
0.07,0.0,0.25,0.0,0.0,0.0,0.07,0.02,-0.1,-0.01,-0.04,0.3,0.07,-0.2,0.31,0.06,-0.02,0.03,0.13,0.16,0.05,0.0,0.0,-0.2,-0.19,0
0.0,0.0,0.25,0.05,0.01,0.05,0.08,0.06,0.03,0.28,0.05,-0.01,-0.3,1.64,0.14,0.03,0.03,0.21,0.08,0.0,-0.15,-0.3,0.0,1.22,-0.22,0
0.0,0.0,0.02,0.02,0.0,0.05,0.07,0.09,0.0,0.12,0.01,0.13,0.0,0.44,0.14,0.05,0.1,0.56,0.08,0.02,0.0,0.0,0.1,0.93,0.23,1
0.02,0.0,0.25,0.01,0.0,-0.22,0.07,0.06,0.0,0.05,0.0,-0.11,0.13,0.77,0.6,0.0,0.11,0.39,-0.01,-0.04,-0.02,0.0,0.08,0.71,0.0,1
0.02,0.0,0.75,0.0,0.01,-0.13,0.27,0.02,0.0,-0.02,0.02,0.04,0.02,0.4,0.12,0.03,0.02,0.11,0.06,0.02,0.01,0.0,0.01,0.96,0.0,0
0.0,0.0,-0.15,0.02,-0.0,0.05,-0.04,0.05,0.0,0.33,0.09,0.01,0.01,1.45,0.48,0.05,0.0,0.11,0.09,0.0,0.02,0.0,0.01,0.49,0.65,1
0.0,0.0,0.25,0.0,0.0,0.29,0.0,0.03,0.0,0.0,-0.01,0.25,0.4,-0.58,0.62,0.0,0.04,0.0,0.1,0.07,0.05,0.0,0.01,0.45,0.0,0
0.0,0.0,0.25,0.01,0.0,0.0,0.07,0.02,0.06,0.1,-0.0,0.07,0.07,0.75,0.25,0.0,0.13,0.22,0.02,-0.01,0.01,0.0,0.0,1.06,0.0,0
0.0,-0.62,0.25,0.02,0.0,-0.15,0.12,-0.12,0.0,0.04,0.01,-0.08,0.04,1.38,0.62,-0.05,-0.13,0.04,0.01,0.01,0.08,0.21,0.22,1.52,0.0,0
-0.02,0.0,0.06,-0.01,0.0,0.12,0.02,0.02,0.0,0.1,0.03,0.15,0.0,0.1,0.28,0.0,0.01,0.11,0.01,0.01,0.05,0.0,0.0,1.49,0.19,0
0.0,-0.01,0.25,-0.01,0.0,0.0,0.17,0.01,-0.33,0.02,0.05,0.06,0.0,0.56,0.33,-0.16,0.04,0.04,0.11,0.05,0.02,0.0,0.01,1.17,0.0,0
0.02,0.0,0.25,0.02,0.0,-0.05,0.01,0.0,-0.03,0.12,-0.01,0.04,0.13,1.02,0.25,-0.02,0.04,0.11,-0.01,0.0,0.02,0.0,0.01,1.13,0.0,0
0.0,0.0,0.06,0.0,0.0,0.01,0.02,0.03,0.0,0.0,0.03,0.69,-0.1,0.0,-0.19,0.02,-0.03,-0.09,-0.07,-0.1,-0.06,0.0,0.0,1.0,0.0,0
0.02,0.0,0.44,-0.01,0.0,0.29,0.2,0.05,0.0,-0.06,-0.01,0.11,0.28,-0.38,0.38,0.0,0.1,0.03,0.04,-0.02,0.02,0.0,0.0,0.62,0.25,0
0.0,-0.27,0.25,0.0,0.0,0.04,0.14,0.01,0.0,0.0,0.02,0.06,0.0,0.71,0.54,-0.03,0.0,0.19,0.01,0.05,0.04,0.0,0.0,1.04,0.0,0
-0.02,0.0,0.25,-0.01,0.0,0.29,0.0,-0.02,-0.03,-0.12,-0.12,0.28,0.07,-0.89,0.02,-0.06,-0.06,0.11,0.04,0.02,0.05,0.0,-0.22,0.82,-0.47,0
0.0,0.0,0.63,0.03,0.0,0.54,0.4,0.02,0.0,0.02,-0.01,0.06,0.3,0.54,0.95,-0.02,0.06,0.11,0.02,0.0,0.02,0.0,0.0,0.45,0.0,0
0.0,-0.12,0.25,-0.02,0.0,0.46,0.02,0.05,0.38,0.15,-0.0,0.14,0.4,0.08,0.68,0.0,-0.03,0.22,-0.09,-0.06,0.11,0.0,0.0,1.23,0.22,0
0.0,0.0,0.25,0.0,0.0,0.24,0.07,0.06,0.0,0.02,0.0,0.2,0.07,0.0,0.25,0.02,0.06,0.04,0.06,0.0,-0.01,0.0,0.0,0.98,0.25,0
0.02,0.0,0.03,0.0,-0.01,0.0,-0.06,-0.01,0.0,-0.21,-0.0,0.19,0.0,0.14,0.82,-0.03,0.34,0.11,-0.02,0.0,0.02,0.0,0.0,1.16,-0.42,0
0.0,0.02,0.25,0.0,0.0,-0.42,0.14,-0.01,0.59,0.11,0.01,0.0,-0.29,0.33,-0.1,0.29,0.12,0.22,0.05,0.0,-0.02,0.0,-0.11,0.19,0.25,0
-0.01,0.0,0.25,-0.01,0.0,0.12,0.03,0.02,0.0,0.02,-0.01,0.31,0.04,-0.51,0.6,0.0,0.01,0.04,0.01,0.04,0.1,0.0,0.0,0.77,0.15,0
-0.1,0.0,0.25,0.02,0.0,0.37,0.09,0.03,0.0,0.07,-0.01,0.23,0.07,0.02,0.38,0.0,-0.04,0.11,0.0,-0.03,0.09,0.0,0.0,1.14,0.0,0
0.0,0.0,0.25,0.05,0.0,-0.37,0.07,0.02,0.0,0.08,0.04,-0.0,-0.36,1.29,0.06,0.0,0.0,0.2,0.07,0.0,-0.05,0.0,0.0,0.58,0.06,0
0.03,0.09,0.43,0.01,0.0,0.14,0.18,0.02,0.0,0.0,0.02,0.36,-0.05,0.45,0.12,0.12,0.01,0.11,0.04,0.02,0.0,0.0,0.0,-0.42,0.0,0
0.0,0.0,0.25,0.01,0.0,-0.15,0.07,0.01,0.0,0.02,0.01,0.16,-0.07,1.37,0.5,0.0,-0.02,0.11,0.02,0.01,0.08,0.0,0.0,0.78,-0.13,0
0.02,0.0,0.25,0.01,0.0,0.0,0.0,0.03,0.0,0.24,0.0,0.15,0.06,1.03,0.86,0.02,-0.01,0.01,0.02,-0.02,0.08,0.0,-0.01,1.46,0.24,0
0.0,0.0,0.25,0.01,0.0,0.0,0.14,0.05,0.0,0.09,0.04,0.29,0.0,0.61,0.51,0.01,0.08,0.25,0.03,0.02,0.02,0.0,0.0,0.01,0.25,0
0.02,0.0,0.25,0.03,0.1,0.0,0.13,0.05,0.03,0.06,0.01,0.01,0.0,0.7,0.12,0.0,0.17,0.02,0.08,0.0,0.01,0.0,0.0,0.93,0.25,0
0.0,0.0,0.25,0.01,0.0,-0.14,0.11,-0.0,0.0,0.09,0.02,0.07,0.04,0.89,0.3,0.0,0.1,0.11,0.02,0.01,0.0,0.0,0.0,0.06,0.0,0
0.0,0.02,0.25,0.0,0.0,-0.17,0.07,-0.0,0.02,0.03,0.04,-0.08,0.0,1.16,0.18,-0.02,0.03,0.18,-0.01,-0.04,0.02,0.0,0.0,1.05,0.0,0
0.0,0.0,0.25,0.01,0.0,-0.26,-0.07,0.02,0.0,0.01,-0.02,0.12,-0.17,0.68,0.54,0.0,0.02,0.18,0.0,0.0,-0.01,0.0,0.0,0.42,0.0,0
-0.02,0.0,0.25,-0.01,0.0,0.11,0.13,0.03,0.34,0.1,-0.0,0.0,-0.06,0.51,0.64,0.02,0.01,0.22,0.0,-0.02,0.05,0.0,0.0,1.01,-0.22,0
0.02,0.0,0.69,0.02,0.01,0.06,0.27,0.11,0.03,0.1,0.13,0.03,0.0,0.82,0.39,0.13,0.27,0.32,0.14,0.02,-0.02,0.0,0.23,0.44,0.75,1
0.0,0.0,0.25,0.04,0.01,-0.09,0.12,0.03,0.02,0.27,0.05,-0.0,-0.04,1.42,0.04,0.04,0.01,0.33,0.06,0.02,0.0,0.0,0.0,0.63,0.25,0
0.0,0.1,0.25,0.01,0.0,0.0,0.14,0.03,0.59,-0.02,0.01,-0.02,0.0,0.47,-0.32,0.34,0.06,0.12,0.03,0.02,-0.04,0.0,0.0,-0.34,0.25,0
0.0,0.0,0.25,0.0,0.01,0.42,0.25,0.04,0.0,-0.01,0.02,0.16,0.0,-0.21,-0.15,0.0,0.03,0.11,0.04,0.02,0.1,0.33,0.0,1.01,0.0,0
0.0,0.1,0.25,0.0,-0.01,0.34,0.01,0.05,0.0,0.0,-0.02,0.98,0.0,-0.57,0.12,0.04,0.04,0.0,-0.02,-0.02,0.0,0.0,0.0,1.16,0.23,0
0.0,0.02,0.25,0.0,0.0,0.0,0.01,0.03,-0.06,0.02,-0.01,0.96,0.0,0.37,0.11,0.04,0.0,-0.09,-0.02,0.02,0.04,0.0,0.0,1.09,0.0,0
0.0,0.01,0.25,0.0,0.0,0.06,0.07,0.03,0.0,-0.02,0.01,0.61,0.0,0.0,-0.21,0.03,0.04,0.15,0.04,0.04,-0.03,0.0,-0.02,0.83,-0.17,0
0.0,-0.05,0.25,0.01,0.0,0.05,0.18,0.06,0.04,0.1,0.03,-0.11,0.07,0.79,0.19,-0.06,0.01,0.28,0.05,0.01,0.05,0.0,0.0,0.84,0.13,0
0.0,0.0,0.25,-0.01,-0.0,0.64,0.34,0.02,-0.03,0.02,0.01,0.18,0.27,-0.07,0.38,0.0,0.12,0.11,0.06,0.02,0.18,0.25,0.0,1.0,0.0,0
0.02,0.0,0.25,0.0,0.08,0.18,0.07,0.04,0.0,-0.02,0.0,0.4,-0.06,0.0,-0.44,-0.01,0.12,0.0,-0.0,-0.06,0.0,0.0,0.0,1.34,0.22,0
0.0,0.0,0.25,0.01,0.0,0.1,0.13,0.05,0.0,0.02,0.0,-0.25,0.11,1.0,0.5,0.0,0.09,0.11,0.06,0.0,0.1,0.0,0.0,0.48,0.2,0
0.02,0.0,0.25,0.01,0.0,0.06,0.14,0.06,0.07,0.12,0.09,0.17,0.04,0.83,0.37,0.31,0.28,0.26,0.36,0.35,0.03,0.0,0.0,0.08,0.0,0
-0.01,0.0,0.25,0.0,0.0,0.24,0.07,0.01,-0.05,-0.01,-0.06,0.16,0.04,0.32,0.42,0.0,-0.15,-0.04,0.01,0.01,0.08,0.0,0.0,0.76,0.0,0
0.0,-0.08,0.25,0.01,0.0,0.19,0.19,0.07,0.0,0.0,0.03,-0.11,0.05,1.05,0.25,-0.01,0.09,0.19,0.07,0.0,0.01,0.0,0.03,0.03,0.0,1
0.0,0.48,0.25,0.0,0.0,0.1,-0.05,0.04,0.0,-0.06,0.0,0.53,-0.06,0.0,0.0,0.07,0.03,-0.1,0.12,0.0,-0.02,0.0,0.0,0.04,-0.21,0
0.0,0.0,0.25,0.0,0.0,0.0,0.15,0.02,0.0,0.01,0.08,0.04,0.0,1.14,0.12,0.02,-0.02,0.16,0.05,0.02,0.01,0.0,0.01,0.68,0.25,0
0.02,0.0,0.25,0.0,-0.01,0.0,0.13,0.08,0.06,0.05,0.11,0.11,-0.06,0.03,0.53,0.03,0.02,0.32,0.02,0.0,0.0,0.0,0.2,0.84,0.25,1
0.0,0.15,0.25,0.02,0.0,-0.19,0.21,-0.01,0.0,0.0,0.03,0.57,-0.05,0.52,-0.08,0.03,0.08,0.02,0.13,0.11,0.03,0.0,0.0,0.93,-0.2,0
0.0,0.01,0.25,-0.01,0.0,0.24,0.07,0.05,0.0,-0.05,-0.02,0.37,0.07,-0.43,0.06,0.13,0.06,-0.0,0.06,0.03,0.02,0.0,0.0,1.0,0.0,0
0.02,0.0,0.5,0.01,0.01,0.12,0.14,0.03,0.02,0.13,0.02,0.12,0.0,0.51,0.12,0.0,-0.03,0.11,0.01,-0.07,0.01,0.0,0.0,0.49,0.0,0
0.0,0.0,0.25,0.0,0.0,0.37,0.2,0.06,0.0,0.02,0.03,0.04,0.05,-0.13,-0.12,0.0,0.01,0.11,0.06,0.0,0.02,0.0,0.0,0.41,0.0,0
0.0,0.0,0.25,0.0,0.0,0.29,0.07,0.06,0.0,0.0,-0.02,0.26,0.07,-0.09,0.38,0.04,0.05,0.11,0.1,0.11,0.02,0.0,0.0,0.84,-0.15,0
0.0,-0.18,0.25,0.02,0.0,0.1,0.12,0.05,0.03,0.35,0.09,-0.03,0.0,1.33,1.06,0.02,0.16,0.5,0.06,0.0,0.04,0.0,0.0,0.81,0.0,0
0.0,0.0,0.25,0.0,0.0,0.18,0.07,0.04,0.0,0.01,0.01,0.0,0.2,-0.08,0.38,0.04,0.08,0.18,0.08,0.01,0.01,0.0,0.0,0.5,0.0,0
0.0,0.0,0.25,0.0,0.0,0.06,0.14,0.06,0.0,0.02,-0.01,0.11,-0.06,0.17,0.13,0.0,0.08,0.22,0.05,0.0,0.02,0.0,0.0,1.32,0.0,0
0.0,0.0,0.25,0.01,0.0,0.24,0.14,0.06,0.0,0.0,0.01,0.57,0.0,0.26,0.14,0.14,-0.01,-0.08,0.08,0.04,-0.02,0.0,0.0,0.5,0.0,0
0.0,0.0,0.25,0.01,0.0,0.19,0.01,0.02,0.0,0.03,-0.03,0.32,0.0,0.2,0.65,0.0,-0.02,0.02,0.01,0.0,0.05,0.0,0.0,0.64,0.0,0
0.0,0.0,0.25,0.03,0.0,-0.08,0.14,0.07,0.0,0.4,0.11,-0.32,0.0,0.93,0.72,0.03,0.21,0.51,0.08,0.03,0.04,0.0,0.0,0.42,0.0,0
0.0,0.0,0.25,-0.01,0.0,0.29,0.12,0.07,0.0,-0.07,0.0,0.12,0.11,-0.17,0.29,-0.01,0.08,0.11,0.04,0.0,0.02,0.0,0.03,0.38,0.41,1
-0.02,0.0,0.08,-0.01,0.0,0.12,0.02,0.03,0.0,-0.02,0.01,0.11,0.2,-0.22,0.58,0.03,0.08,0.22,0.1,0.1,0.05,0.0,0.0,0.62,0.0,0
0.0,0.77,0.25,0.0,0.0,0.12,0.14,0.06,0.0,-0.15,-0.03,0.16,0.0,0.13,0.62,-0.02,0.05,-0.06,0.01,-0.02,0.08,0.0,0.01,0.27,0.2,1
0.02,0.0,0.25,0.0,0.01,0.29,0.18,0.03,0.04,-0.04,0.0,0.12,-0.03,0.04,-0.07,0.0,0.1,0.17,0.08,-0.01,0.01,0.0,0.0,0.98,0.0,0
0.0,0.0,0.25,-0.01,0.01,0.18,0.14,0.04,0.0,-0.02,0.0,0.04,0.38,-0.76,0.06,0.0,0.07,0.22,0.04,0.02,0.16,0.33,0.0,0.38,0.5,0
0.06,0.0,0.25,0.01,0.0,0.1,0.19,0.09,0.13,0.12,0.15,-0.06,0.07,0.66,0.5,0.04,0.21,0.3,0.07,0.0,-0.05,0.0,0.16,0.49,0.5,1
0.03,-0.01,0.25,0.03,0.01,0.16,0.21,0.09,0.02,0.1,0.13,0.05,0.07,0.79,0.04,0.03,0.07,0.19,0.11,0.05,0.03,0.0,0.0,0.44,0.17,0
0.0,0.0,0.25,0.0,0.0,0.41,0.02,0.07,0.0,0.0,-0.0,0.18,0.2,-0.45,0.34,0.0,0.0,0.03,0.05,0.0,0.04,0.0,-0.03,0.92,0.25,0
-0.02,0.0,0.25,0.0,-0.01,0.18,0.01,0.18,0.0,-0.05,0.01,0.14,-0.06,0.8,0.01,0.0,0.04,0.54,0.02,0.0,0.0,0.0,0.0,0.16,0.5,1
0.0,-0.55,0.25,0.0,0.0,-0.18,0.07,-0.11,0.0,0.0,0.02,-0.18,0.0,0.89,0.12,-0.01,-0.07,0.22,0.08,0.02,0.02,0.0,0.0,0.71,0.0,0
-0.02,0.0,0.25,0.0,-0.07,0.16,0.07,0.03,0.0,0.0,0.01,0.23,0.0,0.13,0.25,0.0,-0.07,0.2,0.02,0.04,0.02,0.0,0.0,0.8,-0.21,0
0.0,0.0,0.25,0.01,0.0,-0.25,0.07,-0.01,0.0,0.02,0.01,0.18,-0.06,1.19,0.57,0.0,-0.03,0.11,0.02,0.04,0.12,0.0,0.0,0.72,0.0,0
0.09,0.0,0.25,0.01,0.0,0.04,0.12,0.03,0.03,0.02,-0.02,0.04,0.07,0.58,0.42,-0.04,0.03,0.22,0.08,0.04,0.02,0.0,0.0,0.42,0.17,0
0.04,-0.12,0.25,0.03,0.01,0.24,0.07,0.09,0.03,0.15,0.12,0.46,0.0,1.0,-0.07,0.04,0.07,0.14,0.04,0.02,-0.02,0.0,0.0,0.25,0.25,0
0.0,0.0,0.25,0.0,0.0,-0.04,0.07,0.02,0.0,-0.04,0.02,0.24,-0.05,0.38,0.46,0.03,0.02,0.03,0.06,0.02,0.11,0.0,0.01,0.97,-0.18,0
0.0,0.0,0.25,0.01,0.0,0.0,0.07,0.03,0.0,0.04,0.01,0.25,0.16,0.12,0.5,0.0,0.15,0.11,0.07,0.06,0.1,0.0,0.0,0.13,0.07,0
0.03,0.0,0.25,0.0,0.0,0.0,0.12,0.05,-0.02,-0.03,0.0,0.17,0.0,-0.03,0.16,0.0,-0.06,0.48,0.01,-0.02,0.0,0.0,0.1,0.8,0.0,0
0.0,0.0,0.25,0.0,0.0,-0.14,0.07,0.01,0.0,0.07,0.04,-0.0,-0.04,0.48,0.3,0.0,-0.02,0.11,0.02,-0.02,0.02,0.0,0.0,0.26,0.29,0
-0.03,0.0,0.06,-0.01,0.0,0.14,-0.04,0.02,0.0,0.0,-0.02,0.49,0.0,-0.48,0.35,0.0,0.15,0.22,0.0,0.02,0.01,0.0,0.0,0.65,0.0,0
0.0,-0.01,0.25,0.0,0.0,0.18,0.02,0.03,-0.38,0.02,-0.01,0.78,0.0,0.35,0.24,-0.18,-0.03,-0.07,-0.01,-0.01,0.03,0.0,0.0,1.47,-0.16,0
0.0,0.0,0.25,0.01,0.0,-0.04,0.07,0.02,0.0,0.02,0.0,0.18,0.0,1.0,0.67,0.0,0.01,0.11,0.1,-0.01,0.05,0.0,0.0,-0.18,0.0,0
0.03,0.0,0.25,0.0,0.0,-0.11,0.09,0.0,0.1,0.01,0.04,0.09,0.07,0.21,0.5,0.0,0.08,0.22,0.05,0.03,0.02,0.0,0.0,1.0,0.0,0
0.07,-0.14,0.25,0.0,0.0,-0.05,0.14,0.01,0.0,0.12,0.05,-0.01,0.12,0.52,0.36,0.0,0.25,0.01,0.06,0.0,0.08,0.0,0.0,0.85,0.0,0
0.0,0.16,0.25,0.02,0.0,0.02,0.02,0.08,0.0,0.07,0.05,0.02,-0.04,1.43,0.29,0.02,0.21,0.37,0.11,0.01,0.0,0.0,0.0,0.15,0.0,0
0.0,0.0,0.38,0.02,0.0,0.12,0.25,0.04,0.0,0.08,0.09,-0.19,0.07,1.05,0.12,-0.01,0.03,0.11,0.13,0.07,0.06,0.0,0.0,1.25,0.13,0
-0.08,0.0,0.25,0.0,0.0,-0.04,0.03,0.02,0.0,0.14,0.04,0.13,0.0,1.11,0.48,0.04,0.0,0.22,-0.02,-0.03,0.05,0.0,0.0,1.42,-0.15,0
-0.04,0.01,0.25,0.0,-0.04,-0.03,0.03,0.01,-0.02,0.02,-0.02,0.44,0.0,-0.39,0.38,0.08,0.02,0.11,-0.04,0.02,0.01,0.0,0.0,0.75,-0.14,0
0.0,0.09,0.38,0.01,0.0,0.35,0.11,0.05,-0.02,0.04,-0.02,0.39,0.0,0.08,0.19,0.12,0.16,0.17,0.02,-0.0,-0.01,0.0,0.0,-0.27,-0.13,0
0.0,0.0,0.25,0.01,0.0,0.27,-0.05,0.05,0.0,0.02,-0.01,0.16,0.26,0.09,0.66,0.01,0.05,0.05,-0.03,-0.03,0.02,0.0,0.07,0.13,0.0,0
0.04,0.0,-0.19,0.02,-0.01,0.0,-0.05,0.06,0.0,0.17,0.07,0.0,0.0,1.05,0.12,-0.07,0.0,0.21,-0.03,-0.02,0.0,0.0,0.0,0.93,0.69,0
-0.05,0.0,0.5,0.0,0.0,0.13,0.16,0.04,0.0,0.0,0.01,0.11,0.05,0.18,0.25,0.0,0.01,0.11,0.02,-0.07,0.04,0.0,0.0,0.27,0.0,0
0.0,0.18,0.25,-0.01,0.0,-0.03,0.07,0.01,0.0,-0.12,-0.02,0.18,0.0,-0.27,0.31,0.02,-0.0,0.05,0.01,-0.01,0.04,0.0,0.0,1.08,-0.13,0
0.0,0.0,0.25,0.0,0.0,-0.04,0.07,0.03,0.0,0.0,0.0,0.23,-0.04,0.0,0.38,-0.04,0.03,0.11,-0.03,-0.06,0.09,0.0,0.0,0.54,0.16,0
-0.02,0.0,0.04,0.07,0.0,0.0,0.07,0.04,0.27,0.08,0.11,0.02,0.0,0.89,0.12,0.0,0.29,0.32,0.07,0.0,0.0,0.0,0.0,0.99,0.25,0
0.0,0.0,0.25,0.02,0.0,0.43,0.12,0.08,0.0,0.05,0.03,0.01,0.33,0.7,0.55,0.04,0.07,0.25,0.03,0.01,0.08,0.0,0.12,0.44,0.16,1
0.02,0.0,0.25,0.01,0.0,0.0,0.14,0.03,0.0,0.02,0.03,0.3,0.07,0.68,0.62,0.04,-0.01,0.01,0.15,0.07,0.0,0.0,0.0,0.27,0.46,0
0.0,0.0,0.4,0.02,0.0,0.18,0.16,0.03,0.0,0.01,0.01,-0.04,0.32,0.72,0.6,0.04,0.04,0.11,0.07,-0.01,0.01,0.0,0.0,0.35,0.0,0
0.04,0.0,0.25,0.03,0.0,-0.17,-0.07,0.04,0.0,0.08,0.07,-0.01,0.0,1.01,-0.23,0.0,0.0,0.32,0.04,-0.06,-0.02,0.0,-0.04,1.17,0.49,0
0.0,0.04,0.48,0.0,0.0,0.5,0.14,0.04,0.0,0.0,-0.03,0.78,0.0,0.0,0.49,0.23,0.0,0.21,0.09,0.08,0.0,0.0,0.0,0.57,0.0,0
-0.02,0.2,0.25,0.0,0.0,0.47,0.0,0.09,-0.13,0.05,-0.02,0.72,0.0,0.08,0.26,0.06,0.32,0.12,0.03,0.04,0.02,0.0,0.0,0.94,0.01,0
0.0,0.0,0.25,-0.01,0.0,0.18,0.04,0.05,0.0,0.0,-0.04,0.14,0.11,0.2,0.34,0.04,0.18,0.22,0.05,0.05,0.02,0.0,0.04,-0.21,0.25,1
0.0,0.36,0.25,0.0,0.0,0.17,0.07,0.06,0.07,0.1,0.01,0.34,-0.06,0.13,0.01,0.04,-0.15,0.01,0.01,0.02,0.02,0.0,-0.04,1.47,-0.24,0
0.0,0.0,0.04,0.01,0.0,0.24,0.01,0.03,0.0,-0.02,0.0,0.64,0.0,1.0,0.04,0.02,-0.02,0.11,0.03,0.02,0.0,0.0,0.0,0.4,0.0,0
0.02,0.04,0.25,0.01,0.0,0.12,0.07,0.05,0.0,0.15,0.05,-0.03,0.05,1.14,0.3,0.01,0.01,0.26,0.1,0.01,0.02,0.0,0.0,0.61,0.17,0
-0.01,0.0,0.25,-0.01,0.0,0.11,0.12,0.02,0.0,0.0,0.0,0.04,0.08,0.29,0.28,0.0,0.06,0.04,0.01,0.01,0.02,0.0,0.0,0.89,0.0,0
0.0,0.06,0.25,0.0,0.0,0.05,0.14,0.06,0.07,0.05,0.03,0.25,-0.04,0.66,0.25,0.01,0.01,0.22,0.02,0.0,0.02,0.0,0.0,0.64,0.0,0
0.0,0.0,0.25,0.0,-0.01,0.18,0.07,0.02,0.0,-0.07,0.03,0.07,0.13,-0.01,0.25,0.0,0.11,0.22,0.04,0.02,0.02,0.0,0.0,0.06,0.5,0
0.0,-0.05,0.25,0.01,0.0,-0.11,0.2,0.02,0.0,0.02,0.01,-0.09,0.0,1.0,0.62,-0.02,0.01,0.18,0.04,0.03,0.12,0.0,0.0,1.26,0.0,0
0.0,0.1,0.25,0.0,0.0,-0.11,0.07,0.06,0.0,-0.02,0.0,0.19,0.0,0.0,0.25,-0.02,0.11,0.56,-0.01,-0.04,0.0,0.0,0.1,1.1,0.22,1
0.0,0.0,-0.22,-0.01,-0.01,0.11,0.14,0.03,0.0,0.02,0.07,0.06,0.06,-0.15,0.38,-0.07,-0.04,0.01,0.04,0.09,0.1,0.0,0.01,1.42,0.0,0
0.0,0.0,0.25,0.01,0.01,-0.05,0.08,0.03,0.06,0.17,0.06,0.02,-0.12,1.16,-0.07,0.02,-0.02,0.21,0.04,-0.02,0.0,-0.3,0.01,1.11,0.03,0
