CountDeclMethodPrivate,CountDeclMethodDefault,AvgEssential,CountDeclClassVariable,CountDeclClassMethod,AvgLineComment,CountLineComment,CountDeclClass,CountDeclMethodProtected,CountDeclInstanceVariable,RatioCommentToCode,AvgLineBlank,CountDeclInstanceMethod,PercentLackOfCohesion,MaxInheritanceTree,CountClassDerived,CountClassCoupled,CountClassBase,CountInput_Mean,CountInput_Min,CountOutput_Mean,CountOutput_Min,CountPath_Min,MaxNesting_Mean,MaxNesting_Min,Del_lines,OWN_COMMIT,MINOR_COMMIT,MINOR_LINE,MAJOR_LINE,target
0.0,0.0,1.0,0.0,0.0,0.0,3.0,1.0,0.0,0.0,0.21,0.0,2.0,0.0,4.0,0.0,0.0,1.0,0.5,0.0,1.5,1.0,1.0,0.75,0.0,0.0,0.0,0.0,1.0,0.0,0
0.0,0.0,1.0,0.0,0.0,0.0,6.0,1.0,1.0,1.0,0.5,0.0,2.0,50.0,3.0,2.0,0.0,1.0,2.5,1.0,2.0,1.0,1.0,0.0,0.0,0.0,0.0,0.0,1.0,0.0,0
0.0,0.0,1.0,0.0,0.0,0.0,0.0,1.0,0.0,0.0,0.0,0.0,2.0,0.0,1.0,0.0,0.0,1.0,0.5,0.0,1.5,1.0,1.0,0.0,0.0,0.0,0.0,0.0,1.0,0.0,0
0.0,0.0,0.0,2.0,0.0,0.0,0.0,1.0,0.0,0.0,0.0,0.0,0.0,0.0,0.0,0.0,0.0,0.0,0.0,0.0,0.0,0.0,0.0,0.0,0.0,0.0,0.0,0.0,1.0,0.0,0
0.0,0.0,1.0,0.0,14.0,0.0,0.0,1.0,0.0,0.0,0.0,0.0,21.0,0.0,1.0,0.0,0.0,1.0,0.0,0.0,0.57,0.0,1.0,0.0,0.0,0.0,0.0,0.0,2.0,1.0,0
0.0,0.0,1.0,0.0,0.0,0.0,0.0,1.0,0.0,1.0,0.0,0.0,4.0,25.0,1.0,0.0,1.0,1.0,0.75,0.0,1.5,1.0,1.0,0.0,0.0,0.0,0.0,0.0,1.0,0.0,0
0.0,0.0,1.0,1.0,1.0,0.0,0.0,1.0,0.0,0.0,0.0,11.0,0.0,0.0,1.0,0.0,3.0,1.0,3.0,3.0,20.0,20.0,260.0,3.0,3.0,2.0,1.0,0.0,2.0,0.0,0
0.0,0.0,1.0,0.0,0.0,0.0,36.0,1.0,0.0,0.0,2.0,0.0,2.0,0.0,3.0,0.0,8.0,1.0,6.0,6.0,3.5,2.0,1.0,0.0,0.0,0.0,0.0,0.0,2.0,0.0,0
0.0,0.0,2.0,0.0,0.0,0.0,37.0,1.0,0.0,0.0,0.86,0.0,5.0,0.0,3.0,0.0,13.0,1.0,4.4,1.0,5.0,2.0,1.0,1.29,0.0,0.0,0.0,0.0,1.0,1.0,0
0.0,0.0,1.0,0.0,0.0,1.0,62.0,1.0,0.0,4.0,0.58,0.0,14.0,71.0,2.0,19.0,19.0,4.0,9.57,0.0,3.29,1.0,1.0,0.88,0.0,0.0,0.0,0.0,3.0,3.0,0
0.0,0.0,1.0,0.0,0.0,0.0,35.0,1.0,0.0,1.0,1.52,0.0,3.0,33.0,3.0,0.0,10.0,1.0,4.33,1.0,5.0,4.0,1.0,0.0,0.0,0.0,0.0,0.0,1.0,1.0,0
0.0,0.0,1.0,0.0,0.0,0.0,35.0,1.0,0.0,2.0,1.4,1.0,2.0,0.0,3.0,0.0,10.0,1.0,7.0,6.0,5.5,5.0,1.0,0.0,0.0,0.0,0.0,0.0,2.0,0.0,0
0.0,0.0,1.0,0.0,0.0,1.0,43.0,1.0,0.0,1.0,0.91,0.0,7.0,42.0,3.0,0.0,11.0,2.0,3.29,0.0,3.71,1.0,1.0,0.44,0.0,0.0,0.0,0.0,4.0,2.0,0
1.0,0.0,2.0,0.0,0.0,0.0,8.0,1.0,0.0,0.0,0.27,0.0,4.0,0.0,4.0,0.0,8.0,1.0,4.5,3.0,2.75,2.0,1.0,1.0,0.0,0.0,0.0,0.0,1.0,0.0,0
0.0,0.0,1.0,0.0,0.0,1.0,43.0,1.0,0.0,1.0,1.13,0.0,6.0,33.0,3.0,3.0,10.0,2.0,4.83,1.0,2.33,1.0,1.0,0.38,0.0,4.0,0.67,0.0,3.0,2.0,0
0.0,0.0,1.0,0.0,0.0,0.0,39.0,1.0,0.0,0.0,1.3,0.0,5.0,0.0,3.0,0.0,9.0,2.0,2.6,1.0,2.2,1.0,1.0,0.0,0.0,0.0,0.0,0.0,3.0,1.0,0
0.0,0.0,1.0,0.0,0.0,0.0,0.0,1.0,0.0,0.0,0.0,0.0,8.0,0.0,0.0,1.0,3.0,0.0,2.62,0.0,0.88,0.0,1.0,0.0,0.0,0.0,0.0,0.0,1.0,0.0,1
0.0,0.0,1.0,0.0,0.0,0.0,10.0,1.0,0.0,0.0,0.53,0.0,3.0,0.0,3.0,0.0,8.0,1.0,5.33,4.0,2.33,2.0,1.0,0.0,0.0,0.0,0.0,0.0,2.0,0.0,0
0.0,0.0,4.0,0.0,0.0,0.0,9.0,1.0,0.0,0.0,0.26,1.0,2.0,0.0,3.0,0.0,9.0,1.0,5.5,5.0,7.0,2.0,1.0,1.5,0.0,0.0,0.0,0.0,2.0,0.0,0
0.0,0.0,1.0,0.0,0.0,0.0,8.0,1.0,0.0,3.0,0.3,1.0,2.0,0.0,3.0,0.0,10.0,1.0,7.5,6.0,5.5,4.0,1.0,0.0,0.0,0.0,0.0,0.0,2.0,0.0,0
0.0,0.0,1.0,0.0,0.0,0.0,8.0,1.0,0.0,3.0,0.3,1.0,2.0,0.0,3.0,0.0,10.0,1.0,7.0,5.0,5.5,4.0,1.0,0.0,0.0,0.0,0.0,0.0,2.0,0.0,0
0.0,0.0,2.0,0.0,0.0,1.0,46.0,1.0,0.0,2.0,0.81,0.0,6.0,58.0,3.0,0.0,13.0,1.0,3.33,1.0,3.33,1.0,1.0,1.5,0.0,0.0,0.0,0.0,3.0,2.0,1
0.0,0.0,1.0,0.0,0.0,0.0,41.0,1.0,0.0,0.0,1.05,0.0,8.0,0.0,2.0,1.0,8.0,3.0,2.25,0.0,1.62,1.0,1.0,0.0,0.0,0.0,0.0,0.0,3.0,3.0,0
0.0,0.0,1.0,0.0,0.0,1.0,38.0,1.0,0.0,0.0,1.46,0.0,4.0,0.0,3.0,0.0,9.0,1.0,2.5,1.0,2.75,1.0,1.0,0.0,0.0,0.0,0.0,0.0,3.0,2.0,1
0.0,0.0,1.0,0.0,0.0,1.0,43.0,1.0,0.0,1.0,1.0,0.0,7.0,42.0,2.0,1.0,8.0,2.0,4.86,1.0,2.14,1.0,1.0,0.0,0.0,0.0,0.0,0.0,4.0,1.0,0
0.0,0.0,1.0,0.0,0.0,0.0,43.0,1.0,0.0,3.0,0.67,0.0,10.0,60.0,2.0,0.0,12.0,2.0,3.4,1.0,2.9,1.0,1.0,0.42,0.0,0.0,0.0,0.0,3.0,3.0,1
0.0,0.0,2.0,0.0,0.0,2.0,52.0,1.0,0.0,4.0,0.73,0.0,9.0,69.0,2.0,0.0,12.0,1.0,4.0,1.0,2.33,1.0,1.0,0.82,0.0,0.0,0.0,0.0,3.0,3.0,0
0.0,0.0,2.0,0.0,0.0,2.0,61.0,1.0,0.0,4.0,0.7,0.0,9.0,69.0,2.0,0.0,15.0,1.0,4.44,1.0,3.11,1.0,1.0,1.36,0.0,0.0,0.0,0.0,3.0,3.0,0
0.0,0.0,1.0,0.0,0.0,0.0,41.0,1.0,0.0,2.0,0.72,0.0,9.0,66.0,2.0,0.0,13.0,3.0,2.11,0.0,2.89,1.0,1.0,0.36,0.0,0.0,0.0,0.0,3.0,3.0,1
0.0,0.0,1.0,0.0,0.0,0.0,12.0,1.0,0.0,0.0,3.0,0.0,1.0,0.0,0.0,74.0,1.0,0.0,23.0,23.0,0.0,0.0,1.0,0.0,0.0,0.0,0.0,0.0,1.0,0.0,0
0.0,1.0,1.0,0.0,0.0,0.0,8.0,1.0,0.0,6.0,0.44,0.0,4.0,91.0,1.0,0.0,3.0,1.0,0.75,0.0,1.25,1.0,0.0,0.0,0.0,0.0,0.0,0.0,1.0,0.0,0
6.0,0.0,1.0,0.0,0.0,0.0,157.0,13.0,13.0,15.0,0.08,1.0,207.0,93.0,1.0,2.0,63.0,2.0,5.62,0.0,5.53,0.0,1.0,0.25,0.0,60.0,0.81,0.0,1.0,1.0,1
0.0,0.0,1.0,0.0,0.0,1.0,4.0,1.0,1.0,0.0,0.16,1.0,3.0,0.0,4.0,0.0,4.0,1.0,5.0,2.0,4.67,3.0,1.0,0.6,0.0,4.0,1.0,0.0,1.0,0.0,0
0.0,0.0,1.0,0.0,0.0,2.0,23.0,1.0,1.0,2.0,0.16,1.0,10.0,70.0,3.0,0.0,16.0,1.0,5.4,2.0,7.8,1.0,1.0,1.0,0.0,14.0,1.0,0.0,1.0,0.0,0
1.0,0.0,1.0,0.0,0.0,6.0,25.0,1.0,0.0,0.0,0.24,1.0,4.0,0.0,1.0,0.0,18.0,2.0,2.75,0.0,9.0,1.0,1.0,2.67,0.0,225.0,1.0,0.0,1.0,0.0,0
0.0,0.0,1.0,0.0,0.0,0.0,0.0,1.0,0.0,0.0,0.0,0.0,1.0,0.0,4.0,0.0,3.0,1.0,11.0,11.0,2.0,2.0,1.0,0.0,0.0,0.0,1.0,0.0,1.0,0.0,0
0.0,0.0,1.0,0.0,0.0,0.0,1.0,1.0,0.0,0.0,0.09,0.0,2.0,0.0,3.0,0.0,2.0,1.0,2.5,0.0,1.5,1.0,1.0,0.0,0.0,9.0,1.0,0.0,1.0,0.0,0
0.0,0.0,1.0,0.0,0.0,0.0,1.0,1.0,0.0,2.0,0.05,0.0,4.0,25.0,2.0,4.0,3.0,1.0,3.75,2.0,2.25,1.0,1.0,0.0,0.0,12.0,1.0,0.0,1.0,0.0,0
0.0,0.0,1.0,0.0,0.0,0.0,0.0,1.0,0.0,0.0,0.0,0.0,1.0,0.0,3.0,0.0,4.0,1.0,5.0,5.0,3.0,3.0,1.0,0.0,0.0,0.0,1.0,0.0,1.0,0.0,0
0.0,0.0,1.0,0.0,0.0,0.0,1.0,1.0,0.0,1.0,0.08,0.0,1.0,0.0,3.0,0.0,2.0,1.0,2.0,2.0,3.0,3.0,1.0,0.0,0.0,2.0,1.0,0.0,1.0,0.0,0
0.0,0.0,1.0,0.0,0.0,0.0,0.0,1.0,0.0,0.0,0.0,0.0,1.0,0.0,3.0,0.0,2.0,1.0,4.0,4.0,2.0,2.0,1.0,0.0,0.0,6.0,1.0,0.0,1.0,0.0,0
6.0,0.0,2.0,0.0,3.0,10.0,1197.0,1.0,0.0,0.0,0.98,1.0,102.0,0.0,1.0,0.0,157.0,1.0,5.36,1.0,7.6,1.0,1.0,0.57,0.0,8274.0,0.78,1.0,3.0,0.0,0
1.0,0.0,1.0,2.0,0.0,0.0,0.0,1.0,0.0,0.0,0.0,0.0,4.0,75.0,3.0,0.0,0.0,1.0,0.75,0.0,1.25,1.0,1.0,0.0,0.0,0.0,1.0,0.0,1.0,0.0,0
0.0,0.0,1.0,1.0,0.0,0.0,0.0,1.0,0.0,0.0,0.0,0.0,1.0,100.0,2.0,0.0,0.0,1.0,26.0,26.0,1.0,1.0,1.0,0.0,0.0,0.0,0.0,0.0,1.0,0.0,0
0.0,0.0,1.0,0.0,4.0,1.0,36.0,1.0,0.0,0.0,0.38,3.0,0.0,0.0,1.0,0.0,10.0,1.0,8.5,7.0,10.25,2.0,1.0,1.86,0.0,200.0,1.0,0.0,2.0,4.0,0
0.0,0.0,1.0,2.0,1.0,3.0,52.0,1.0,2.0,1.0,1.11,0.0,4.0,73.0,5.0,2.0,9.0,1.0,3.2,1.0,3.4,1.0,1.0,0.75,0.0,74.0,1.0,0.0,1.0,1.0,0
0.0,3.0,1.0,1.0,0.0,4.0,66.0,2.0,0.0,2.0,1.35,0.0,8.0,26.0,1.0,0.0,1.0,2.0,2.12,1.0,2.0,1.0,1.0,0.5,0.0,8.0,1.0,0.0,1.0,0.0,0
1.0,4.0,1.0,1.0,2.0,2.0,19.0,2.0,0.0,4.0,0.32,0.0,6.0,55.0,3.0,0.0,2.0,2.0,4.12,1.0,3.12,2.0,1.0,0.83,0.0,62.0,1.0,0.0,1.0,0.0,1
1.0,1.0,1.0,0.0,0.0,0.0,35.0,2.0,0.0,3.0,0.7,0.0,8.0,66.0,1.0,0.0,11.0,2.0,2.75,0.0,3.5,1.0,1.0,0.27,0.0,12.0,1.0,0.0,1.0,0.0,0
1.0,0.0,1.0,0.0,2.0,1.0,18.0,2.0,0.0,0.0,0.22,0.0,9.0,0.0,2.0,0.0,18.0,1.0,2.0,0.0,3.64,2.0,1.0,0.36,0.0,32.0,0.9,0.0,1.0,1.0,1
2.0,8.0,2.0,24.0,2.0,0.0,1.0,23.0,0.0,0.0,0.0,0.0,31.0,100.0,2.0,9.0,39.0,2.0,4.06,0.0,3.15,1.0,1.0,0.37,0.0,94.0,1.0,0.0,1.0,0.0,0
1.0,0.0,1.0,0.0,0.0,0.0,0.0,1.0,0.0,3.0,0.0,0.0,4.0,50.0,3.0,0.0,7.0,1.0,6.0,3.0,3.75,2.0,1.0,0.0,0.0,0.0,0.0,0.0,1.0,0.0,0
0.0,1.0,1.0,0.0,0.0,0.0,0.0,1.0,0.0,0.0,0.0,0.0,1.0,0.0,0.0,14.0,2.0,0.0,5.0,5.0,1.0,1.0,1.0,0.0,0.0,0.0,0.0,0.0,1.0,0.0,0
2.0,1.0,1.0,0.0,8.0,0.0,1.0,1.0,0.0,0.0,0.01,0.0,5.0,0.0,5.0,0.0,14.0,1.0,4.62,1.0,5.23,2.0,1.0,0.47,0.0,144.0,1.0,0.0,1.0,0.0,1
0.0,0.0,1.0,0.0,0.0,0.0,31.0,1.0,0.0,0.0,7.75,0.0,1.0,0.0,0.0,2.0,1.0,0.0,1.0,1.0,1.0,1.0,1.0,0.0,0.0,0.0,0.0,0.0,1.0,0.0,0
0.0,0.0,2.0,0.0,2.0,0.0,37.0,1.0,0.0,24.0,0.74,0.0,4.0,98.0,1.0,0.0,3.0,2.0,1.33,0.0,1.67,1.0,0.0,0.5,0.0,20.0,1.0,0.0,1.0,0.0,1
0.0,0.0,1.0,0.0,0.0,0.0,34.0,1.0,0.0,0.0,8.5,0.0,1.0,0.0,0.0,2.0,0.0,0.0,1.0,1.0,0.0,0.0,1.0,0.0,0.0,0.0,0.0,0.0,1.0,0.0,0
0.0,22.0,1.0,9.0,2.0,0.0,12.0,10.0,0.0,11.0,0.09,0.0,26.0,94.0,2.0,9.0,9.0,1.0,2.93,0.0,1.07,0.0,0.0,0.15,0.0,0.0,0.0,0.0,1.0,0.0,0
0.0,0.0,3.0,0.0,1.0,0.0,26.0,1.0,0.0,0.0,0.96,1.0,0.0,0.0,1.0,0.0,13.0,1.0,12.0,12.0,6.0,6.0,3.0,2.0,2.0,0.0,0.0,0.0,1.0,1.0,0
0.0,0.0,1.0,0.0,0.0,0.0,1.0,1.0,0.0,0.0,0.01,0.0,12.0,0.0,5.0,0.0,7.0,1.0,6.08,3.0,8.25,2.0,1.0,0.79,0.0,136.0,0.8,0.0,2.0,1.0,0
0.0,4.0,1.0,1.0,2.0,0.0,7.0,1.0,6.0,4.0,0.05,0.0,8.0,64.0,3.0,2.0,10.0,1.0,13.7,5.0,4.5,3.0,1.0,1.5,0.0,14.0,1.0,0.0,1.0,1.0,1
0.0,0.0,1.0,0.0,0.0,0.0,1.0,1.0,0.0,0.0,0.01,0.0,12.0,0.0,5.0,0.0,7.0,1.0,6.08,3.0,6.58,2.0,1.0,0.79,0.0,108.0,1.0,0.0,1.0,0.0,0
0.0,0.0,1.0,0.0,0.0,0.0,27.0,1.0,0.0,3.0,0.82,0.0,8.0,50.0,1.0,0.0,1.0,2.0,28.62,1.0,1.62,1.0,1.0,0.0,0.0,0.0,0.0,0.0,1.0,0.0,0
0.0,10.0,1.0,0.0,0.0,0.0,0.0,1.0,0.0,0.0,0.0,0.0,10.0,0.0,0.0,2.0,5.0,0.0,0.9,0.0,0.0,0.0,1.0,0.15,0.0,0.0,0.0,0.0,2.0,0.0,0
0.0,0.0,1.0,0.0,0.0,0.0,0.0,1.0,0.0,1.0,0.0,0.0,6.0,0.0,1.0,0.0,1.0,2.0,1.17,1.0,3.5,2.0,1.0,0.0,0.0,0.0,0.0,0.0,2.0,0.0,0
0.0,0.0,1.0,0.0,0.0,0.0,0.0,1.0,0.0,0.0,0.0,0.0,38.0,0.0,0.0,1.0,0.0,0.0,0.0,0.0,1.0,1.0,1.0,0.0,0.0,0.0,0.0,0.0,1.0,0.0,0
0.0,0.0,1.0,1.0,0.0,0.0,38.0,1.0,0.0,4.0,1.0,0.0,8.0,77.0,1.0,0.0,3.0,1.0,2.75,2.0,1.12,1.0,1.0,0.3,0.0,0.0,0.0,0.0,4.0,1.0,0
9.0,0.0,1.0,0.0,11.0,0.0,0.0,1.0,0.0,0.0,0.0,0.0,0.0,0.0,1.0,0.0,0.0,1.0,1.36,0.0,2.0,1.0,1.0,0.0,0.0,0.0,0.0,0.0,1.0,3.0,1
3.0,0.0,1.0,0.0,27.0,0.0,41.0,1.0,0.0,0.0,0.17,1.0,0.0,0.0,1.0,0.0,9.0,1.0,4.11,2.0,8.33,3.0,1.0,0.66,0.0,66.0,0.5,0.0,3.0,6.0,1
1.0,0.0,1.0,1.0,1.0,0.0,27.0,3.0,0.0,7.0,0.59,0.0,9.0,100.0,4.0,0.0,6.0,2.0,2.5,0.0,2.3,1.0,0.0,0.0,0.0,0.0,0.0,0.0,1.0,3.0,0
42.0,17.0,2.0,11.0,56.0,0.0,155.0,5.0,0.0,7.0,0.09,0.0,70.0,100.0,3.0,0.0,33.0,3.0,6.19,0.0,5.86,1.0,0.0,1.05,0.0,93.0,0.41,0.0,2.0,12.0,1
142.0,19.0,2.0,8.0,44.0,0.0,380.0,7.0,3.0,15.0,0.07,0.0,498.0,100.0,3.0,0.0,50.0,2.0,6.23,0.0,5.32,1.0,0.0,0.84,0.0,261.0,0.39,0.0,2.0,11.0,1
11.0,0.0,1.0,3.0,2.0,0.0,7.0,2.0,1.0,7.0,0.02,0.0,56.0,84.0,3.0,0.0,20.0,2.0,4.0,0.0,5.53,1.0,1.0,0.56,0.0,0.0,0.0,0.0,4.0,2.0,1
0.0,0.0,1.0,1.0,2.0,0.0,25.0,2.0,1.0,1.0,0.46,0.0,5.0,58.0,4.0,0.0,8.0,2.0,2.86,1.0,4.29,1.0,1.0,0.4,0.0,0.0,0.0,0.0,1.0,1.0,0
0.0,0.0,1.0,0.0,0.0,0.0,31.0,1.0,0.0,0.0,1.07,0.0,7.0,0.0,2.0,0.0,5.0,1.0,0.29,0.0,0.29,0.0,1.0,0.0,0.0,0.0,1.0,0.0,1.0,0.0,0
0.0,0.0,1.0,0.0,0.0,0.0,31.0,1.0,0.0,1.0,0.66,0.0,8.0,12.0,2.0,0.0,7.0,1.0,5.25,2.0,1.88,1.0,1.0,0.0,0.0,0.0,1.0,0.0,1.0,0.0,0
0.0,0.0,1.0,1.0,0.0,0.0,73.0,2.0,0.0,9.0,0.39,0.0,54.0,100.0,1.0,0.0,9.0,1.0,15.46,0.0,1.91,1.0,0.0,0.05,0.0,0.0,1.0,0.0,3.0,3.0,1
0.0,0.0,1.0,3.0,2.0,5.0,173.0,1.0,0.0,2.0,2.58,0.0,23.0,98.0,1.0,2.0,8.0,1.0,0.36,0.0,1.2,1.0,1.0,0.11,0.0,4.0,1.0,0.0,2.0,5.0,0
1.0,0.0,1.0,29.0,0.0,1.0,14.0,1.0,0.0,0.0,0.41,0.0,1.0,100.0,1.0,0.0,0.0,1.0,0.0,0.0,1.0,1.0,1.0,0.0,0.0,2.0,1.0,0.0,4.0,0.0,0
1.0,0.0,1.0,0.0,1.0,0.0,32.0,1.0,1.0,0.0,1.45,0.0,3.0,0.0,4.0,0.0,10.0,1.0,4.75,1.0,2.75,2.0,1.0,0.0,0.0,0.0,0.0,0.0,1.0,2.0,0
1.0,1.0,1.0,0.0,0.0,5.0,226.0,1.0,0.0,9.0,1.55,0.0,29.0,75.0,1.0,0.0,4.0,2.0,5.93,0.0,2.41,0.0,1.0,0.1,0.0,0.0,1.0,0.0,3.0,3.0,1
13.0,0.0,2.0,57.0,32.0,0.0,46.0,2.0,1.0,5.0,0.09,0.0,2.0,98.0,2.0,0.0,19.0,1.0,8.94,2.0,5.97,1.0,1.0,0.68,0.0,1882.0,1.0,0.0,1.0,0.0,0
0.0,0.0,1.0,0.0,0.0,0.0,5.0,1.0,0.0,0.0,0.04,0.0,30.0,0.0,2.0,0.0,11.0,1.0,3.67,0.0,3.43,0.0,1.0,0.0,0.0,0.0,0.0,0.0,2.0,0.0,0
1.0,0.0,1.0,0.0,1.0,5.0,63.0,5.0,0.0,0.0,1.34,0.0,9.0,0.0,1.0,0.0,6.0,2.0,1.3,0.0,3.1,1.0,1.0,0.0,0.0,0.0,0.0,0.0,3.0,2.0,0
0.0,0.0,1.0,5.0,0.0,2.0,95.0,1.0,0.0,0.0,2.07,0.0,31.0,100.0,0.0,1.0,7.0,0.0,4.19,0.0,0.68,0.0,1.0,0.0,0.0,0.0,1.0,0.0,2.0,1.0,1
3.0,6.0,1.0,2.0,1.0,0.0,27.0,12.0,0.0,16.0,0.1,0.0,37.0,80.0,2.0,8.0,3.0,2.0,2.74,0.0,2.39,0.0,1.0,0.75,0.0,0.0,0.0,0.0,1.0,0.0,0
1.0,0.0,2.0,1.0,1.0,0.0,3.0,6.0,0.0,3.0,0.06,0.0,5.0,66.0,2.0,2.0,1.0,2.0,2.5,1.0,2.17,1.0,1.0,0.56,0.0,0.0,1.0,0.0,1.0,0.0,1
8.0,0.0,1.0,6.0,9.0,0.0,0.0,1.0,0.0,0.0,0.0,5.0,0.0,87.0,1.0,0.0,0.0,1.0,4.89,2.0,2.22,1.0,1.0,1.33,0.0,0.0,0.0,0.0,1.0,0.0,0
0.0,0.0,1.0,0.0,0.0,0.0,0.0,1.0,0.0,0.0,0.0,0.0,1.0,0.0,1.0,0.0,0.0,1.0,0.0,0.0,1.0,1.0,1.0,0.0,0.0,0.0,0.0,0.0,1.0,0.0,0
0.0,0.0,1.0,0.0,0.0,0.0,27.0,1.0,0.0,2.0,1.23,0.0,6.0,58.0,1.0,0.0,0.0,1.0,0.83,0.0,1.0,0.0,1.0,0.22,0.0,0.0,0.0,0.0,2.0,0.0,0
0.0,0.0,1.0,0.0,0.0,0.0,0.0,1.0,0.0,0.0,0.0,0.0,2.0,0.0,1.0,0.0,2.0,1.0,1.0,1.0,1.0,1.0,1.0,0.0,0.0,0.0,0.0,0.0,1.0,0.0,0
0.0,0.0,1.0,0.0,0.0,0.0,29.0,1.0,0.0,0.0,0.66,0.0,36.0,0.0,0.0,0.0,0.0,0.0,0.0,0.0,0.56,0.0,1.0,0.0,0.0,0.0,0.0,0.0,2.0,1.0,0
0.0,0.0,1.0,0.0,0.0,0.0,0.0,1.0,1.0,0.0,0.0,0.0,2.0,0.0,1.0,0.0,0.0,1.0,0.5,0.0,1.5,1.0,1.0,0.8,0.0,0.0,0.0,0.0,1.0,0.0,0
0.0,0.0,1.0,0.0,0.0,0.0,27.0,1.0,0.0,0.0,4.5,0.0,1.0,0.0,2.0,0.0,1.0,1.0,0.0,0.0,0.0,0.0,1.0,0.0,0.0,0.0,0.0,0.0,1.0,0.0,0
2.0,0.0,2.0,2.0,2.0,0.0,38.0,2.0,0.0,3.0,0.47,2.0,4.0,66.0,2.0,0.0,4.0,1.0,2.0,1.0,5.5,1.0,1.0,0.89,0.0,0.0,0.0,0.0,4.0,3.0,0
0.0,0.0,1.0,0.0,0.0,0.0,32.0,1.0,0.0,1.0,0.62,0.0,7.0,71.0,3.0,0.0,4.0,1.0,2.14,1.0,3.71,1.0,1.0,0.67,0.0,0.0,0.0,0.0,3.0,2.0,0
0.0,0.0,1.0,0.0,0.0,0.0,30.0,2.0,1.0,0.0,0.56,0.0,4.0,0.0,3.0,0.0,2.0,1.0,0.5,0.0,3.0,0.0,1.0,0.57,0.0,0.0,1.0,0.0,1.0,1.0,0
0.0,0.0,1.0,0.0,0.0,1.0,38.0,1.0,2.0,2.0,1.0,0.0,4.0,62.0,2.0,13.0,4.0,1.0,10.75,0.0,4.25,1.0,1.0,0.67,0.0,0.0,0.0,0.0,4.0,3.0,0
0.0,0.0,1.0,0.0,0.0,0.0,0.0,1.0,0.0,0.0,0.0,0.0,1.0,0.0,1.0,0.0,1.0,1.0,1.0,1.0,1.0,1.0,1.0,0.0,0.0,0.0,0.0,0.0,1.0,0.0,0
0.0,0.0,1.0,0.0,0.0,2.0,132.0,0.0,0.0,0.0,0.56,4.0,0.0,0.0,0.0,0.0,0.0,0.0,3.87,1.0,4.33,1.0,1.0,0.94,0.0,2.0,1.0,0.0,1.0,1.0,0
0.0,0.0,1.0,0.0,0.0,0.0,0.52,1.0,0.0,0.0,0.05,0.0,2.0,0.0,2.05,0.0,1.05,1.0,1.55,0.0,1.5,1.0,1.0,0.0,0.0,4.72,0.52,0.0,1.0,0.0,0
0.0,0.0,1.0,0.0,0.0,0.95,36.05,1.0,0.0,0.0,1.39,0.0,3.85,0.0,3.0,0.0,8.74,1.0,2.63,1.21,2.76,1.1,1.0,0.0,0.0,0.0,0.05,0.0,2.9,1.9,1
0.0,0.0,1.0,0.56,0.28,0.84,40.5,1.0,0.56,0.28,1.75,0.0,2.56,20.51,3.56,0.56,8.28,1.0,5.21,4.6,3.47,1.72,1.0,0.21,0.0,20.79,0.28,0.0,1.72,0.28,0
0.0,0.0,1.0,0.0,0.0,0.51,21.9,1.0,0.0,0.51,0.46,0.0,4.06,21.39,2.02,0.0,5.6,1.51,1.67,0.0,2.38,1.0,1.0,0.23,0.0,0.0,0.0,0.0,2.53,1.02,0
0.13,0.0,0.13,1.87,0.13,0.0,3.64,1.27,0.0,0.94,0.08,0.0,1.21,13.48,0.54,0.0,0.81,0.27,0.34,0.0,0.31,0.13,0.0,0.0,0.0,0.0,0.0,0.0,1.0,0.4,0
0.0,0.0,3.72,0.0,0.0,0.0,11.15,1.0,0.0,0.09,0.29,0.91,2.47,6.62,3.0,0.0,8.53,1.0,5.19,4.63,6.69,1.91,1.0,1.42,0.0,0.0,0.0,0.0,2.09,0.19,0
0.05,0.21,1.03,0.62,0.05,0.0,30.23,1.57,0.0,0.0,7.55,0.0,1.77,2.58,0.05,2.18,1.98,0.05,1.08,0.97,1.06,1.0,1.0,0.01,0.0,2.42,0.03,0.0,1.0,0.0,0
0.0,0.0,1.0,0.0,0.0,0.0,1.0,1.0,0.0,0.29,0.03,0.0,8.78,0.0,4.41,0.0,5.53,1.0,4.89,2.71,6.71,2.29,1.0,0.56,0.0,96.72,0.86,0.0,1.71,0.71,0
32.27,13.06,1.77,8.45,43.03,0.23,133.46,4.07,0.0,6.31,0.2,0.0,57.03,93.28,2.77,4.4,29.76,3.23,6.97,0.0,5.26,1.0,0.23,1.01,0.0,71.46,0.32,0.0,2.23,9.92,1
0.0,0.0,1.0,0.0,1.36,0.34,36.0,1.0,0.0,0.0,1.45,1.02,1.32,0.0,2.32,0.0,8.68,1.0,6.85,6.34,5.79,2.0,1.0,0.63,0.0,67.96,0.34,0.0,2.0,1.36,0
27.15,3.63,1.19,1.53,8.41,0.0,100.97,2.15,0.57,3.68,1.24,0.0,97.65,45.81,3.0,0.0,17.65,1.19,4.7,0.81,5.06,3.43,0.81,0.16,0.0,49.9,0.08,0.0,1.19,2.91,1
0.0,0.33,1.0,1.35,0.67,2.02,37.61,1.0,1.35,2.64,0.89,0.0,4.0,78.89,3.69,1.35,7.04,1.0,2.4,0.67,2.7,1.0,0.67,0.5,0.0,49.79,0.67,0.0,1.0,0.67,0
0.0,0.0,1.97,0.0,0.0,0.97,44.69,1.0,0.0,1.94,0.79,0.0,5.86,56.34,2.94,0.0,12.63,1.0,3.24,0.97,3.27,1.0,1.0,1.46,0.0,0.0,0.0,0.0,2.94,1.94,1
0.6,2.41,1.3,7.22,0.6,0.0,20.57,7.62,0.0,0.0,0.46,0.0,34.5,30.1,0.6,2.71,11.74,0.6,1.22,0.0,1.34,0.3,1.0,0.11,0.0,28.29,0.3,0.0,1.7,0.7,0
0.6,0.3,1.0,0.0,2.39,0.0,29.03,1.0,0.0,0.0,0.74,0.0,7.1,0.0,2.9,0.7,9.8,2.4,2.96,0.3,2.7,1.3,1.0,0.14,0.0,43.09,0.3,0.0,2.4,2.1,0
0.0,0.0,1.0,0.0,0.0,0.91,34.64,1.0,1.82,1.82,0.91,0.0,3.73,56.51,1.91,11.85,3.73,1.0,9.89,0.09,3.96,1.0,1.0,0.61,0.0,0.0,0.0,0.0,3.73,2.73,0
0.0,0.0,1.0,0.0,0.0,0.83,56.93,1.0,0.0,3.49,0.59,0.0,12.82,71.0,2.17,15.79,16.47,3.49,8.32,0.17,3.36,1.0,1.0,0.84,0.0,0.0,0.0,0.0,3.0,2.83,0
0.3,0.0,1.0,0.0,0.0,1.77,7.39,1.0,0.0,0.0,0.07,0.3,27.96,0.0,0.3,0.7,5.32,0.59,0.81,0.0,3.36,1.0,1.0,0.79,0.0,66.47,0.3,0.0,1.0,0.0,0
3.11,0.0,1.0,2.33,3.49,0.0,23.86,1.0,0.0,0.0,0.8,1.94,3.06,33.77,2.22,0.0,5.51,1.61,3.49,1.39,2.21,1.0,1.0,0.52,0.0,0.0,0.0,0.0,2.22,0.61,0
0.35,0.0,1.0,10.19,0.0,0.35,31.51,1.0,0.0,1.3,0.61,0.0,6.19,77.95,1.65,0.0,8.43,2.3,1.37,0.0,2.23,1.0,1.0,0.24,0.0,0.7,0.35,0.0,3.35,1.95,0
0.85,0.0,1.0,0.0,0.85,0.0,27.35,1.0,0.85,0.15,1.24,0.0,3.44,0.0,3.56,0.0,8.69,1.15,4.23,1.0,2.86,2.0,1.0,0.0,0.0,0.0,0.0,0.0,1.15,1.71,0
0.0,0.0,1.0,4.59,0.0,1.84,87.3,1.0,0.0,0.08,1.9,0.0,28.97,91.9,0.08,0.92,6.51,0.16,3.95,0.08,0.91,0.16,1.0,0.0,0.0,0.0,0.92,0.0,2.0,0.92,1
0.0,0.0,1.84,0.0,1.68,0.0,31.11,1.0,0.0,20.18,0.62,0.0,3.52,82.4,1.48,0.0,3.0,1.84,2.87,1.75,1.72,1.16,0.16,0.42,0.0,16.82,1.0,0.0,1.0,0.0,0
0.0,0.0,1.0,3.72,0.0,1.74,81.69,1.0,0.0,0.26,1.83,0.0,24.6,82.85,0.77,1.51,7.77,0.51,4.36,0.26,1.1,0.26,1.0,0.1,0.0,1.02,0.91,0.0,2.26,1.26,1
0.0,0.0,1.0,0.0,0.0,0.56,21.32,1.0,0.0,0.44,0.82,0.0,4.0,10.97,2.12,0.0,5.49,1.0,1.73,0.56,2.2,1.0,1.0,0.0,0.0,0.0,0.0,0.0,2.12,1.12,0
0.0,0.0,1.0,0.0,0.0,0.0,0.04,1.0,0.0,0.0,0.0,0.0,1.45,0.0,1.16,0.0,1.24,1.0,1.21,1.08,1.3,1.04,1.0,0.03,0.0,5.54,0.03,0.0,1.04,0.04,0
1.0,0.0,1.0,7.01,0.0,0.19,2.6,1.0,0.0,0.0,0.08,0.0,3.44,79.64,2.63,0.0,0.0,1.0,0.61,0.0,1.2,1.0,1.0,0.0,0.0,0.37,1.0,0.0,1.56,0.0,0
0.56,2.23,1.28,7.42,0.56,0.0,0.28,7.14,0.0,0.0,0.0,0.0,9.38,100.0,2.0,2.51,10.89,1.28,19.87,18.74,1.6,1.0,1.0,0.1,0.0,26.25,0.28,0.0,1.0,0.0,0
0.49,0.0,1.0,0.0,0.99,0.49,12.93,1.49,0.0,1.52,0.26,0.51,5.45,0.0,2.51,0.0,13.94,1.0,4.79,3.04,4.58,3.01,1.0,0.18,0.0,15.77,0.45,0.0,1.51,0.49,0
0.0,0.0,1.0,0.0,0.0,0.0,12.32,1.0,0.0,0.0,0.59,0.0,3.44,0.0,2.89,0.0,7.67,1.0,4.78,3.56,2.11,1.78,1.0,0.0,0.0,0.0,0.11,0.0,1.89,0.0,0
0.0,3.42,1.0,0.86,1.71,0.0,5.99,1.0,5.14,3.42,0.04,0.0,8.0,54.77,2.57,1.86,8.99,0.86,12.1,4.28,3.98,2.57,1.0,1.28,0.0,11.98,0.86,0.0,1.0,0.86,1
0.0,0.0,1.0,0.03,0.02,0.05,2.81,1.0,0.0,1.01,0.11,0.0,1.23,1.03,2.98,0.02,2.06,1.0,1.98,1.98,2.98,2.98,1.0,0.0,0.0,2.02,1.0,0.0,1.01,0.05,0
0.0,0.12,1.0,0.04,0.0,0.15,3.51,1.04,0.0,0.08,0.06,0.0,11.85,1.0,4.85,0.0,6.77,1.04,5.93,2.92,8.01,1.96,1.0,0.77,0.0,131.07,0.81,0.0,1.96,0.96,0
0.0,0.0,1.0,0.0,0.0,0.0,0.93,1.0,0.0,0.0,0.01,0.0,11.31,0.0,4.72,0.0,6.66,1.0,5.73,2.86,7.75,1.93,1.0,0.73,0.0,126.62,0.74,0.0,1.93,0.93,0
19.06,2.55,1.13,1.07,18.03,0.0,51.0,1.81,0.4,2.01,0.01,0.0,85.02,13.42,1.27,0.0,6.71,1.13,0.84,0.0,1.21,0.13,0.87,0.11,0.0,35.03,0.05,0.0,2.0,2.34,0
0.0,0.0,1.0,0.0,0.0,0.0,9.16,1.0,0.0,1.26,0.43,0.42,2.58,0.0,3.0,0.0,8.84,1.0,6.24,4.84,3.66,2.84,1.0,0.0,0.0,0.0,0.0,0.0,2.0,0.0,0
0.06,0.0,1.0,0.0,0.0,0.0,2.44,1.11,0.12,0.14,0.01,0.01,13.8,0.86,4.96,0.02,7.52,1.01,6.08,2.97,8.22,1.98,1.0,0.78,0.0,135.3,0.8,0.0,1.99,1.0,0
0.0,1.12,1.0,0.28,0.56,0.0,4.12,1.0,1.68,1.12,0.17,0.0,3.68,17.87,3.72,0.56,2.79,1.0,4.19,1.4,2.34,1.56,1.0,0.96,0.0,3.91,0.28,0.0,1.0,0.28,0
0.0,0.0,1.0,0.0,0.0,0.0,4.51,1.0,0.0,0.0,0.62,0.0,10.52,0.0,4.6,0.0,6.19,1.0,5.26,2.6,7.14,1.73,1.0,0.68,0.0,117.66,0.69,0.0,1.87,0.87,0
1.26,0.0,1.0,0.34,0.23,0.0,30.9,1.11,0.11,0.8,7.53,0.0,7.32,9.65,0.34,1.77,2.3,0.23,1.34,0.89,0.64,0.11,1.0,0.06,0.0,0.0,0.0,0.0,1.34,0.23,0
0.0,0.0,1.0,0.22,0.0,0.78,3.13,1.0,0.78,0.0,0.13,0.78,2.57,21.67,3.57,0.0,3.13,1.0,9.55,7.2,3.87,2.57,1.0,0.47,0.0,3.13,0.78,0.0,1.0,0.0,0
0.07,0.3,2.85,0.07,1.07,0.15,25.48,1.07,0.0,0.3,0.91,0.93,0.44,4.07,1.15,0.0,12.19,1.07,11.42,11.19,5.79,5.7,2.85,1.91,1.85,4.58,0.07,0.0,1.0,0.93,0
0.93,0.0,1.46,1.46,0.93,0.0,56.81,2.0,0.0,6.22,0.43,0.93,30.87,84.27,1.46,0.0,6.69,1.0,9.24,0.46,3.57,1.0,0.46,0.44,0.0,0.0,0.54,0.0,3.46,3.0,0
0.81,0.0,0.81,23.95,0.0,0.81,11.38,1.0,0.0,0.0,0.33,0.0,0.81,81.28,0.81,0.0,0.0,0.81,0.0,0.0,0.81,0.81,0.81,0.0,0.0,1.63,0.81,0.0,3.44,0.0,0
0.0,0.0,1.0,0.0,0.0,0.0,0.88,1.0,0.0,0.0,0.01,0.0,10.75,0.0,4.5,0.0,6.38,1.0,5.45,2.75,5.89,1.88,1.0,0.69,0.0,94.55,0.88,0.0,1.0,0.0,0
0.0,0.0,1.0,0.0,0.0,0.0,13.63,1.0,0.0,0.53,0.31,0.0,19.04,13.25,0.53,0.0,0.53,0.53,0.4,0.0,1.06,0.53,1.0,0.0,0.0,0.0,0.0,0.0,1.47,0.47,0
0.0,0.0,1.0,0.0,0.0,0.07,5.36,0.97,0.0,1.93,0.07,0.13,3.87,24.17,1.93,3.87,2.9,0.97,3.75,1.97,2.32,1.0,1.0,0.03,0.0,11.67,1.0,0.0,1.0,0.03,0
0.0,0.0,3.38,0.0,0.62,0.0,17.74,1.0,0.0,7.49,0.41,0.69,2.62,30.59,2.38,0.0,7.13,1.31,4.2,3.44,5.34,1.69,0.69,1.19,0.0,6.24,0.31,0.0,1.69,0.0,0
0.0,2.76,1.0,1.13,12.5,0.0,1.5,2.13,0.0,1.38,0.01,0.0,21.63,11.78,1.13,1.13,1.13,1.0,0.37,0.0,0.63,0.0,0.87,0.02,0.0,0.0,0.0,0.0,1.87,0.87,0
0.0,0.0,1.0,2.51,1.51,4.03,114.24,1.0,0.97,1.51,1.87,0.0,13.77,85.86,2.94,2.0,8.49,1.0,1.74,0.49,2.27,1.0,1.0,0.42,0.0,38.0,1.0,0.0,1.51,3.06,0
0.03,0.0,1.0,0.0,0.0,0.0,33.8,1.0,0.0,1.07,1.47,0.0,3.03,33.59,3.0,0.0,9.9,1.0,4.39,1.07,4.96,3.93,1.0,0.0,0.0,0.0,0.0,0.0,1.0,0.97,0
2.23,0.0,1.0,0.0,21.09,0.26,39.71,1.0,0.0,0.0,0.22,1.51,0.0,0.0,1.0,0.0,9.26,1.0,5.24,3.29,8.83,2.74,1.0,0.96,0.0,100.44,0.63,0.0,2.74,5.49,0
0.0,0.0,1.26,0.0,0.0,0.53,16.8,1.0,0.0,1.79,0.24,0.0,3.11,18.17,2.74,0.0,5.42,1.0,2.64,1.74,3.03,2.47,1.0,0.36,0.0,1.47,0.74,0.0,1.53,0.79,0
0.0,0.0,1.0,0.51,0.0,0.0,19.46,1.0,0.0,2.05,0.51,0.0,4.58,39.43,1.0,0.0,1.54,1.0,1.41,1.02,1.06,1.0,1.0,0.15,0.0,0.0,0.0,0.0,2.54,0.51,0
0.66,0.0,1.66,0.66,0.66,0.0,5.39,4.29,0.0,1.98,0.22,0.0,4.32,43.48,2.34,1.32,3.39,1.66,3.47,2.02,2.22,1.34,1.0,0.37,0.0,0.0,0.66,0.0,1.34,0.0,0
0.09,0.0,1.0,0.91,0.0,0.0,34.65,1.0,0.0,3.91,0.91,0.0,7.65,74.62,1.18,0.0,3.35,1.0,3.04,2.09,1.36,1.09,1.0,0.27,0.0,0.0,0.0,0.0,3.74,0.91,0
0.0,0.0,1.0,0.0,0.0,1.02,67.58,0.49,0.0,0.0,0.29,2.05,0.49,0.0,1.46,0.0,0.98,0.49,3.93,2.46,3.19,1.49,1.0,0.48,0.0,3.95,1.0,0.0,1.0,0.51,0
0.0,0.0,1.0,0.0,0.0,0.0,29.38,1.0,0.0,0.92,0.57,0.0,6.51,65.19,2.84,0.0,3.75,1.0,2.05,1.0,3.49,1.0,1.0,0.61,0.0,0.0,0.0,0.0,2.84,1.84,0
0.0,0.0,1.0,0.0,0.0,0.0,11.92,1.0,0.0,2.49,1.57,0.83,1.83,0.0,2.49,0.34,8.47,0.83,6.39,5.15,4.73,3.49,1.0,0.0,0.0,0.0,0.0,0.0,1.83,0.0,0
0.62,0.0,1.62,0.62,0.62,0.0,15.22,4.09,0.0,2.62,0.57,0.38,3.85,40.79,2.38,1.24,4.44,1.62,4.22,2.91,3.44,2.53,1.0,0.35,0.0,0.0,0.62,0.0,1.38,0.0,0
0.27,0.11,1.01,0.07,0.36,0.0,31.8,1.03,0.0,1.04,0.66,0.0,8.4,12.57,2.01,0.0,7.17,1.01,5.26,1.99,1.9,1.0,0.99,0.01,0.0,0.6,1.0,0.0,1.01,0.08,0
61.64,8.25,1.43,3.47,19.1,0.0,181.94,4.17,1.87,6.51,0.35,0.0,218.45,43.41,3.0,0.0,22.84,1.43,2.99,0.0,4.01,0.43,0.57,0.69,0.0,113.3,0.74,0.0,1.43,5.34,1
0.0,0.0,1.0,0.0,0.0,0.0,7.17,1.0,0.0,1.53,0.22,0.0,5.06,31.64,1.0,0.0,1.0,1.27,8.15,0.27,1.53,1.0,1.0,0.0,0.0,0.0,0.0,0.0,1.0,0.0,0
2.91,0.0,1.0,0.0,26.23,0.06,40.49,1.0,0.03,0.06,0.17,1.0,0.28,1.99,1.06,0.0,9.2,1.0,4.15,2.0,8.32,2.94,1.0,0.66,0.0,64.52,0.51,0.0,2.94,5.83,1
0.0,0.39,1.0,0.0,0.0,0.0,19.47,1.0,0.0,0.61,0.38,0.0,4.65,43.21,1.83,5.48,3.22,0.61,3.26,2.57,2.65,1.0,1.0,0.41,0.0,0.0,0.0,0.0,2.22,1.22,0
1.44,1.0,1.0,0.0,5.77,0.0,0.72,1.0,0.0,0.0,0.01,0.0,3.89,0.0,3.61,3.9,10.66,0.72,4.72,2.11,4.05,1.72,1.0,0.34,0.0,103.87,0.72,0.0,1.0,0.0,1
2.6,0.0,1.0,0.0,23.38,0.0,39.12,1.0,0.0,0.27,0.31,0.87,0.8,7.77,1.0,0.0,7.79,1.0,3.67,1.73,7.35,2.6,1.0,0.6,0.0,57.16,0.43,0.0,2.87,5.2,1
0.0,0.0,1.0,0.0,0.0,0.0,14.73,1.0,0.0,0.0,3.68,0.0,1.0,0.0,0.57,0.87,0.0,0.57,0.43,0.43,0.57,0.57,1.0,0.0,0.0,0.0,0.0,0.0,1.0,0.0,0
3.82,0.0,2.04,2.87,4.82,0.0,13.58,1.0,0.0,0.0,0.5,2.91,0.0,41.55,1.0,0.0,6.79,1.0,8.6,7.22,4.2,3.61,2.04,1.68,1.04,0.0,0.0,0.0,1.0,0.52,0
1.11,0.0,1.56,1.11,2.89,0.44,37.11,1.56,0.0,1.67,0.43,2.44,2.23,36.79,1.56,0.0,6.66,1.0,4.88,3.66,7.6,1.44,1.0,1.32,0.0,88.52,0.44,0.0,3.11,3.44,0
0.0,0.0,1.27,0.0,0.0,0.73,41.36,1.0,0.0,0.73,0.9,0.0,6.45,30.54,3.0,0.0,11.55,1.73,3.59,0.27,4.06,1.27,1.0,0.67,0.0,0.0,0.0,0.0,3.18,1.73,0
0.0,0.0,2.0,0.0,0.0,1.97,60.51,1.0,0.0,3.93,0.7,0.0,8.9,68.64,2.03,0.0,14.93,1.0,4.41,1.0,3.12,1.0,1.0,1.37,0.0,0.0,0.0,0.0,3.0,2.97,0
1.8,0.0,1.0,0.0,16.19,0.4,39.8,1.0,0.8,0.8,0.5,0.6,1.6,24.82,1.4,5.2,7.0,1.0,6.77,1.2,6.7,2.2,1.0,0.66,0.0,39.58,0.3,0.0,3.4,4.8,0
0.0,0.0,1.0,0.0,0.0,0.0,37.07,1.0,0.0,0.0,0.95,0.0,7.33,0.0,2.1,0.9,7.42,2.81,2.42,0.38,1.66,1.1,1.0,0.0,0.0,0.58,0.1,0.0,2.81,2.71,0
0.0,0.0,1.0,0.0,0.0,0.74,10.61,1.0,0.74,0.0,0.29,0.74,11.73,0.0,2.94,0.0,2.94,0.74,3.68,1.47,3.58,2.21,1.0,0.44,0.0,2.94,0.74,0.0,1.26,0.26,0
1.12,0.0,0.37,1.25,10.08,0.0,15.31,1.0,0.0,0.0,0.06,0.37,0.0,0.0,0.37,0.0,3.36,0.37,1.54,0.75,3.11,1.12,0.37,0.24,0.0,24.64,0.19,0.0,1.75,2.24,1
7.64,0.0,1.0,0.0,6.02,0.0,71.14,6.44,5.89,6.8,0.04,0.45,93.8,42.14,1.0,0.91,28.55,1.45,3.29,0.0,3.6,0.55,1.0,0.11,0.0,27.19,0.37,0.0,1.0,2.09,1
5.64,0.0,2.12,0.0,2.82,9.4,1125.54,1.0,0.0,0.0,0.94,1.0,95.98,0.0,1.12,0.0,148.1,1.0,5.37,1.24,7.56,1.06,1.0,0.63,0.0,7776.3,0.73,0.94,2.94,0.0,0
0.0,0.0,1.0,0.0,0.0,0.52,17.05,1.0,0.52,0.0,0.6,0.52,4.93,0.0,3.03,0.0,4.48,1.0,2.72,1.03,2.55,1.55,1.0,0.31,0.0,2.07,1.0,0.0,1.0,0.0,0
0.0,0.0,1.95,0.0,0.0,1.9,49.39,1.0,0.0,3.8,0.69,0.0,10.45,65.54,1.9,0.05,11.4,0.95,3.8,0.95,2.27,1.0,1.0,0.78,0.0,0.0,0.0,0.0,2.9,2.85,0
0.0,0.87,1.0,0.0,0.0,0.0,6.99,1.0,0.0,5.24,0.38,0.0,3.62,79.53,1.0,0.0,2.75,1.0,0.78,0.13,1.22,1.0,0.13,0.0,0.0,0.0,0.0,0.0,1.0,0.0,0
1.0,0.53,1.0,0.47,0.47,0.0,31.26,2.47,0.0,4.87,0.65,0.0,8.47,81.89,2.4,0.0,8.66,2.0,2.63,0.0,2.94,1.0,0.53,0.15,0.0,6.39,0.53,0.0,1.0,1.4,0
4.43,0.0,1.0,1.21,0.81,0.0,2.82,1.4,1.0,2.82,0.01,0.0,23.74,33.82,1.81,0.0,8.05,1.4,1.91,0.0,3.12,1.0,1.0,0.7,0.0,0.0,0.0,0.0,2.21,0.81,0
0.0,0.0,1.59,0.0,0.0,1.19,32.94,1.0,0.0,2.38,0.45,0.0,17.52,41.02,2.0,0.0,11.59,1.0,3.86,0.59,2.78,0.59,1.0,0.49,0.0,0.0,0.0,0.0,2.59,1.78,0
2.54,0.0,1.0,1.9,2.85,0.0,23.91,1.0,0.0,1.37,0.96,2.27,1.37,27.58,2.37,0.0,6.83,1.0,6.33,4.73,4.46,3.73,1.0,0.42,0.0,0.0,0.0,0.0,1.68,0.0,0
5.96,0.0,1.0,0.0,0.0,0.0,155.82,12.91,12.9,14.89,0.08,0.99,205.46,92.3,1.0,1.99,62.54,1.99,5.58,0.01,5.5,0.01,1.0,0.25,0.0,59.55,0.81,0.0,1.0,0.99,1
0.6,2.41,3.4,7.23,0.6,0.0,6.59,7.63,0.0,0.0,0.18,0.7,10.74,30.14,2.7,2.71,18.04,1.3,5.07,3.49,5.84,1.7,1.0,1.16,0.0,28.33,0.3,0.0,1.7,0.0,1
0.0,0.0,1.0,0.0,8.36,0.0,14.09,1.0,0.0,0.81,0.56,0.4,13.35,0.0,1.81,0.0,4.03,1.0,2.82,2.42,2.56,2.01,1.0,0.0,0.0,0.0,0.0,0.0,2.0,0.6,0
0.0,0.0,1.0,2.14,0.0,0.86,45.27,1.0,0.0,1.71,1.06,0.57,14.42,42.83,1.71,0.43,8.71,0.57,6.08,3.43,3.43,2.29,1.0,0.0,0.0,0.0,0.43,0.0,2.0,0.43,0
0.0,0.0,1.87,0.0,0.0,0.0,32.07,1.0,0.0,0.0,0.75,0.0,5.4,0.0,2.6,0.13,11.67,0.87,4.16,0.87,4.45,1.73,1.0,1.11,0.0,0.0,0.0,0.0,1.0,0.87,0
0.15,0.0,1.85,0.15,0.15,1.69,48.13,1.31,0.0,4.46,0.71,0.0,9.0,73.8,2.31,0.0,11.07,1.15,3.77,0.85,2.33,1.0,0.85,0.69,0.0,0.0,0.0,0.0,2.69,3.0,0
0.0,0.0,1.0,0.0,0.0,0.76,8.78,1.0,0.38,0.76,0.06,0.38,4.44,26.72,1.76,0.0,6.11,1.0,2.06,0.76,3.6,1.0,1.0,0.38,0.0,5.34,0.38,0.0,1.0,0.0,0
0.0,0.0,1.0,0.0,0.0,0.0,26.68,1.0,0.0,0.0,0.89,0.0,4.05,0.0,2.37,0.0,6.16,1.68,1.94,0.68,1.98,1.0,1.0,0.0,0.0,0.0,0.0,0.0,2.37,0.68,0
0.27,0.27,1.0,0.0,0.0,0.0,10.3,1.27,0.0,1.55,0.25,0.0,2.91,18.05,2.45,0.0,4.46,1.27,2.21,1.45,3.14,2.45,1.0,0.07,0.0,4.74,1.0,0.0,1.0,0.0,0
0.0,0.0,1.0,0.0,0.0,0.0,7.01,1.0,0.0,1.0,0.2,0.0,2.4,2.4,2.8,0.0,3.0,1.0,2.65,2.0,2.77,2.6,1.0,0.0,0.0,1.6,1.0,0.0,1.0,0.0,0
0.0,0.0,1.0,0.0,11.22,0.0,0.0,1.0,0.0,0.0,0.0,0.0,17.03,0.0,1.0,0.0,0.0,1.0,0.0,0.0,0.66,0.2,1.0,0.0,0.0,0.0,0.0,0.0,1.8,0.8,0
0.3,0.0,1.0,2.11,1.7,3.52,131.19,1.0,0.3,1.41,2.24,0.0,17.07,68.94,1.89,1.41,8.59,1.0,1.66,0.3,1.66,1.3,1.0,0.08,0.0,2.81,0.7,0.0,1.7,4.11,0
1.44,2.89,1.0,0.96,0.48,0.52,35.3,6.29,0.0,8.21,0.52,0.0,21.43,60.28,2.52,3.85,7.15,2.0,3.02,0.0,3.08,0.52,1.0,0.59,0.0,0.0,0.0,0.0,2.56,1.04,0
0.0,0.32,1.0,0.0,0.0,0.68,44.93,1.0,0.0,4.63,0.54,0.0,10.84,77.32,1.68,12.99,13.94,3.05,6.78,0.0,2.64,1.0,0.68,0.6,0.0,0.0,0.0,0.0,2.37,2.05,0
0.0,0.0,1.0,0.0,0.0,0.0,36.0,1.0,0.0,0.0,2.0,0.0,2.0,0.0,3.0,0.0,8.0,1.0,6.0,6.0,3.5,2.0,1.0,0.0,0.0,0.0,0.0,0.0,2.0,0.0,0
0.0,0.0,1.0,0.33,0.16,0.49,12.66,1.0,0.33,0.16,0.21,0.0,25.76,11.89,2.49,0.33,10.67,1.0,3.59,0.16,3.43,0.16,1.0,0.12,0.0,12.05,0.16,0.0,1.84,0.16,0
0.0,0.0,1.36,0.0,0.73,0.0,32.54,1.64,0.64,8.71,0.63,0.0,4.0,35.56,2.27,0.0,2.36,1.36,0.8,0.0,2.52,0.36,0.64,0.55,0.0,7.26,1.0,0.0,1.0,0.64,0
0.97,0.0,1.0,28.18,0.0,0.97,13.63,1.0,0.0,0.0,0.4,0.0,1.31,97.16,1.11,0.0,0.2,1.0,0.17,0.09,1.16,1.03,1.0,0.02,0.0,5.01,1.0,0.0,3.91,0.0,0
0.21,0.0,1.0,0.0,1.87,0.0,14.01,1.0,0.0,0.0,2.8,0.07,0.93,0.0,0.07,68.87,1.55,0.07,21.69,21.54,0.58,0.21,1.0,0.05,0.0,4.58,0.03,0.0,1.14,0.42,0
1.59,6.35,1.79,19.04,1.59,0.0,0.79,18.45,0.0,0.0,0.0,0.0,24.8,79.34,2.21,7.14,31.77,1.79,4.25,1.03,3.12,1.41,1.0,0.29,0.0,74.58,1.0,0.0,1.0,0.0,0
0.0,0.0,1.0,0.53,0.0,0.0,16.37,1.0,0.0,0.94,0.65,0.47,1.47,53.24,2.47,0.0,4.68,1.0,17.12,16.65,3.1,2.87,1.0,0.0,0.0,0.0,0.0,0.0,1.47,0.0,0
0.0,0.0,1.0,0.0,0.0,0.0,17.34,1.0,0.0,0.0,0.6,0.0,4.36,0.0,2.44,0.0,4.56,1.0,2.36,2.2,1.48,1.32,1.0,0.0,0.0,0.0,1.0,0.0,1.0,0.0,0
1.41,0.7,1.0,0.0,5.63,0.0,0.7,1.0,0.0,0.3,0.01,0.0,4.7,7.41,3.81,0.0,10.15,1.0,3.47,0.7,4.12,1.7,1.0,0.33,0.0,101.31,0.7,0.0,1.0,0.0,1
0.0,0.0,1.0,0.44,0.0,0.0,17.39,1.0,0.0,1.77,0.45,0.0,10.23,34.11,3.23,0.0,5.23,1.0,4.61,2.56,5.09,1.56,1.0,0.57,0.0,75.76,0.45,0.0,2.89,1.0,0
1.94,0.0,1.0,0.0,17.45,0.0,37.46,1.0,0.0,0.0,2.85,0.65,0.35,0.0,0.65,0.71,6.17,0.65,3.01,1.65,5.74,2.29,1.0,0.42,0.0,42.65,0.32,0.0,2.29,3.88,0
0.0,0.0,1.0,0.31,0.0,0.0,33.16,1.0,0.0,1.93,0.76,0.0,8.0,32.07,1.69,0.0,5.76,1.0,4.48,2.0,1.64,1.0,1.0,0.09,0.0,0.0,0.69,0.0,1.93,0.31,0
128.77,17.23,1.91,7.25,39.9,0.0,345.05,6.44,2.72,13.6,0.07,0.0,454.38,90.68,2.91,0.0,46.37,1.91,5.99,0.0,5.14,0.91,0.09,0.76,0.0,236.68,0.36,0.0,2.0,9.97,1
0.72,1.44,1.0,0.48,0.24,0.0,7.24,3.64,0.0,4.6,0.08,0.0,9.64,19.21,2.76,1.92,2.24,1.24,2.18,1.52,2.85,2.28,1.0,0.18,0.0,1.52,0.76,0.0,1.0,0.0,0
1.78,7.14,1.89,21.42,1.78,0.0,4.23,20.63,0.0,0.11,0.07,0.0,28.52,90.53,2.0,8.03,35.56,1.89,4.19,0.22,3.01,1.0,1.0,0.33,0.0,83.88,1.0,0.0,1.0,0.0,0
0.42,0.0,2.75,0.0,0.83,0.42,12.75,1.42,0.0,0.0,0.24,0.58,4.92,0.0,2.58,0.0,12.75,1.0,4.04,2.92,5.6,2.0,1.0,1.02,0.0,13.34,0.38,0.0,1.58,0.42,0
0.27,2.2,1.0,1.0,0.27,2.94,55.62,2.27,0.0,3.33,1.15,0.0,8.27,45.69,1.8,0.0,2.33,2.0,2.22,0.73,2.08,1.0,0.73,0.37,0.0,5.87,0.73,0.0,1.0,0.8,0
0.33,14.85,1.0,6.07,1.35,1.95,16.23,7.07,0.0,7.42,0.14,0.33,18.85,63.44,1.67,6.07,11.93,1.33,2.87,0.0,3.65,0.33,0.33,0.97,0.0,73.16,0.33,0.0,1.0,0.0,0
0.57,0.0,1.0,0.0,0.0,3.41,25.86,1.0,0.0,0.0,2.08,0.57,2.71,0.0,1.43,0.0,10.67,1.57,1.56,0.0,5.12,0.57,1.0,1.52,0.0,128.0,0.57,0.0,1.0,0.0,0
0.0,0.0,1.0,0.0,0.0,0.54,33.88,1.0,0.0,2.16,0.35,0.0,8.47,38.26,2.46,10.24,11.16,2.62,6.31,0.0,2.46,1.0,1.0,0.47,0.0,4.15,0.46,0.0,2.08,1.62,0
0.0,0.0,1.0,0.73,0.0,0.0,34.98,1.0,0.0,3.45,1.06,0.0,7.45,71.79,1.0,0.0,2.18,1.0,2.22,1.45,1.09,0.73,1.0,0.28,0.0,0.0,0.0,0.0,3.45,0.73,0
0.0,0.0,1.0,0.0,0.0,0.0,0.0,1.0,0.0,0.0,0.0,0.0,7.99,0.0,0.0,1.0,3.0,0.0,2.62,0.0,0.88,0.0,1.0,0.0,0.0,0.0,0.0,0.0,1.0,0.0,1
110.23,14.75,1.78,6.21,34.15,0.0,302.8,5.66,2.33,11.87,0.39,0.0,387.24,85.01,3.0,0.0,41.05,1.78,5.8,0.22,5.25,1.67,0.22,0.65,0.0,202.6,0.3,0.0,1.78,8.76,1
2.87,0.0,1.48,0.0,1.43,4.78,589.14,1.0,0.0,0.52,0.79,0.48,52.43,37.05,2.04,0.0,77.17,1.0,3.68,1.0,5.57,1.0,1.0,0.62,0.0,3956.9,0.37,0.48,3.0,1.04,1
0.0,0.0,1.0,0.0,0.0,0.7,43.41,1.0,0.0,3.09,0.43,0.0,10.04,49.37,2.3,13.21,13.82,3.09,7.26,0.61,3.2,1.61,1.0,0.61,0.0,0.61,0.3,0.0,2.39,2.09,0
0.31,1.24,1.0,0.31,0.62,1.31,35.57,1.31,0.0,1.93,0.88,0.0,6.0,39.81,3.0,2.07,7.52,2.0,4.61,1.0,2.58,1.31,1.0,0.52,0.0,21.96,0.77,0.0,2.38,1.38,0
0.0,0.0,1.0,0.0,0.0,0.0,26.97,1.0,0.0,1.28,0.73,0.43,5.45,0.0,2.43,0.57,8.85,2.15,4.27,2.13,3.27,2.28,1.0,0.0,0.0,0.0,0.0,0.0,2.57,1.72,0
0.0,0.0,1.0,0.68,0.0,0.0,35.73,1.0,0.0,2.7,3.19,0.0,5.73,52.05,0.68,0.65,2.35,0.68,2.18,1.68,1.08,1.0,1.0,0.2,0.0,0.0,0.0,0.0,3.03,0.68,0
4.57,0.0,1.29,0.29,0.29,0.0,112.8,10.99,9.27,11.56,0.07,0.71,149.03,85.25,1.29,2.0,45.21,2.0,4.72,0.29,4.57,0.29,1.0,0.34,0.0,42.78,0.87,0.0,1.0,0.71,1
0.2,0.0,1.0,5.94,0.0,0.2,3.66,1.0,0.0,0.0,0.09,0.0,9.75,20.49,4.18,0.0,5.57,1.0,4.84,2.39,5.44,1.8,1.0,0.62,0.0,86.28,1.0,0.0,1.61,0.0,0
1.0,1.17,1.0,0.29,2.0,1.29,18.29,2.0,0.0,1.17,0.25,0.0,8.12,16.13,2.29,0.0,13.31,1.29,2.62,0.29,3.49,2.0,1.0,0.5,0.0,40.8,0.93,0.0,1.0,0.71,1
0.7,3.05,1.0,0.0,0.0,0.0,0.0,1.0,0.0,2.09,0.0,0.0,5.83,34.76,2.09,0.61,6.39,0.7,4.45,2.09,2.61,1.39,1.0,0.05,0.0,0.0,0.0,0.0,1.3,0.0,0
0.87,0.0,1.0,1.74,0.0,0.0,5.31,1.0,0.0,0.0,0.14,0.0,4.52,65.28,2.87,0.13,1.04,1.26,0.94,0.0,1.3,1.0,1.0,0.0,0.0,0.0,0.87,0.0,1.26,0.39,0
0.49,0.49,1.0,0.0,0.0,2.98,133.45,1.0,0.0,4.95,1.27,0.0,17.87,58.31,1.51,0.51,6.02,2.0,5.39,0.51,2.28,0.51,1.0,0.05,0.0,0.0,0.49,0.0,3.51,1.99,0
4.33,0.0,1.0,1.17,4.58,0.0,0.0,1.0,0.0,0.0,0.0,0.0,2.33,43.75,2.17,0.0,0.0,1.0,1.01,0.0,1.56,1.0,1.0,0.0,0.0,0.0,0.58,0.0,1.0,1.25,0
0.12,0.12,1.0,0.88,0.0,0.61,60.82,1.0,0.0,4.61,1.07,0.0,10.55,76.76,1.0,0.0,3.12,1.12,3.14,1.76,1.28,0.88,1.0,0.28,0.0,0.0,0.12,0.0,3.88,1.24,0
0.0,0.0,1.0,0.0,0.0,0.0,9.01,1.0,0.0,0.11,0.48,0.0,2.78,0.0,3.0,0.0,7.34,1.0,4.97,3.78,2.41,2.11,1.0,0.0,0.0,0.22,0.11,0.0,1.89,0.0,0
0.69,0.0,1.0,0.0,0.69,3.43,43.2,3.74,0.0,0.0,0.92,0.0,8.69,0.0,0.69,0.31,5.06,1.37,1.72,0.0,2.4,0.69,1.0,0.0,0.0,0.0,0.0,0.0,2.37,1.37,0
0.0,0.0,1.0,0.0,0.0,0.0,13.49,1.0,0.64,1.71,0.61,0.0,4.14,50.0,2.29,1.29,0.36,1.36,11.82,1.0,1.87,1.0,1.0,0.0,0.0,0.0,0.0,0.0,1.0,0.0,0
1.24,0.0,1.62,1.24,1.24,0.38,47.13,1.62,0.0,3.38,0.51,1.24,7.8,67.9,2.0,7.23,9.7,2.14,4.88,0.62,4.66,1.0,1.0,0.88,0.0,0.0,0.0,0.0,3.62,3.0,0
0.0,0.0,1.0,0.0,0.0,0.66,39.03,1.0,1.31,2.0,0.9,0.0,5.72,63.38,2.0,8.52,7.1,1.69,7.77,0.0,3.78,1.0,1.0,0.56,0.0,0.0,0.0,0.0,3.66,3.0,0
0.0,0.0,0.08,1.85,0.0,0.0,2.73,1.0,0.0,0.0,0.15,0.0,0.15,0.0,0.23,0.0,0.61,0.08,0.46,0.46,0.27,0.15,0.08,0.0,0.0,0.0,0.0,0.0,1.08,0.0,0
7.64,0.0,1.0,5.73,8.59,0.0,0.0,1.0,0.0,0.05,0.0,4.77,0.27,83.04,1.0,0.0,0.05,1.05,4.72,1.95,2.28,1.05,1.0,1.27,0.0,0.0,0.0,0.0,1.05,0.0,0
0.0,0.0,1.6,0.0,0.3,0.0,26.7,1.0,0.0,0.0,3.44,0.3,0.7,0.0,1.7,0.0,4.59,1.0,3.59,3.59,1.8,1.8,1.6,0.6,0.6,0.0,0.0,0.0,1.0,0.3,0
0.66,2.65,1.33,7.94,0.66,0.0,18.4,8.28,0.0,0.0,3.01,0.0,10.93,33.09,2.0,2.98,13.57,1.33,1.34,0.0,1.04,0.33,1.0,0.12,0.0,31.11,0.33,0.0,1.0,0.0,0
0.0,0.0,1.0,0.6,1.2,0.0,17.04,1.6,0.6,0.6,0.29,0.0,14.95,34.92,3.2,0.0,9.19,1.6,3.18,0.6,3.95,0.6,1.0,0.24,0.0,0.0,0.0,0.0,1.4,0.6,0
0.0,0.0,1.0,1.0,1.0,0.0,0.05,1.0,0.0,0.0,0.0,10.98,0.01,0.1,1.0,0.0,2.99,1.0,3.0,2.99,19.97,19.97,259.56,3.0,2.99,2.0,1.0,0.0,2.0,0.0,0
2.7,7.2,1.9,21.59,2.91,0.0,0.9,20.79,0.0,0.0,0.0,0.0,27.88,89.94,1.9,8.09,35.08,1.9,3.79,0.0,3.04,1.0,1.0,0.33,0.0,84.55,0.9,0.0,1.0,0.3,0
6.26,0.0,1.0,1.22,16.82,0.0,27.16,1.41,0.41,2.85,0.11,0.59,22.79,34.19,1.81,0.0,13.48,1.41,4.07,1.19,7.19,2.19,1.0,0.62,0.0,39.14,0.3,0.0,3.41,4.37,1
0.29,0.0,1.0,0.0,0.29,1.44,37.4,2.16,0.0,1.42,1.26,0.0,6.87,41.24,1.0,0.0,1.73,1.29,0.97,0.0,1.61,0.29,1.0,0.16,0.0,0.0,0.0,0.0,2.29,0.58,0
0.92,0.0,1.0,0.0,0.92,0.0,31.84,1.08,1.0,0.0,1.38,0.0,3.08,0.0,3.92,0.0,9.35,1.0,4.4,0.92,2.77,1.84,1.0,0.05,0.0,0.0,0.08,0.0,1.0,1.92,0
0.0,4.98,1.77,2.04,2.0,0.0,31.34,3.04,0.0,21.06,0.59,0.0,8.98,97.09,1.23,2.04,4.36,1.77,1.69,0.0,1.53,0.77,0.0,0.42,0.0,15.47,0.77,0.0,1.0,0.0,0
0.0,0.0,1.18,0.82,0.82,0.35,9.12,1.0,0.0,0.7,0.13,9.07,1.58,12.11,1.18,0.0,4.58,1.0,3.18,2.65,16.9,16.67,214.56,2.62,2.47,1.65,0.82,0.0,2.18,0.53,0
0.0,0.0,1.0,0.92,0.0,0.0,67.03,1.92,0.0,8.26,0.36,0.0,49.74,91.82,1.0,0.0,8.26,1.0,14.24,0.0,1.87,1.0,0.08,0.05,0.0,0.0,0.92,0.0,2.84,2.75,1
2.35,0.0,1.39,0.61,1.17,3.92,491.85,1.0,0.0,2.43,0.99,0.39,44.81,46.85,1.0,0.0,63.3,1.0,3.77,1.61,3.66,1.0,1.0,0.41,0.0,3240.01,0.31,0.39,3.61,0.61,1
0.37,0.0,1.37,0.0,0.0,1.25,17.41,1.0,0.63,1.25,0.2,0.63,7.76,43.92,3.37,0.0,13.02,1.0,5.06,2.37,5.92,1.37,1.0,1.0,0.0,8.78,0.63,0.0,1.0,0.0,0
7.32,0.0,1.53,30.99,16.86,0.0,24.24,1.53,0.53,2.64,0.05,0.0,2.95,87.12,2.47,0.0,10.01,1.0,5.07,1.05,3.74,1.0,1.0,0.36,0.0,991.85,1.0,0.0,1.0,0.0,0
0.0,0.0,1.0,0.0,0.0,0.0,4.29,1.0,0.0,1.61,0.16,0.54,1.54,0.0,3.0,0.0,6.29,1.0,5.88,5.07,3.88,3.07,1.0,0.0,0.0,2.78,0.46,0.0,1.54,0.0,0
0.44,0.0,1.56,0.88,0.0,0.56,25.84,1.0,0.0,1.12,0.46,0.0,5.12,65.45,3.0,0.0,7.3,1.0,2.2,0.56,2.42,1.0,1.0,0.84,0.0,0.0,0.44,0.0,2.12,1.12,0
0.0,0.0,1.51,0.0,0.0,1.02,51.17,1.0,0.0,3.02,0.71,0.0,9.0,67.52,2.0,0.0,14.02,1.98,3.3,0.51,3.0,1.0,1.0,0.87,0.0,0.0,0.0,0.0,3.0,3.0,0
0.0,0.0,1.0,0.0,0.0,0.3,31.86,1.0,0.0,0.3,3.41,0.0,2.82,12.77,2.3,0.0,4.04,1.3,1.0,0.0,1.13,0.3,1.0,0.14,0.0,0.0,0.0,0.0,1.91,0.61,0
0.0,0.0,1.0,0.0,0.0,0.76,46.86,1.0,0.0,3.02,0.44,0.0,10.82,53.66,2.24,14.36,15.34,3.27,8.45,1.22,3.22,1.49,1.0,0.66,0.0,0.0,0.24,0.0,2.51,2.27,0
0.0,0.0,1.16,0.0,0.0,0.32,8.38,1.0,0.84,0.64,0.12,0.0,3.13,11.11,1.16,0.0,1.93,1.0,1.06,0.16,1.63,1.0,1.0,0.8,0.0,0.0,0.0,0.0,1.32,0.48,0
0.0,20.13,1.09,8.23,1.83,0.0,14.13,9.23,0.0,10.06,0.16,0.0,24.21,86.0,2.09,8.23,9.34,1.0,3.05,0.09,1.41,0.17,0.09,0.25,0.0,0.0,0.0,0.0,1.0,0.09,0
0.0,0.0,1.0,0.99,0.0,0.0,0.18,1.01,0.01,0.0,0.0,0.0,1.02,99.4,2.01,0.0,0.01,1.0,25.85,25.84,1.01,0.99,1.0,0.0,0.0,0.0,0.01,0.0,1.0,0.01,0
0.0,0.0,1.0,0.0,0.0,0.0,0.0,1.0,0.0,0.0,0.0,0.0,1.58,0.0,1.85,0.0,1.69,1.0,2.41,2.12,2.14,1.85,1.0,0.0,0.0,0.0,0.42,0.0,1.0,0.0,0
0.52,0.52,1.0,0.48,0.0,0.0,36.43,1.52,0.0,3.48,0.84,0.0,8.0,71.25,1.0,0.0,7.18,1.52,2.75,0.95,2.37,1.0,1.0,0.29,0.0,6.27,0.52,0.0,2.43,0.48,0
0.0,0.0,1.56,0.0,0.0,1.12,40.94,1.0,0.0,3.12,0.95,0.0,7.67,64.13,1.56,0.0,6.69,1.0,2.6,0.56,1.74,0.56,1.0,0.55,0.0,0.0,0.0,0.0,2.56,1.67,0
0.0,0.0,3.27,0.0,0.0,0.0,7.53,1.0,0.0,0.0,0.25,0.76,2.0,0.0,3.24,0.0,6.8,1.0,4.28,3.78,5.66,1.76,1.0,1.32,0.0,0.0,0.0,0.0,1.76,0.0,0
3.99,0.0,1.0,0.0,4.87,0.0,0.0,1.0,0.0,0.56,0.0,0.0,3.34,0.0,1.0,0.0,0.56,1.56,1.25,0.56,2.84,1.56,1.0,0.0,0.0,0.0,0.0,0.0,1.56,1.33,0
0.94,0.0,1.0,0.94,0.94,0.06,27.98,2.88,0.0,6.63,0.62,0.0,8.82,95.92,3.94,0.18,6.24,2.0,2.64,0.06,2.3,1.0,0.06,0.02,0.0,0.24,0.04,0.0,1.12,2.94,0
87.31,11.68,1.61,5.3,27.82,0.0,243.27,5.07,2.23,9.61,0.22,0.0,308.12,83.82,3.39,0.0,33.82,2.0,4.93,0.39,4.92,1.0,0.39,0.67,0.0,160.47,0.24,0.0,1.61,7.15,1
0.0,0.0,1.0,0.0,0.0,0.0,20.55,1.0,0.0,1.0,0.44,0.0,6.65,16.38,1.66,0.0,4.98,1.0,3.73,1.33,1.75,1.0,1.0,0.0,0.0,0.0,0.66,0.0,1.0,0.0,0
0.63,0.0,1.0,0.47,0.71,0.0,0.0,1.0,0.0,0.0,0.0,0.39,1.84,6.83,1.0,0.0,1.84,1.0,1.31,1.08,1.1,1.0,1.0,0.1,0.0,0.0,0.0,0.0,1.0,0.0,0
53.82,7.2,1.38,3.65,16.68,0.0,144.03,3.27,1.14,5.69,0.03,0.0,189.38,100.0,2.38,0.0,18.95,1.38,18.51,16.15,2.64,1.0,0.62,0.32,0.0,98.93,0.15,0.0,1.38,4.17,1
0.0,0.0,1.0,0.0,0.0,0.71,30.94,1.0,0.0,0.71,0.81,0.0,7.72,23.52,3.57,2.14,9.14,1.71,5.19,1.57,4.03,1.29,1.0,0.49,0.0,41.9,0.7,0.0,2.71,1.71,0
10.96,0.0,1.0,3.0,1.99,0.0,6.97,2.0,1.0,6.97,0.02,0.0,55.77,83.66,2.99,0.0,19.92,1.99,3.98,0.0,5.51,1.0,1.0,0.56,0.0,0.0,0.0,0.0,3.99,1.99,1
10.83,0.0,2.0,47.48,26.99,0.0,44.5,1.83,0.83,8.17,0.2,0.0,2.33,98.0,1.83,0.0,16.33,1.17,7.67,1.67,5.25,1.0,0.83,0.65,0.0,1571.03,1.0,0.0,1.0,0.0,0
0.0,0.0,1.0,0.0,0.0,1.52,17.52,1.0,0.76,1.52,0.12,0.76,9.52,53.31,2.28,0.24,12.9,0.76,4.74,1.52,6.15,0.76,1.0,0.76,0.0,10.66,0.76,0.0,1.0,0.0,0
0.0,3.87,1.0,0.97,1.93,0.0,7.03,1.0,5.8,3.97,0.06,0.03,7.8,61.88,3.0,1.93,10.0,1.0,13.49,5.03,4.53,3.03,1.0,1.45,0.0,13.54,0.97,0.0,1.03,0.97,1
0.0,0.0,1.0,0.0,0.0,0.0,21.15,1.0,0.0,2.57,0.64,0.0,7.13,44.58,1.0,0.0,1.0,1.78,22.59,0.78,1.6,1.0,1.0,0.0,0.0,0.0,0.0,0.0,1.0,0.0,0
74.39,9.34,1.49,3.93,27.22,0.0,186.83,3.95,1.47,7.37,0.03,0.0,244.84,49.17,1.98,0.0,24.58,1.49,3.75,0.0,3.63,1.0,0.51,0.41,0.0,128.32,0.19,0.0,1.49,6.93,1
0.0,0.0,1.43,0.0,0.0,0.87,37.87,1.0,0.0,3.43,0.78,0.0,8.43,58.26,1.43,0.0,5.78,1.57,17.92,1.0,1.93,1.0,1.0,0.36,0.0,0.0,0.0,0.0,1.87,1.3,0
98.08,13.12,1.69,5.53,30.39,0.0,264.32,5.14,2.38,10.67,0.2,0.0,344.58,84.53,3.0,0.62,34.53,1.69,5.07,0.31,4.29,1.0,0.31,0.58,0.0,180.27,0.27,0.0,1.69,7.6,1
0.0,0.0,1.0,0.0,0.0,0.51,31.63,1.0,0.0,2.04,0.3,0.0,7.63,36.22,1.51,9.69,10.18,2.53,5.37,0.49,2.17,1.0,1.0,0.45,0.0,0.0,0.0,0.0,2.02,1.53,0
0.81,0.81,1.0,0.37,0.19,0.56,38.17,1.81,0.37,2.63,0.78,0.0,7.26,67.3,1.74,0.37,10.63,1.81,2.83,0.19,3.48,1.0,1.0,0.36,0.0,23.55,1.0,0.0,1.0,0.19,0
2.09,0.0,1.35,0.0,1.04,3.48,416.06,1.0,0.0,0.0,0.34,0.35,36.11,0.0,1.0,0.0,55.22,1.0,2.52,1.0,3.29,1.0,1.0,0.2,0.0,2875.92,0.27,0.35,1.7,0.0,0
0.0,0.0,2.54,0.0,0.77,0.46,50.62,0.77,0.0,0.0,0.87,1.7,0.0,0.0,0.77,0.0,9.98,0.77,10.11,9.44,5.61,4.84,2.54,1.75,1.54,0.46,0.23,0.0,1.0,1.0,0
0.0,0.0,1.0,0.0,0.0,0.0,0.58,1.0,0.0,1.17,0.03,0.0,2.75,14.58,2.83,2.33,3.0,1.0,6.77,5.75,2.15,1.42,1.0,0.0,0.0,7.0,1.0,0.0,1.0,0.0,0
0.0,0.0,1.0,0.0,0.0,0.0,23.91,1.0,0.0,1.0,1.04,0.0,3.95,22.54,2.37,0.0,7.15,1.32,3.33,1.0,4.52,3.37,1.0,0.0,0.0,0.0,0.0,0.0,1.32,0.68,0
0.0,0.0,1.36,0.0,0.0,0.73,38.66,1.0,0.0,1.46,5.19,0.0,3.92,25.15,0.73,1.27,5.01,0.36,2.09,1.0,1.49,1.0,1.0,0.3,0.0,0.0,0.0,0.0,1.73,1.09,0
2.78,0.0,1.64,0.0,0.0,0.0,60.97,5.27,4.62,5.33,0.2,0.36,76.16,33.06,2.93,0.71,27.55,1.36,4.9,1.93,3.74,1.29,1.0,0.73,0.0,21.33,0.29,0.0,1.0,0.36,0
0.65,1.04,1.0,0.35,0.65,4.65,64.04,3.96,0.0,0.7,1.34,0.0,8.65,9.04,1.0,0.0,4.26,2.0,1.59,0.35,2.72,1.0,1.0,0.17,0.0,2.78,0.35,0.0,2.3,1.3,0
0.0,0.0,1.34,0.0,0.0,0.0,12.5,1.0,0.0,0.0,0.29,0.0,2.35,0.0,1.68,0.0,5.05,1.0,2.15,1.0,2.35,1.34,1.0,0.43,0.0,0.0,0.0,0.0,1.0,0.34,0
0.0,0.0,0.63,0.74,0.0,0.0,22.65,1.0,0.0,0.0,1.26,0.0,1.26,0.0,1.89,0.0,5.03,0.63,3.77,3.77,2.2,1.26,0.63,0.0,0.0,0.0,0.0,0.0,1.63,0.0,0
0.0,0.0,1.64,0.0,0.0,0.0,35.19,1.0,0.0,0.36,0.77,0.0,5.72,25.69,3.0,0.0,9.74,1.0,3.58,1.0,4.53,1.64,1.0,1.06,0.0,0.0,0.0,0.0,1.72,1.36,0
0.0,0.0,1.0,0.0,0.0,0.0,31.97,1.0,0.0,1.01,0.62,0.0,7.01,70.86,2.99,0.0,3.98,1.01,2.31,1.0,3.7,1.0,1.0,0.66,0.0,0.0,0.0,0.0,2.99,1.99,0
17.72,2.37,1.12,1.0,5.49,0.0,48.3,1.75,0.37,1.87,0.02,0.0,72.66,12.48,4.75,0.0,12.37,1.12,6.1,2.63,6.43,1.88,0.88,0.79,0.0,127.1,0.92,0.0,1.12,1.37,1
0.0,0.0,1.0,0.0,0.0,0.0,2.22,1.0,0.0,0.83,0.08,0.28,1.28,0.0,3.0,0.0,5.67,1.0,5.7,5.28,3.7,3.28,1.0,0.0,0.0,0.0,0.72,0.0,1.28,0.0,0
0.0,0.0,1.0,0.0,0.0,1.32,87.37,0.34,0.0,0.0,0.37,2.64,4.09,0.0,1.7,0.0,2.39,0.34,4.62,1.68,5.1,1.34,1.0,0.89,0.0,38.12,1.0,0.0,1.0,0.66,0
1.61,0.0,1.0,2.01,1.81,0.0,30.35,1.0,0.0,3.2,0.8,1.01,6.39,79.01,1.0,0.0,2.4,1.0,3.18,2.0,1.35,1.0,1.0,0.51,0.0,0.0,0.0,0.0,3.4,0.8,0
0.73,0.73,1.0,0.0,0.0,3.67,174.26,1.0,0.0,6.61,1.42,0.0,23.16,55.1,1.27,0.0,4.27,1.73,4.43,0.0,1.85,0.0,1.0,0.07,0.0,0.0,1.0,0.0,2.47,2.2,1
0.0,0.0,1.0,0.0,0.0,0.0,6.3,1.0,0.0,0.18,0.09,0.0,28.7,2.94,1.94,0.0,10.41,1.06,5.14,0.06,3.33,0.06,1.0,0.0,0.0,0.0,0.0,0.0,1.94,0.0,0
1.14,0.57,1.0,0.0,4.54,0.43,27.36,1.0,0.0,1.73,0.26,0.0,8.89,30.68,3.7,8.21,16.16,2.3,6.76,0.57,4.39,1.57,1.0,0.64,0.0,81.77,0.57,0.0,1.86,1.3,1
0.0,1.24,1.69,0.31,0.62,0.0,27.73,1.0,1.85,1.24,0.61,0.0,5.93,19.77,3.0,0.62,12.07,1.0,7.27,2.24,4.85,2.31,1.0,1.35,0.0,4.32,0.31,0.0,1.0,1.0,0
0.0,0.0,1.0,1.46,0.73,2.19,46.59,1.0,1.46,1.0,0.98,0.0,4.81,72.46,4.46,1.46,7.65,1.0,2.91,1.0,3.49,1.0,1.0,0.73,0.0,53.97,0.73,0.0,1.54,1.27,0
31.33,4.19,1.22,1.76,9.71,0.78,86.95,2.32,1.44,3.31,0.14,0.78,112.2,22.06,3.78,0.0,14.15,1.22,5.27,1.56,4.81,2.56,0.78,0.65,0.0,60.7,0.87,0.0,1.22,2.43,1
0.0,2.67,1.0,0.89,0.0,3.57,58.83,1.89,0.0,1.78,1.2,0.0,7.35,23.18,1.0,0.0,0.89,1.89,1.95,0.89,1.95,1.0,1.0,0.45,0.0,7.13,0.89,0.0,1.0,0.0,0
2.76,0.0,1.46,0.0,1.38,4.6,550.46,1.0,0.0,0.0,0.45,0.46,67.43,0.0,0.46,0.54,72.2,0.46,2.47,0.46,4.04,1.0,1.0,0.26,0.0,3804.92,0.36,0.46,1.92,0.0,0
0.0,0.0,1.0,0.0,0.0,0.0,27.16,1.0,0.0,0.0,0.94,0.0,6.26,0.0,2.25,0.0,4.75,1.0,1.61,1.36,0.5,0.25,1.0,0.0,0.0,0.0,1.0,0.0,1.0,0.0,0
0.4,0.0,1.0,0.4,0.4,0.0,35.44,1.79,0.0,3.98,0.67,0.0,9.0,79.49,2.79,0.0,10.22,2.6,2.27,0.0,2.66,1.0,0.6,0.22,0.0,0.0,0.0,0.0,2.21,3.0,0
0.55,0.0,1.0,15.96,0.0,0.55,22.99,1.0,0.0,0.0,4.05,0.0,1.0,55.05,0.55,0.9,0.0,0.55,0.45,0.45,0.55,0.55,1.0,0.0,0.0,1.1,0.55,0.0,2.65,0.0,0
0.24,0.24,1.0,0.0,0.0,0.0,8.3,1.24,0.0,0.71,0.17,0.0,8.0,15.65,0.24,0.76,4.9,0.47,2.65,0.0,1.5,0.24,1.0,0.06,0.0,2.85,0.24,0.0,1.0,0.0,0
0.68,0.0,1.11,0.89,0.34,1.14,170.03,1.0,0.0,3.54,1.0,0.11,18.71,68.23,1.0,0.0,20.54,1.0,3.05,1.89,1.86,1.0,1.0,0.33,0.0,942.54,0.09,0.11,3.89,0.89,0
1.62,0.0,1.0,0.0,0.0,0.0,42.52,4.25,3.52,4.06,0.02,0.27,57.52,25.19,1.0,0.54,18.52,1.27,2.25,0.73,2.23,0.73,1.0,0.07,0.0,16.25,0.22,0.0,1.0,0.27,0
0.0,0.27,1.0,0.07,0.14,0.0,32.17,1.0,0.41,0.27,7.93,0.0,1.47,4.33,0.2,2.0,0.68,0.07,1.86,1.27,0.3,0.2,1.0,0.1,0.0,0.95,0.07,0.0,1.0,0.07,0
0.0,0.0,2.18,0.0,0.59,0.82,24.77,1.0,0.41,0.82,0.63,1.0,4.09,28.61,1.82,0.0,14.23,1.0,9.3,7.91,6.74,3.96,2.18,1.59,1.18,5.72,0.41,0.0,1.0,0.59,0
0.0,0.0,2.33,0.34,1.0,0.0,17.26,1.0,0.0,0.0,0.64,4.36,0.0,0.0,1.0,0.0,9.64,1.0,8.98,8.98,10.7,10.7,89.35,2.34,2.34,0.67,0.34,0.0,1.34,0.66,0
0.0,0.0,1.0,0.0,0.0,0.0,30.79,1.0,0.0,0.0,6.99,0.0,4.75,0.0,0.0,1.79,0.89,0.0,0.89,0.89,0.95,0.89,1.0,0.0,0.0,0.0,0.0,0.0,1.11,0.11,0
0.0,0.0,1.0,0.0,0.0,0.0,11.05,1.0,0.0,0.35,0.21,0.0,3.07,24.52,3.65,0.0,3.35,1.0,7.94,7.55,2.59,1.65,1.0,0.23,0.0,0.0,0.65,0.0,1.69,0.69,0
10.97,0.0,1.84,48.1,27.0,0.0,38.97,1.84,0.84,4.22,0.08,0.0,3.56,82.7,2.47,0.0,17.13,1.0,8.49,2.16,6.07,1.16,1.0,0.7,0.0,1605.02,1.0,0.0,1.0,0.0,0
0.0,0.0,1.69,0.0,5.68,0.0,25.66,1.0,0.0,16.64,0.51,0.0,9.21,67.95,1.0,0.0,2.08,1.69,0.92,0.0,1.33,0.69,0.31,0.35,0.0,13.87,0.69,0.0,1.31,0.31,0
0.05,0.0,1.0,0.11,0.0,1.89,21.77,1.0,0.95,1.89,0.15,0.95,9.68,70.27,3.0,0.0,15.15,1.0,5.15,1.89,7.45,1.0,1.0,0.95,0.0,13.25,1.0,0.0,1.0,0.0,0
0.0,0.0,1.0,0.43,0.0,0.0,33.44,1.57,0.57,1.72,0.75,0.0,5.72,33.08,2.14,0.0,2.43,1.0,1.47,0.86,2.19,0.43,1.0,0.45,0.0,0.0,0.57,0.0,2.29,1.0,0
0.0,0.0,1.0,0.25,0.0,0.0,13.94,1.0,0.75,1.74,0.62,0.0,3.49,56.7,2.5,1.5,0.74,1.0,2.56,1.25,1.78,1.0,1.0,0.07,0.0,0.0,0.0,0.0,1.74,0.25,0
7.06,9.14,2.0,22.36,8.83,0.0,20.47,20.72,0.0,0.89,0.01,0.0,35.93,100.0,2.13,7.86,38.24,2.13,4.33,0.0,3.49,1.0,0.87,0.45,0.0,93.87,0.93,0.0,1.13,1.52,1
0.9,0.0,1.0,1.4,8.76,2.1,48.72,1.0,1.4,0.7,0.83,0.3,2.81,51.21,3.81,1.4,9.0,1.0,3.47,1.3,4.87,1.6,1.0,0.72,0.0,71.61,0.85,0.0,1.6,2.49,0
1.0,0.0,1.0,0.0,0.26,5.35,24.09,1.13,0.0,0.0,0.24,0.87,4.65,0.0,1.13,0.0,18.0,1.87,2.65,0.0,8.3,1.13,1.0,2.37,0.0,199.89,0.99,0.0,1.0,0.13,0
0.5,0.0,1.0,0.0,0.5,2.49,48.46,2.99,0.0,0.0,4.93,0.0,4.99,0.0,0.5,1.0,2.99,1.0,1.15,0.5,1.55,0.5,1.0,0.0,0.0,0.0,0.0,0.0,2.0,1.0,0
1.0,0.0,1.0,2.0,0.0,0.0,0.0,1.0,0.0,0.0,0.0,0.0,4.0,75.0,3.0,0.0,0.0,1.0,0.75,0.0,1.25,1.0,1.0,0.0,0.0,0.0,1.0,0.0,1.0,0.0,0
0.0,0.0,1.0,0.0,0.0,0.94,40.45,1.0,0.0,0.94,0.94,0.0,6.64,39.51,2.06,0.94,7.76,1.94,4.87,1.24,2.19,1.12,1.0,0.0,0.0,0.0,0.06,0.0,3.82,0.94,0
1.0,2.94,1.0,8.45,1.47,1.73,17.67,1.73,0.0,2.94,0.34,0.0,4.67,66.97,2.47,0.0,1.47,1.73,3.03,0.73,2.56,1.73,1.0,0.61,0.0,46.04,1.0,0.0,1.8,0.0,0
0.0,0.0,1.0,0.0,0.0,0.81,32.29,1.0,0.0,0.57,1.24,0.19,3.62,0.0,3.0,0.0,9.19,1.0,3.45,1.95,3.27,1.57,1.0,0.0,0.0,0.0,0.0,0.0,2.81,1.62,0
0.59,0.0,1.0,0.0,1.17,0.59,10.56,1.59,0.0,0.0,0.13,0.0,5.69,0.0,1.59,0.0,10.97,1.0,1.59,0.41,2.55,1.59,1.0,0.21,0.0,18.78,0.53,0.0,1.0,0.59,0
0.0,0.0,3.26,0.0,0.0,0.0,15.17,1.0,0.0,0.0,2.29,0.75,1.75,0.0,2.26,0.49,6.78,0.75,4.39,4.01,5.27,1.51,1.0,1.13,0.0,0.0,0.0,0.0,1.75,0.0,0
0.0,0.0,1.0,0.0,0.0,0.0,23.1,1.0,0.0,0.0,3.84,0.0,1.15,0.0,2.15,0.0,1.15,1.0,0.37,0.0,0.22,0.15,1.0,0.0,0.0,1.35,0.15,0.0,1.0,0.0,0
10.26,0.0,1.0,2.8,1.87,0.07,9.43,1.93,0.93,6.6,0.09,0.0,52.63,80.56,3.0,0.2,19.33,2.0,4.06,0.07,5.32,1.0,1.0,0.55,0.0,0.27,0.04,0.0,3.93,2.0,1
0.0,0.0,1.16,0.95,0.0,0.0,0.49,1.0,0.0,0.0,0.01,0.05,1.05,94.55,2.05,0.0,0.49,1.0,24.88,24.86,1.33,1.05,1.0,0.08,0.0,0.0,0.0,0.0,1.05,0.0,0
1.82,0.0,1.3,0.0,0.91,3.04,363.81,1.0,0.0,0.0,0.3,0.3,31.7,0.0,2.39,0.0,49.11,1.0,4.41,3.09,3.7,1.7,1.0,0.17,0.0,2518.91,0.93,0.3,1.61,0.0,0
25.66,3.43,1.18,1.45,7.95,0.82,99.81,2.08,2.18,4.35,0.83,0.0,93.28,68.87,2.18,10.65,12.31,1.18,9.93,0.0,4.44,1.0,0.82,0.7,0.0,47.17,0.07,0.0,3.64,4.45,0
0.84,0.0,1.0,0.0,0.84,0.0,28.4,1.0,0.84,0.0,1.3,0.0,3.0,0.0,3.84,0.0,9.67,1.0,4.85,1.49,2.68,2.0,1.0,0.0,0.0,0.0,0.0,0.0,1.16,1.67,0
4.37,0.0,2.21,1.19,1.4,0.0,18.46,1.4,0.4,2.78,0.59,0.6,22.23,33.34,1.79,0.0,15.78,1.4,8.82,7.24,5.82,4.02,2.21,1.43,1.21,0.0,0.0,0.0,2.19,1.4,1
0.08,0.0,1.0,1.0,0.08,0.0,2.21,1.16,0.0,0.57,0.05,0.0,1.66,100.0,2.16,0.0,0.49,1.08,24.07,23.87,1.11,1.0,0.92,0.0,0.0,0.0,0.0,0.0,1.0,0.25,0
0.0,0.0,1.0,0.0,0.0,0.0,0.0,1.0,0.0,0.3,0.0,0.0,2.6,7.48,1.0,0.0,1.7,1.0,0.93,0.7,1.15,1.0,1.0,0.0,0.0,0.0,0.0,0.0,1.0,0.0,0
1.17,0.0,1.0,0.61,10.55,0.0,60.5,1.61,0.0,5.48,0.3,0.39,32.91,60.94,1.0,0.0,9.0,1.0,11.03,0.78,4.42,1.78,0.39,0.29,0.0,25.78,0.8,0.0,3.0,4.17,0
129.06,17.36,1.91,7.27,39.99,0.0,346.1,6.45,2.73,14.18,0.1,0.0,452.98,99.18,2.82,0.0,45.72,1.91,5.73,0.0,4.95,1.0,0.0,0.76,0.0,237.22,0.36,0.0,1.91,10.0,1
3.42,0.0,1.0,0.93,0.62,0.0,26.98,1.31,0.31,2.18,1.38,0.0,18.8,26.13,3.0,0.0,11.73,1.31,5.38,4.13,4.13,1.69,1.0,0.17,0.0,0.0,0.0,0.0,2.62,0.62,0
0.5,0.0,1.25,0.5,0.5,0.0,35.76,1.25,0.0,2.25,1.17,1.25,2.5,16.63,2.75,0.0,8.49,1.0,5.74,4.74,5.5,3.99,1.0,0.22,0.0,0.0,0.0,0.0,2.5,0.76,0
3.64,0.0,1.77,1.53,4.1,0.0,29.11,1.77,0.0,2.3,0.36,1.53,3.06,50.57,1.77,0.0,3.06,1.0,1.85,0.77,4.68,1.0,1.0,0.68,0.0,0.0,0.0,0.0,3.3,3.0,0
1.0,4.0,1.0,1.0,2.0,2.0,19.0,2.0,0.0,4.0,0.32,0.0,6.0,55.0,3.0,0.0,2.0,2.0,4.12,1.0,3.12,2.0,1.0,0.83,0.0,62.0,1.0,0.0,1.0,0.0,1
0.0,0.24,1.0,0.0,0.0,0.0,5.73,1.0,0.0,1.46,0.14,0.0,23.69,22.07,1.76,0.0,9.06,1.0,2.96,0.0,2.9,0.24,0.76,0.0,0.0,0.0,0.0,0.0,1.76,0.0,0
1.0,0.0,1.58,0.0,0.83,0.42,12.17,1.42,0.0,0.0,0.25,0.0,6.08,0.0,3.17,0.0,12.17,1.0,3.46,1.75,3.12,2.0,1.0,0.73,0.0,13.33,0.38,0.0,1.0,0.42,0
0.0,14.27,1.0,6.19,1.3,0.0,7.78,6.84,0.0,7.13,0.06,0.0,17.21,96.11,2.0,5.84,5.84,1.0,11.04,9.14,1.05,0.35,0.35,0.1,0.0,0.0,0.0,0.0,1.0,0.0,0
0.0,0.35,2.96,0.0,0.0,0.0,5.88,1.0,0.0,0.0,0.17,0.65,1.65,0.0,1.96,4.86,6.57,0.65,5.33,5.0,4.92,1.65,1.0,0.98,0.0,0.0,0.0,0.0,1.65,0.0,0
0.0,0.0,1.0,0.0,0.0,0.0,10.0,1.0,0.0,2.77,0.93,0.92,1.92,0.0,2.77,0.15,9.23,0.92,6.54,4.69,5.08,3.69,1.0,0.0,0.0,0.0,0.0,0.0,1.92,0.0,0
0.93,0.0,1.0,0.93,0.93,0.0,27.49,2.86,0.0,6.51,1.14,0.0,8.44,93.02,3.72,0.14,5.58,1.86,2.4,0.07,2.14,0.93,0.07,0.0,0.0,0.0,0.0,0.0,1.0,2.79,0
0.0,0.0,1.0,0.0,0.0,0.43,7.41,1.0,0.43,0.0,0.37,0.43,3.0,0.0,3.43,0.0,6.28,1.0,5.19,3.14,3.34,2.43,1.0,0.26,0.0,1.72,0.43,0.0,1.57,0.0,0
0.0,0.0,1.0,0.0,0.0,0.0,10.36,1.0,0.62,0.77,0.47,0.0,3.54,22.26,1.0,0.0,0.0,1.0,0.63,0.0,1.31,0.62,1.0,0.58,0.0,0.0,0.0,0.0,1.38,0.0,0
0.0,0.89,1.0,0.0,0.0,0.21,14.09,0.89,0.0,0.0,0.06,0.43,0.89,0.0,0.0,12.51,1.79,0.0,4.88,4.57,1.36,1.0,1.0,0.1,0.0,0.21,0.11,0.0,1.0,0.11,0
0.0,0.93,1.0,0.0,0.0,0.0,0.0,1.0,0.07,0.0,0.0,0.0,1.07,0.0,0.07,12.99,1.86,0.07,4.68,4.64,1.04,1.0,1.0,0.06,0.0,0.0,0.0,0.0,1.0,0.0,0
0.0,0.16,1.0,0.0,0.0,1.69,20.66,1.0,0.84,2.62,0.2,0.84,9.06,73.28,2.69,0.0,13.97,1.0,4.67,1.69,6.78,1.0,0.84,0.84,0.0,11.82,0.84,0.0,1.0,0.0,0
0.0,0.0,1.0,0.0,0.0,0.32,14.35,1.0,0.0,1.68,0.35,0.0,4.95,30.4,2.0,3.05,4.59,1.32,4.1,1.68,2.22,1.0,1.0,0.0,0.0,8.19,0.68,0.0,1.95,0.32,0
7.61,0.0,1.59,33.37,18.74,0.0,39.78,1.59,0.59,2.93,0.5,0.0,4.07,57.38,2.0,0.0,13.2,1.0,5.35,1.17,3.61,0.59,1.0,0.4,0.0,1101.86,1.0,0.0,1.0,0.0,0
0.0,0.0,1.0,0.0,0.0,0.0,27.63,1.0,0.0,0.0,4.32,0.0,1.07,0.0,2.07,0.0,1.49,1.0,0.42,0.42,0.25,0.14,1.0,0.0,0.0,0.0,0.0,0.0,1.07,0.0,0
0.15,0.58,1.0,0.15,3.71,1.15,33.52,1.15,0.0,0.58,0.37,2.56,0.88,8.02,1.29,0.0,8.83,1.15,7.86,6.12,9.21,2.0,1.0,1.71,0.0,179.87,1.0,0.0,1.85,3.42,0
0.0,0.0,1.0,0.0,0.0,0.0,29.56,1.0,0.0,0.05,7.39,0.0,1.23,0.0,0.05,1.91,1.0,0.09,1.01,1.0,1.12,1.05,1.0,0.0,0.0,0.0,0.0,0.0,1.05,0.0,0
29.09,11.77,1.69,7.62,38.78,0.0,120.56,3.77,0.0,5.77,0.27,0.0,51.55,87.7,2.69,0.0,26.54,2.69,5.33,0.31,4.95,1.0,0.31,0.86,0.0,64.4,0.29,0.0,2.31,9.23,1
0.0,0.0,1.0,0.0,0.0,0.0,8.69,1.0,0.0,1.0,0.38,0.0,5.25,8.2,1.5,0.0,3.24,1.75,1.95,1.0,3.87,2.5,1.0,0.0,0.0,0.0,0.0,0.0,1.75,0.25,0
1.06,0.0,1.06,1.06,1.06,0.0,27.71,2.94,0.0,6.74,0.58,0.13,8.68,97.82,3.87,0.0,5.87,1.94,2.47,0.06,2.51,1.0,0.06,0.06,0.0,0.0,0.0,0.0,1.19,3.0,0
0.0,0.31,1.0,0.1,0.0,0.41,6.78,1.1,0.0,0.21,0.14,0.0,8.0,2.67,0.1,0.9,2.79,0.21,2.57,0.1,0.99,0.1,1.0,0.05,0.0,0.82,0.1,0.0,1.0,0.0,1
0.0,0.0,1.0,0.06,0.03,1.06,43.25,1.0,0.06,1.0,1.0,0.0,6.92,42.87,2.08,1.03,8.03,1.97,4.81,1.0,2.18,1.0,1.0,0.02,0.0,2.07,0.03,0.0,3.92,1.0,0
111.43,14.91,1.78,6.28,34.53,0.0,298.21,5.71,2.35,11.77,0.05,0.0,391.02,78.48,3.0,0.0,39.67,1.78,5.75,0.86,4.6,1.22,0.22,0.66,0.0,206.11,0.52,0.0,1.78,8.63,1
0.0,0.0,1.0,0.0,0.0,0.3,34.56,1.0,0.0,0.3,1.05,0.0,7.0,12.47,2.0,0.3,5.89,1.3,1.64,0.3,0.84,0.3,1.0,0.0,0.0,0.0,0.7,0.0,1.89,0.3,0
0.0,0.0,1.0,0.0,0.0,0.0,8.0,1.0,0.0,3.0,0.3,1.0,2.0,0.0,3.0,0.0,10.0,1.0,7.17,5.33,5.5,4.0,1.0,0.0,0.0,0.0,0.0,0.0,2.0,0.0,0
0.0,0.0,1.0,0.0,0.0,0.0,21.29,1.0,0.0,0.0,0.73,0.0,5.12,0.0,1.69,0.0,3.75,1.0,0.51,0.31,0.51,0.31,1.0,0.0,0.0,0.0,0.69,0.0,1.0,0.0,0
0.91,0.0,3.86,3.98,2.23,0.0,11.58,1.07,0.07,0.35,0.25,0.93,2.0,6.84,2.93,0.0,9.7,1.0,5.74,4.79,6.93,1.93,1.0,1.44,0.0,131.35,0.07,0.0,1.93,0.0,0
0.64,0.0,1.64,0.0,0.0,0.0,16.7,1.0,0.0,0.36,0.4,0.0,5.09,25.73,3.64,0.0,6.55,1.0,3.65,2.28,3.1,1.64,1.0,0.88,0.0,0.0,0.0,0.0,1.72,0.72,0
0.0,0.0,2.87,0.0,0.94,0.06,27.06,1.0,0.0,0.06,0.96,0.94,0.44,2.63,1.13,0.0,12.87,1.06,11.45,11.25,5.86,5.69,2.87,1.9,1.87,0.0,0.0,0.0,1.19,1.06,0
0.0,0.0,1.92,0.0,0.0,1.08,53.18,0.92,0.0,1.83,0.79,0.33,5.5,53.16,2.75,0.0,11.91,0.92,3.38,1.0,3.42,1.0,1.0,1.45,0.0,0.17,0.08,0.0,2.83,1.92,0
58.0,7.76,1.41,3.27,17.97,0.0,171.19,3.45,1.23,6.13,2.69,0.0,204.01,40.85,2.41,0.0,21.02,1.41,2.54,0.0,2.17,0.41,0.59,0.34,0.0,106.61,0.16,0.0,1.41,4.49,1
0.0,0.43,1.0,0.0,0.0,0.0,17.05,1.57,0.57,0.0,0.32,0.0,2.7,0.0,1.7,6.05,2.0,0.57,2.44,2.16,2.14,0.43,1.0,0.32,0.0,0.0,0.57,0.0,1.0,0.57,0
0.77,0.0,1.0,0.0,0.77,3.84,55.56,4.07,0.0,0.0,2.83,0.0,7.14,0.0,0.77,0.47,4.84,1.53,1.23,0.23,2.61,1.0,1.0,0.0,0.0,0.0,0.0,0.0,2.53,1.53,0
0.0,0.0,1.0,0.81,0.81,0.0,6.55,1.0,0.0,0.37,0.26,9.13,0.37,0.0,1.37,0.0,4.31,1.0,3.75,3.56,17.29,17.19,211.56,2.44,2.44,1.63,0.81,0.0,2.0,0.0,0
1.64,5.1,1.64,15.66,1.64,0.0,10.43,15.75,0.0,2.54,0.21,0.0,23.02,100.0,2.73,5.74,27.04,2.0,3.49,0.0,2.84,1.0,0.64,0.23,0.0,59.92,0.64,0.0,1.0,1.09,1
0.0,0.0,3.3,0.0,0.0,0.0,6.89,1.0,0.0,0.0,0.2,0.77,1.77,0.0,3.0,0.0,7.83,1.0,5.38,5.0,6.06,2.23,1.0,1.15,0.0,0.0,0.23,0.0,1.77,0.0,0
2.86,5.73,1.0,1.91,0.95,0.0,27.37,11.5,0.0,15.36,0.16,0.05,35.4,76.35,2.05,7.63,3.32,1.95,2.93,0.27,2.54,0.23,1.0,0.71,0.0,0.0,0.0,0.0,1.05,0.0,0
0.12,0.0,1.12,0.0,0.0,0.0,1.85,1.0,0.0,0.0,0.04,0.0,11.03,0.0,4.88,0.0,7.12,1.0,5.89,3.0,7.58,2.0,1.0,0.81,0.0,119.51,0.7,0.0,1.88,0.88,0
0.85,3.21,1.85,2.17,1.15,0.0,4.31,6.58,0.0,4.17,0.06,0.0,8.07,70.09,2.0,3.02,2.17,1.85,2.56,0.85,2.01,0.85,0.85,0.5,0.0,0.0,0.85,0.0,1.0,0.0,1
0.9,0.9,1.29,0.0,0.0,0.0,32.5,1.9,0.0,2.71,0.66,0.1,7.42,59.65,1.19,0.0,10.81,1.9,3.01,0.48,3.84,1.1,1.0,0.39,0.0,10.85,0.9,0.0,1.1,0.0,0
7.07,0.0,1.44,2.56,2.0,0.0,20.53,2.0,0.56,5.25,0.22,0.87,33.3,76.14,2.56,0.0,13.01,1.56,3.13,0.44,5.52,1.0,1.0,0.7,0.0,0.0,0.0,0.0,4.0,2.44,0
10.49,0.0,1.0,2.86,1.91,0.0,6.68,1.95,0.95,6.68,0.02,0.0,53.46,80.13,3.05,0.0,19.22,1.95,4.32,0.51,5.37,1.05,1.0,0.53,0.0,0.0,0.05,0.0,3.86,1.91,1
0.61,0.0,1.0,17.62,0.0,1.39,17.53,1.0,0.39,0.78,0.31,0.39,4.53,88.23,1.78,0.0,6.28,1.0,2.12,0.78,3.67,1.0,1.0,0.39,0.0,6.71,1.0,0.0,2.82,0.0,0
0.27,0.0,1.14,0.27,0.27,0.0,40.59,1.14,0.0,0.41,0.97,0.27,7.45,9.05,2.0,0.86,7.45,2.73,2.22,0.14,2.16,1.0,1.0,0.12,0.0,0.0,0.0,0.0,3.14,3.0,0
0.0,0.0,1.0,0.75,1.51,0.0,27.46,1.75,0.75,1.0,0.72,0.0,4.51,51.84,3.75,0.0,8.49,1.75,3.22,1.0,4.46,1.74,1.0,0.3,0.0,0.0,0.0,0.0,1.0,1.0,0
0.0,0.0,1.0,0.0,0.0,0.84,3.34,1.0,0.84,0.0,0.13,0.84,3.82,0.0,3.34,0.16,3.84,0.84,4.61,1.67,4.04,2.51,1.0,0.5,0.0,3.34,0.84,0.0,1.0,0.0,0
0.22,0.0,1.0,0.0,0.0,0.0,2.34,1.0,0.0,0.66,0.16,0.0,2.44,11.02,3.78,0.0,1.54,1.0,1.71,0.66,2.0,1.22,1.0,0.58,0.0,0.0,0.0,0.0,1.0,0.0,0
0.0,0.0,1.57,0.0,0.0,1.43,36.03,1.0,0.43,2.0,0.53,0.43,7.73,63.2,3.0,0.0,14.3,1.0,4.23,1.43,5.27,1.0,1.0,1.28,0.0,6.07,0.43,0.0,2.13,1.13,1
0.0,0.96,1.0,0.04,0.0,0.0,10.72,1.04,0.0,6.13,0.44,0.0,6.09,91.38,1.0,0.0,3.25,1.0,1.37,0.0,1.28,1.0,0.0,0.0,0.0,0.0,0.04,0.0,1.08,0.13,0
4.58,0.63,1.0,0.0,9.11,0.0,0.63,1.0,0.0,0.0,0.01,0.0,3.16,0.0,3.52,0.0,8.84,1.0,3.42,0.63,4.04,1.63,1.0,0.29,0.0,90.9,0.63,0.0,1.0,1.11,1
1.07,0.0,1.0,0.0,0.0,0.0,54.38,3.15,2.33,3.51,0.52,0.18,42.81,74.94,2.64,0.36,14.56,1.18,2.77,0.82,4.04,0.82,1.0,0.59,0.0,10.74,0.15,0.0,2.64,1.82,0
0.0,0.0,1.0,0.0,0.0,0.12,5.05,1.0,0.0,0.12,0.11,0.0,1.7,4.93,3.0,0.0,4.82,1.12,4.8,4.41,3.08,2.77,1.0,0.05,0.0,0.0,0.88,0.0,1.35,0.23,0
0.69,0.34,1.0,3.28,2.76,1.31,62.62,1.0,0.0,0.0,1.36,0.0,22.04,65.55,1.72,0.66,9.41,0.34,4.34,0.34,2.25,0.69,1.0,0.16,0.0,49.61,1.0,0.0,1.66,0.66,0
0.0,1.09,1.0,0.36,0.0,1.45,45.58,1.36,0.0,0.72,5.91,0.0,3.53,9.41,0.36,1.28,0.36,0.72,1.41,1.0,0.72,0.36,1.0,0.18,0.0,2.9,0.36,0.0,1.0,0.0,0
0.0,0.0,1.0,0.0,0.0,0.01,0.34,1.0,0.0,0.01,0.01,0.0,2.04,0.33,1.02,0.0,0.09,1.01,0.52,0.0,1.52,1.0,1.0,0.0,0.0,0.0,0.0,0.0,1.02,0.02,0
0.0,0.0,3.17,0.28,0.0,0.0,16.98,1.0,0.0,1.1,0.46,0.72,3.65,21.18,2.45,0.0,7.35,1.0,4.74,4.17,5.38,1.72,1.0,1.17,0.0,0.0,0.0,0.0,2.55,0.28,0
0.0,0.0,1.0,0.0,0.0,0.0,24.33,1.0,0.0,0.78,0.53,0.0,6.67,9.33,2.22,0.0,5.89,1.0,4.64,1.56,1.79,1.0,1.0,0.0,0.0,2.0,1.0,0.0,1.0,0.0,0
0.85,0.0,1.0,0.0,0.85,0.15,36.53,1.0,0.85,0.6,1.32,0.0,4.66,10.72,3.7,2.87,11.36,1.45,5.48,0.85,2.83,1.85,1.0,0.13,0.0,0.0,0.0,0.0,1.3,2.15,0
0.0,0.0,1.01,0.0,0.0,0.03,31.41,1.0,0.0,0.06,7.65,0.0,1.11,0.95,0.03,1.97,1.19,0.01,1.05,1.0,1.03,1.0,1.0,0.02,0.0,0.0,0.0,0.0,1.03,0.04,0
1.15,0.0,1.0,0.0,10.32,0.0,15.68,1.0,0.62,0.0,0.06,0.38,1.24,0.0,1.0,0.0,3.44,1.0,1.88,0.76,4.11,1.76,1.0,0.74,0.0,25.23,0.19,0.0,1.76,2.29,1
0.0,0.0,1.0,1.31,0.88,2.19,93.19,1.0,0.0,1.44,1.5,0.0,14.57,49.67,1.56,0.88,7.44,1.0,3.11,1.12,1.58,1.0,1.0,0.05,0.0,1.75,1.0,0.0,1.44,2.19,0
1.62,0.0,1.0,0.0,1.98,0.82,3.28,1.0,0.82,0.0,0.13,0.82,2.46,0.0,3.46,0.0,3.28,1.0,4.35,1.64,4.19,2.64,1.0,0.49,0.0,3.28,0.82,0.0,1.0,0.54,0
0.0,0.0,1.0,0.0,0.0,0.0,6.12,1.0,0.0,2.29,0.23,0.76,1.76,0.0,3.24,0.0,8.35,1.0,8.32,7.18,4.68,3.53,1.0,0.0,0.0,0.0,0.24,0.0,1.76,0.0,0
11.49,4.65,1.27,3.01,15.32,0.73,45.3,2.09,0.73,1.91,0.14,0.73,21.33,27.35,3.73,0.0,11.93,1.55,5.33,1.45,4.99,2.45,0.73,0.72,0.0,28.34,0.84,0.0,1.27,3.28,1
0.0,0.0,1.0,0.0,0.0,0.0,14.24,1.47,0.47,0.0,0.27,0.0,6.1,0.0,1.42,0.53,2.53,0.47,1.62,0.0,1.88,0.0,1.0,0.27,0.0,0.0,0.47,0.0,1.0,0.47,0
0.0,0.0,1.0,0.0,0.0,0.0,10.55,1.0,0.0,0.0,0.54,0.0,3.09,0.0,2.98,0.02,8.0,1.04,5.28,3.93,2.32,1.98,1.0,0.0,0.0,0.0,0.0,0.0,2.02,0.05,0
0.0,0.0,1.56,0.0,0.0,0.56,25.68,1.0,0.0,1.12,0.45,0.0,3.79,32.38,3.44,0.0,8.58,1.0,6.72,5.42,2.74,1.44,1.0,0.84,0.0,0.0,0.44,0.0,2.12,1.12,0
0.0,0.75,1.0,0.25,0.0,2.5,115.48,0.5,0.0,0.5,0.76,3.0,2.0,6.51,0.25,0.0,0.25,0.5,3.43,1.0,3.75,1.0,1.0,0.83,0.0,3.5,1.0,0.0,1.0,0.75,0
4.77,0.0,1.0,3.57,5.36,0.0,16.57,1.0,0.0,0.81,0.29,2.98,3.64,78.51,1.4,0.0,5.25,1.81,3.77,1.19,2.49,1.0,1.0,0.94,0.0,0.0,0.0,0.0,1.81,1.21,0
0.17,0.17,1.0,0.0,0.0,0.83,57.34,1.17,0.0,3.83,0.6,0.0,12.96,70.14,1.83,15.72,17.62,3.65,8.39,0.0,3.32,1.0,1.0,0.77,0.0,2.07,0.17,0.0,2.65,2.48,0
0.0,0.0,1.0,2.37,1.58,3.94,145.1,1.0,0.0,2.0,2.19,0.0,20.04,91.24,1.21,1.58,9.06,1.42,0.73,0.0,1.56,1.0,1.0,0.16,0.0,3.15,0.79,0.0,2.21,4.58,0
0.0,0.0,1.0,0.92,0.0,0.0,67.33,1.92,0.0,8.38,0.36,0.0,50.27,92.23,1.0,0.0,8.38,1.08,14.35,0.08,2.03,1.08,0.08,0.05,0.0,0.0,0.92,0.0,2.92,2.77,1
0.6,0.0,0.6,1.4,0.6,0.0,16.33,2.21,0.0,4.23,0.36,0.0,5.44,60.47,2.42,0.0,3.63,1.21,1.51,0.0,1.39,0.6,0.0,0.0,0.0,0.0,0.0,0.0,1.0,1.81,0
0.44,0.44,1.0,0.0,0.0,0.0,18.3,1.44,0.0,1.33,0.33,0.0,20.25,29.26,1.56,0.0,11.0,1.44,3.26,0.0,3.46,0.44,1.0,0.12,0.0,5.32,0.44,0.0,1.56,0.0,0
6.72,0.0,1.0,5.04,7.56,0.0,6.87,1.0,0.0,0.48,0.11,4.2,1.6,82.68,1.16,0.0,1.92,1.16,4.65,1.84,2.33,1.0,1.0,1.19,0.0,0.0,0.0,0.0,1.32,0.48,0
0.0,0.72,1.0,0.0,0.0,0.0,17.4,1.0,0.0,4.29,0.61,0.0,5.14,65.08,1.28,0.28,4.42,1.57,1.18,0.0,1.36,1.0,0.28,0.0,0.0,0.0,0.0,0.0,1.57,0.85,0
0.51,1.02,1.0,0.34,0.17,0.0,5.4,2.86,0.0,2.71,0.09,0.0,7.92,13.54,2.83,1.35,2.17,1.17,2.54,0.0,1.65,0.83,1.0,0.13,0.0,7.48,0.83,0.0,1.0,0.0,0
0.0,0.0,1.0,0.0,0.0,0.0,26.53,1.0,0.0,0.0,1.47,0.0,11.47,0.0,2.21,0.26,5.9,0.74,4.42,4.42,2.84,1.74,1.0,0.0,0.0,0.0,0.0,0.0,1.74,0.0,0
0.0,0.0,1.0,0.0,0.0,0.0,4.82,1.0,0.0,1.64,0.2,0.55,2.0,0.0,3.0,0.0,6.37,1.0,5.23,3.28,3.68,2.64,1.0,0.0,0.0,4.09,0.45,0.0,1.55,0.0,0
0.0,0.0,1.0,0.5,0.0,0.0,0.0,1.0,0.0,0.0,0.0,0.0,1.0,49.83,1.5,0.0,0.5,1.0,13.46,13.46,1.0,1.0,1.0,0.0,0.0,0.0,0.0,0.0,1.0,0.0,0
0.0,0.0,1.0,0.0,0.0,1.99,131.49,0.01,0.01,0.01,0.56,3.98,0.02,0.34,0.01,0.07,0.02,0.01,3.9,0.99,4.33,1.0,1.0,0.94,0.0,1.99,0.99,0.0,1.02,1.01,0
0.0,0.0,0.95,0.09,0.0,0.95,36.2,1.0,0.0,0.0,1.39,0.0,3.81,0.0,2.86,0.0,8.57,0.95,2.38,0.95,2.62,0.95,0.95,0.0,0.0,0.0,0.0,0.0,2.91,1.91,1
0.0,0.0,1.0,0.0,6.66,0.0,18.87,1.0,0.0,0.0,1.05,0.0,11.04,0.0,2.05,0.0,4.19,1.0,3.14,3.14,2.11,1.05,1.0,0.0,0.0,0.0,0.0,0.0,2.0,0.48,0
0.32,0.0,1.0,9.23,0.0,1.0,30.36,1.0,0.0,0.0,1.13,0.0,3.05,31.82,2.36,0.0,6.14,1.0,1.7,0.68,2.19,1.0,1.0,0.0,0.0,0.64,0.32,0.0,3.32,1.36,0
55.71,7.45,1.39,3.14,17.26,0.0,149.7,3.35,1.18,5.89,0.03,0.0,202.68,39.23,4.22,0.0,23.87,1.39,6.14,1.82,6.09,1.61,0.61,0.81,0.0,168.03,0.76,0.0,1.39,4.32,1
1.58,0.0,1.0,1.19,1.78,0.0,4.01,1.0,0.0,0.0,0.03,0.99,24.06,17.21,1.8,0.0,8.82,1.0,3.91,0.4,3.19,0.2,1.0,0.26,0.0,0.0,0.0,0.0,1.8,0.0,0
0.0,0.22,2.56,0.0,0.78,0.0,22.08,1.0,0.0,1.31,0.85,0.78,0.87,19.82,1.0,0.0,10.82,1.0,9.55,9.39,4.97,4.91,2.35,1.56,1.56,0.0,0.0,0.0,1.0,0.78,0
0.0,0.0,1.0,1.36,0.91,2.27,84.96,1.0,0.0,0.91,2.81,0.0,10.97,44.41,0.45,41.37,4.17,0.45,12.74,12.58,0.54,0.45,1.0,0.05,0.0,1.81,0.45,0.0,1.45,2.27,0
0.0,0.0,1.0,0.4,0.0,0.0,29.45,1.4,0.0,3.63,0.16,0.0,44.45,40.34,0.4,0.6,3.63,0.4,6.24,0.0,1.37,1.0,0.6,0.02,0.0,0.0,0.4,0.0,1.81,1.21,0
0.6,0.0,1.6,0.0,0.0,0.0,9.61,1.0,0.0,0.0,1.37,0.0,2.79,0.0,2.39,29.79,5.18,0.6,11.95,11.05,1.64,1.19,1.0,0.6,0.0,0.0,0.0,0.0,1.0,0.0,0
0.0,0.59,1.0,0.0,0.0,0.82,58.59,0.59,0.0,3.55,0.49,1.63,2.37,53.87,0.59,0.0,1.78,0.59,2.02,0.41,2.51,1.0,0.41,0.38,0.0,0.82,0.41,0.0,1.0,0.41,0
0.27,0.0,1.0,0.0,6.1,0.91,36.46,1.0,0.0,0.0,0.36,2.82,0.0,0.0,1.0,0.0,9.91,1.0,8.1,6.54,10.08,2.09,1.0,1.75,0.0,187.78,0.95,0.0,2.09,4.18,0
0.27,15.99,1.0,6.54,1.73,0.0,17.47,7.54,0.27,7.99,0.46,0.0,19.71,68.31,2.55,6.54,9.27,1.0,3.43,0.27,1.53,0.55,0.27,0.11,0.0,0.0,0.0,0.0,1.0,0.55,0
0.0,0.0,1.0,0.0,0.0,0.11,40.68,1.0,0.0,1.79,0.8,0.0,8.47,58.96,2.11,0.0,12.57,2.79,2.15,0.11,2.87,1.0,1.0,0.32,0.0,0.0,0.0,0.0,3.0,2.89,0
0.81,0.0,1.0,0.0,1.61,1.19,18.96,1.81,0.19,0.39,0.21,0.19,9.19,13.49,2.19,0.0,17.61,1.0,2.66,0.39,4.44,1.81,1.0,0.48,0.0,28.53,0.92,0.0,1.0,0.81,1
0.0,0.0,1.0,1.46,0.97,2.44,84.29,1.0,0.0,0.97,1.26,0.0,15.31,47.75,0.49,1.49,5.44,0.49,1.52,0.0,1.03,0.49,1.0,0.05,0.0,1.95,0.49,0.0,1.49,2.44,0
0.56,0.56,1.44,0.0,0.0,0.89,46.55,1.56,0.0,3.44,0.7,0.0,8.44,67.33,1.44,0.0,12.78,1.56,3.5,0.44,3.33,1.0,1.0,0.76,0.0,6.67,0.56,0.0,1.89,1.33,0
1.45,0.72,1.0,0.0,5.78,0.28,12.65,1.0,0.0,0.28,0.32,0.0,5.28,9.16,4.45,0.83,12.89,1.28,4.68,1.0,4.43,1.72,1.0,0.44,0.0,105.16,0.91,0.0,1.55,0.55,1
2.72,0.0,1.28,0.57,19.92,0.0,40.15,1.28,0.0,0.85,0.25,1.28,1.13,18.69,1.28,0.0,7.58,1.0,3.51,1.72,7.53,2.43,1.0,0.72,0.0,47.31,0.36,0.0,3.28,5.15,0
0.0,0.0,1.0,0.0,0.0,0.32,25.11,1.0,0.32,0.68,1.09,0.32,3.0,22.47,3.32,0.0,8.09,1.0,4.55,1.32,4.89,3.68,1.0,0.19,0.0,1.28,0.32,0.0,1.0,0.68,0
0.0,2.95,1.0,1.21,0.27,0.0,1.61,2.21,0.0,1.48,0.01,0.0,4.35,12.61,1.13,1.21,2.07,1.0,1.26,0.87,1.01,0.87,0.87,0.02,0.0,0.0,0.0,0.0,1.0,0.0,0
0.0,0.0,1.0,0.22,0.43,0.78,39.1,1.22,0.22,1.0,0.98,0.0,5.78,38.42,3.22,2.35,9.57,2.0,4.4,1.0,2.76,1.0,1.0,0.38,0.0,3.13,0.52,0.0,2.57,1.78,0
0.0,0.0,1.0,0.0,0.0,0.48,16.98,1.0,0.48,0.0,0.42,0.48,20.13,0.0,1.92,0.0,1.92,0.48,2.4,0.96,2.53,1.44,1.0,0.29,0.0,1.92,0.48,0.0,1.52,0.52,0
0.0,0.0,1.0,0.0,0.0,0.02,32.27,1.0,0.0,1.0,0.63,0.0,7.0,70.29,3.0,0.0,4.17,1.02,2.17,0.98,3.71,1.0,1.0,0.66,0.0,0.0,0.0,0.0,3.02,2.0,0
0.91,0.0,1.0,0.28,0.19,0.47,16.27,1.0,0.0,2.91,0.24,0.0,5.79,54.51,2.81,0.19,7.09,1.0,5.47,2.72,3.51,1.91,1.0,0.01,0.0,0.38,0.09,0.0,1.09,0.47,0
0.8,3.22,1.0,0.8,1.61,1.61,22.32,1.8,0.0,3.22,0.65,0.0,5.22,44.27,3.0,0.0,3.17,1.8,4.49,1.98,3.2,2.0,1.0,0.67,0.0,49.9,0.8,0.0,1.2,0.0,1
0.0,0.0,1.0,0.0,0.0,0.61,26.44,1.0,0.0,1.0,0.56,0.0,5.84,35.45,2.23,0.0,7.15,1.61,2.31,0.0,2.86,1.0,1.0,0.27,0.0,0.0,0.0,0.0,2.84,1.23,0
0.96,0.0,1.0,0.04,0.09,5.74,25.0,1.04,0.04,0.04,0.25,0.96,4.04,2.56,1.13,0.0,17.56,2.0,2.75,0.04,8.79,1.0,1.0,2.57,0.0,215.07,0.96,0.0,1.0,0.04,0
138.7,18.56,1.98,7.81,42.98,0.02,372.61,6.86,2.93,14.74,0.08,0.0,486.75,99.33,2.98,0.44,49.28,2.05,6.3,0.0,5.27,1.0,0.02,0.84,0.0,254.93,0.38,0.0,2.02,10.81,1
0.0,0.0,1.0,0.0,0.0,0.0,11.3,1.0,0.0,3.0,0.39,0.83,3.04,8.68,2.65,0.0,8.44,1.17,11.17,5.13,4.83,3.48,1.0,0.0,0.0,0.0,0.0,0.0,1.83,0.0,0
0.03,0.0,2.0,0.03,0.03,0.0,36.09,1.13,0.0,0.08,0.84,0.0,5.0,1.77,2.97,0.05,12.68,1.03,4.35,1.0,4.92,1.97,1.0,1.27,0.0,0.0,0.03,0.0,1.0,0.97,0
0.0,0.0,1.0,1.48,8.08,2.47,85.39,1.0,0.0,0.99,1.27,0.0,21.99,48.37,1.0,0.99,3.95,1.0,0.18,0.0,0.88,0.49,1.0,0.05,0.0,1.97,0.49,0.0,2.0,2.97,0
8.5,0.0,1.0,2.32,1.54,0.0,5.41,1.77,1.0,5.41,0.02,0.0,43.71,64.88,2.54,0.0,15.45,1.77,3.2,0.0,4.62,1.0,1.0,0.61,0.0,0.0,0.0,0.0,3.32,1.54,0
0.0,0.0,1.0,0.0,0.0,0.42,25.77,1.0,0.0,2.25,0.24,0.0,9.32,29.51,1.42,7.9,8.48,2.83,4.66,0.58,3.41,1.58,1.0,0.36,0.0,0.0,0.0,0.0,2.42,1.25,0
0.0,0.0,1.96,0.0,0.0,0.04,37.04,1.0,0.07,0.07,0.87,0.0,4.96,2.27,2.96,0.48,12.67,1.0,4.63,0.96,4.97,1.96,1.0,1.26,0.0,0.0,0.0,0.0,1.11,1.07,0
0.0,0.0,1.0,0.0,0.0,0.04,40.89,1.0,0.0,1.92,0.75,0.0,8.81,63.49,2.04,0.0,12.85,2.92,2.13,0.04,2.88,1.0,1.0,0.35,0.0,0.0,0.0,0.0,3.0,2.96,1
0.0,0.0,1.0,0.0,0.0,0.0,25.98,1.0,0.0,0.81,0.5,0.0,5.87,57.65,3.0,0.0,4.0,1.0,2.68,1.75,3.58,1.38,1.0,0.54,0.0,0.0,0.19,0.0,2.62,1.62,0
131.53,17.6,1.93,7.41,40.76,0.0,351.98,6.56,2.85,13.89,0.06,0.0,461.42,92.63,2.85,0.0,46.31,1.93,5.8,0.0,5.04,1.0,0.07,0.84,0.0,241.75,0.36,0.0,1.93,10.19,1
0.0,4.1,1.0,1.68,0.37,0.0,8.74,2.68,0.0,4.49,0.26,0.81,6.47,17.5,2.81,1.68,9.81,1.0,6.65,4.88,4.68,3.26,0.81,0.03,0.0,0.0,0.0,0.0,1.81,0.0,0
0.0,0.0,2.43,0.0,0.0,0.0,20.48,1.0,0.0,0.0,4.17,0.48,1.48,0.0,1.43,1.04,4.82,0.48,3.15,2.91,3.87,1.48,1.0,0.72,0.0,0.0,0.0,0.0,1.48,0.0,0
0.0,0.0,1.0,0.0,1.82,0.45,33.27,1.0,0.0,0.0,4.4,1.36,0.55,0.0,0.45,1.09,5.09,0.45,4.4,3.72,5.2,1.45,1.0,0.84,0.0,90.78,0.45,0.0,1.45,1.82,0
0.0,0.0,1.0,0.0,0.0,0.0,26.32,1.0,0.0,0.0,4.39,0.0,1.03,0.0,1.97,0.0,0.97,1.0,0.01,0.0,0.04,0.03,1.0,0.0,0.0,0.0,0.0,0.0,1.0,0.0,0
0.0,3.97,1.0,0.99,1.99,0.0,6.95,1.0,5.96,3.98,0.05,0.0,7.97,63.72,2.99,1.99,9.94,1.0,13.61,4.96,4.48,2.99,1.0,1.49,0.0,13.9,0.99,0.0,1.0,0.99,1
0.0,0.0,1.0,0.0,0.0,0.0,21.54,1.0,0.32,0.32,0.61,0.0,24.97,16.22,0.97,0.65,0.0,0.32,0.81,0.32,1.02,0.32,1.0,0.0,0.0,0.0,0.0,0.0,1.68,0.68,0
4.88,0.0,1.38,21.39,12.01,0.0,17.89,1.38,0.38,1.88,0.04,0.0,8.25,36.78,3.87,0.0,11.5,1.0,7.16,2.62,7.39,1.62,1.0,0.75,0.0,791.34,0.88,0.0,1.62,0.62,1
2.99,0.0,1.0,1.71,3.27,3.58,45.09,3.86,0.0,0.0,0.96,1.42,6.44,24.73,1.0,0.0,4.29,1.72,2.32,0.57,2.85,1.0,1.0,0.38,0.0,0.0,0.0,0.0,2.43,1.43,0
0.75,0.0,1.75,0.75,0.75,0.0,2.25,4.75,0.25,2.25,0.05,0.0,4.25,49.51,1.75,1.5,0.75,1.75,2.0,0.75,2.0,1.0,1.0,0.62,0.0,0.0,0.75,0.0,1.0,0.0,0
0.0,0.0,1.0,0.0,0.0,0.0,18.11,1.59,0.59,0.41,0.36,0.0,2.77,0.0,3.0,0.0,2.0,1.0,1.12,0.82,3.0,1.23,1.0,0.34,0.0,0.82,1.0,0.0,1.0,0.59,0
0.0,0.0,1.0,0.0,0.0,0.0,22.61,1.0,0.0,0.0,0.51,0.0,28.29,0.0,0.22,0.0,0.22,0.22,0.22,0.22,0.65,0.22,1.0,0.0,0.0,0.0,0.0,0.0,1.78,0.78,0
0.0,0.0,1.0,0.0,0.0,0.07,3.83,1.0,0.0,0.07,0.09,0.0,11.6,2.22,4.87,0.2,7.2,1.07,6.0,2.87,6.3,1.93,1.0,0.76,0.0,101.0,0.98,0.0,1.13,0.13,0
0.0,0.18,1.0,0.0,0.0,0.82,52.51,1.0,0.0,4.35,0.56,0.0,12.24,74.52,1.82,15.66,16.19,3.47,8.02,0.0,2.93,1.0,0.82,0.72,0.0,0.0,0.0,0.0,2.65,2.47,0
0.0,0.0,1.0,0.07,0.0,0.0,7.26,1.0,0.0,0.27,0.11,0.0,28.49,5.28,1.93,0.0,10.45,1.0,3.6,0.14,3.27,0.07,1.0,0.02,0.0,0.0,0.0,0.0,2.14,0.07,0
0.0,0.0,1.45,0.0,7.63,0.0,16.83,1.0,0.0,0.0,0.39,0.0,13.72,0.0,1.91,0.0,5.91,1.0,2.0,0.45,2.59,0.91,1.0,0.58,0.0,0.0,0.0,0.0,1.55,1.0,0
0.91,0.0,1.91,0.0,0.0,0.09,7.65,1.0,0.09,0.0,0.26,0.09,3.91,0.0,4.0,0.0,7.65,1.0,4.54,2.91,2.92,2.09,1.0,0.96,0.0,0.35,0.09,0.0,1.0,0.0,0
1.0,0.0,1.0,17.83,0.0,0.61,8.61,1.0,0.0,1.16,0.25,0.0,2.16,80.73,1.77,0.0,2.7,1.0,2.31,1.16,2.06,1.39,1.0,0.0,0.0,1.23,0.61,0.0,2.84,0.0,0
0.0,0.0,1.69,0.0,0.0,1.38,38.34,1.0,0.0,3.69,0.6,0.31,6.83,47.57,2.31,0.0,11.38,1.0,4.93,2.24,3.32,1.93,1.0,0.56,0.0,0.0,0.0,0.0,2.69,2.07,0
0.77,0.0,2.23,0.77,1.0,0.0,8.21,4.87,0.0,2.32,0.26,0.23,3.87,51.04,1.77,1.55,3.72,1.77,4.65,3.49,3.04,2.13,1.45,0.89,0.45,0.0,0.77,0.0,1.0,0.23,0
0.83,0.0,1.0,0.0,0.0,0.0,0.0,1.0,0.0,2.5,0.0,0.0,3.5,41.62,3.0,0.0,6.16,1.0,5.66,3.17,3.46,2.0,1.0,0.0,0.0,1.01,0.17,0.0,1.0,0.0,0
0.13,0.0,1.13,0.13,0.13,0.0,10.81,1.66,0.0,0.4,2.61,0.0,1.53,8.7,0.26,64.51,1.0,0.26,20.3,20.1,0.29,0.13,1.0,0.07,0.0,0.0,0.13,0.0,1.0,0.0,0
0.0,1.55,1.0,0.52,0.0,2.07,38.99,1.52,0.0,1.04,0.95,0.0,5.59,13.46,1.96,0.0,4.38,1.52,3.67,2.45,2.16,1.48,1.0,0.26,0.0,4.14,0.52,0.0,1.48,0.0,0
0.46,0.0,2.08,0.0,0.54,0.0,14.04,1.0,0.0,1.38,0.52,0.54,1.84,23.01,1.92,0.0,10.24,1.0,9.24,7.86,4.96,4.16,2.08,1.08,1.08,0.0,0.0,0.0,1.0,0.54,0
0.0,0.71,1.0,0.24,0.0,0.94,45.35,1.24,0.0,0.47,1.31,0.0,5.71,6.12,2.53,0.0,7.12,2.0,2.49,1.0,2.15,1.0,1.0,0.12,0.0,1.88,0.24,0.0,2.53,0.76,0
0.0,0.77,1.23,0.0,0.0,0.45,19.98,1.0,0.0,5.55,0.5,0.0,5.13,86.03,1.23,0.0,5.71,1.0,1.59,0.23,1.67,1.0,0.23,0.31,0.0,0.0,0.0,0.0,1.45,0.68,0
0.0,0.0,1.0,0.82,0.0,0.18,7.55,1.0,0.0,0.18,0.18,0.0,2.05,89.82,2.0,0.18,1.4,1.18,22.29,21.61,1.2,1.0,1.0,0.0,0.0,0.0,0.0,0.0,1.53,0.18,0
0.0,0.0,1.0,0.0,0.0,0.0,19.06,1.0,0.0,0.0,0.64,0.0,2.95,0.0,3.0,0.0,5.42,1.49,3.32,2.53,2.1,1.51,1.0,0.0,0.0,3.07,0.51,0.0,1.98,0.49,0
2.17,0.73,1.0,1.63,2.44,0.0,5.83,1.0,0.0,4.37,0.32,1.36,2.92,89.92,1.0,0.0,2.19,1.0,1.87,0.54,1.51,1.0,0.27,0.36,0.0,0.0,0.0,0.0,1.0,0.0,0
0.0,0.0,1.0,0.03,0.03,0.0,4.87,1.0,0.0,0.0,0.04,0.29,29.21,0.0,1.97,0.0,10.79,1.0,3.65,0.08,3.87,0.52,7.79,0.08,0.08,0.05,0.03,0.0,2.0,0.0,0
5.23,3.33,1.0,3.78,4.56,0.0,14.98,7.1,0.0,8.88,0.06,2.23,20.52,83.12,1.55,4.44,1.66,1.55,3.7,0.89,2.32,0.45,1.0,1.01,0.0,0.0,0.0,0.0,1.0,0.0,0
0.0,0.0,1.0,0.0,0.0,0.0,25.58,1.0,0.0,0.81,0.57,0.0,6.84,9.68,2.39,0.0,5.65,1.0,4.33,1.61,1.8,1.0,1.0,0.15,0.0,0.0,0.81,0.0,1.0,0.0,0
0.01,0.0,2.0,0.04,0.02,2.0,52.0,1.0,0.0,4.0,0.73,0.0,9.0,69.02,2.0,0.0,12.0,1.0,4.0,1.0,2.34,1.0,1.0,0.82,0.0,1.21,0.0,0.0,3.0,3.0,0
0.0,1.59,1.0,0.4,0.79,0.0,21.48,1.0,2.38,1.59,0.67,0.0,7.4,25.38,2.4,0.79,6.98,1.0,5.61,1.98,1.96,1.19,1.0,0.59,0.0,5.55,1.0,0.0,1.0,0.4,0
0.54,0.46,1.0,0.0,0.0,3.24,13.5,1.0,0.0,0.0,0.13,0.54,2.62,0.0,0.54,6.44,10.64,1.08,3.78,2.3,5.32,1.0,1.0,1.44,0.0,121.52,0.54,0.0,1.0,0.0,0
0.0,0.0,1.0,0.0,8.75,0.0,1.13,1.0,0.0,0.0,0.08,0.0,13.87,0.0,2.13,0.0,0.0,1.0,0.19,0.0,0.92,0.38,1.0,0.28,0.0,0.0,0.0,0.0,1.62,0.62,0
0.0,0.0,2.0,0.0,0.0,1.46,52.95,1.0,0.0,2.93,0.76,0.0,7.39,63.1,2.54,0.0,13.93,1.0,3.85,1.0,3.23,1.0,1.0,1.44,0.0,0.0,0.0,0.0,3.0,2.46,1
0.65,0.0,1.0,0.65,0.65,0.0,19.28,2.3,0.0,4.54,0.4,0.0,16.37,64.93,3.3,0.0,7.75,1.65,2.91,0.0,2.7,0.65,0.35,0.0,0.0,0.0,0.0,0.0,1.35,1.95,0
35.71,14.46,1.85,9.35,47.62,0.0,131.95,4.4,0.0,5.95,0.08,0.0,61.32,85.03,3.3,0.0,29.11,2.7,6.17,0.45,6.22,1.15,0.15,1.01,0.0,99.44,0.47,0.0,2.0,10.35,1
0.0,0.0,1.9,0.0,0.0,0.9,44.92,1.0,0.0,1.9,0.88,0.0,5.71,55.55,3.0,0.0,12.71,1.0,3.43,1.0,3.5,1.29,1.0,1.35,0.0,0.0,0.0,0.0,2.8,1.9,1
0.73,0.0,1.0,0.73,0.73,0.54,55.13,2.2,0.0,5.12,0.58,1.07,6.59,73.21,2.93,0.0,4.39,1.46,2.87,0.27,2.84,1.0,0.27,0.25,0.0,0.54,0.27,0.0,1.0,2.46,0
0.0,0.0,1.0,0.0,0.0,0.0,28.34,1.93,1.0,0.07,0.56,0.0,3.86,3.45,3.0,0.14,1.86,1.0,0.64,0.07,2.93,0.07,1.0,0.53,0.0,0.0,0.93,0.0,1.0,0.93,0
0.0,0.0,1.0,0.0,0.0,0.42,15.81,1.0,0.0,0.0,0.61,0.0,6.34,0.0,1.25,0.58,5.5,0.42,2.57,0.42,1.66,0.42,1.0,0.0,0.0,0.0,0.0,0.0,1.83,0.83,0
0.0,0.0,1.0,0.02,0.0,0.0,2.09,1.02,0.0,0.14,0.02,0.0,12.64,1.52,4.94,0.0,7.03,1.0,6.23,2.95,8.15,1.98,0.98,0.77,0.0,133.93,0.8,0.0,2.02,1.03,0
0.0,0.0,1.0,0.95,0.0,0.0,35.98,1.0,0.0,3.79,0.95,0.0,7.68,72.9,1.0,0.0,2.95,1.0,2.66,1.95,1.12,1.0,1.0,0.28,0.0,0.0,0.0,0.0,3.84,0.95,0
0.0,0.0,1.0,0.86,0.86,0.0,0.14,1.0,0.0,0.0,0.0,9.42,1.72,0.0,1.57,0.0,3.57,1.0,3.44,3.0,18.32,17.42,222.87,2.68,2.57,21.21,0.97,0.0,2.0,0.14,0
0.73,0.73,1.0,0.0,0.0,0.0,28.77,1.73,0.0,2.19,1.32,0.0,6.1,48.13,0.73,20.04,8.29,1.46,8.23,6.23,2.55,0.73,1.0,0.2,0.0,8.75,0.73,0.0,1.0,0.0,0
0.0,0.0,1.0,0.0,0.0,0.0,39.01,1.0,0.0,0.01,1.3,0.0,5.02,0.26,3.0,0.0,9.02,2.0,2.6,1.0,2.2,1.0,1.0,0.0,0.0,0.0,0.0,0.0,3.0,1.01,0
0.66,2.63,1.0,0.66,1.31,1.66,25.53,1.66,0.0,2.63,0.71,0.0,5.31,36.1,3.0,0.0,4.41,1.66,3.57,1.0,3.0,1.66,1.0,0.55,0.0,40.69,0.66,0.0,1.69,0.69,0
0.63,0.0,1.0,18.39,0.0,0.63,20.22,1.0,0.0,0.0,0.65,0.0,3.2,63.4,1.37,0.0,1.83,1.0,0.1,0.0,0.74,0.63,1.0,0.0,0.0,1.27,1.0,0.0,2.9,0.0,0
0.0,0.0,1.0,0.0,0.0,1.85,21.33,1.0,0.93,1.85,0.15,0.93,9.35,64.92,3.07,0.0,15.06,1.0,5.81,2.65,7.38,1.07,1.0,0.93,0.0,12.98,1.0,0.0,1.0,0.0,0
0.3,0.0,1.0,0.6,0.0,0.0,0.0,1.0,0.0,0.7,0.0,0.0,5.4,22.67,1.6,0.0,0.7,1.7,1.04,0.7,2.82,1.7,1.0,0.0,0.0,0.0,0.3,0.0,1.7,0.0,0
0.76,0.0,1.0,0.0,0.76,0.0,32.48,1.0,0.76,0.0,3.13,0.0,2.52,0.0,3.05,0.48,7.62,0.76,3.86,1.0,2.1,1.52,1.0,0.0,0.0,0.0,0.0,0.0,1.0,1.52,0
2.17,4.33,1.0,1.44,0.72,0.56,56.2,8.66,0.0,11.55,0.23,1.11,26.71,57.75,1.44,5.78,2.17,1.44,3.05,0.28,2.93,0.28,1.0,0.8,0.0,0.56,0.28,0.0,1.0,0.28,0
1.49,2.98,1.0,0.99,0.5,0.0,28.01,6.47,0.0,7.95,0.38,0.0,36.5,39.77,0.99,3.98,1.49,0.99,1.36,0.0,1.47,0.0,1.0,0.37,0.0,0.0,0.0,0.0,1.5,0.5,0
0.0,0.0,1.0,0.0,0.0,0.0,8.19,1.0,0.0,0.26,0.16,0.0,2.54,18.17,1.51,0.0,1.77,1.0,1.29,1.0,1.69,1.0,1.0,0.17,0.0,0.0,0.0,0.0,1.51,0.51,0
21.75,8.8,1.52,5.7,29.0,0.0,80.26,3.07,0.48,3.62,0.05,0.0,37.21,51.78,2.04,0.0,17.09,2.04,3.45,0.0,3.76,1.0,0.48,0.93,0.0,48.15,0.21,0.0,1.52,6.21,1
0.0,0.0,1.0,0.0,0.0,1.0,43.0,1.0,0.0,1.0,1.07,0.0,6.44,36.98,2.56,2.12,9.12,2.0,4.84,1.0,2.25,1.0,1.0,0.21,0.0,2.23,0.37,0.0,3.44,1.56,0
1.27,0.8,1.0,0.27,0.13,0.0,3.6,2.47,0.0,4.73,0.01,0.0,8.4,54.0,2.87,1.07,6.47,1.13,5.57,2.6,3.57,1.73,1.0,0.1,0.0,0.0,0.0,0.0,1.0,0.0,0
0.0,0.0,1.0,0.0,0.0,0.07,3.52,1.0,0.0,0.0,0.18,0.0,2.14,0.0,3.0,0.0,2.48,1.0,2.5,0.07,1.59,1.0,1.0,0.0,0.0,8.39,0.93,0.0,1.14,0.14,0
0.0,0.0,1.0,0.0,0.0,0.0,24.96,1.0,0.0,1.73,1.47,0.0,5.32,50.1,0.86,10.08,0.14,0.86,3.85,3.13,0.86,0.0,1.0,0.19,0.0,0.0,0.0,0.0,1.86,0.0,0
0.0,0.0,0.05,1.95,0.0,0.05,1.21,1.0,0.0,0.09,0.02,0.0,0.21,1.61,0.05,0.0,0.28,0.02,0.09,0.02,0.05,0.02,0.02,0.02,0.0,0.0,0.0,0.0,1.05,0.07,0
0.0,0.0,1.0,0.0,0.0,0.0,24.99,1.0,0.0,2.37,0.99,1.0,2.0,0.0,3.0,0.0,10.0,1.0,7.19,6.0,5.5,4.63,1.0,0.0,0.0,0.0,0.0,0.0,2.0,0.0,0
0.0,0.0,1.0,0.0,0.0,0.42,18.14,1.0,0.0,0.42,0.42,0.0,3.53,17.72,2.58,0.42,4.53,1.42,4.36,2.73,2.06,1.58,1.0,0.0,0.0,3.47,0.58,0.0,2.27,0.42,0
0.41,0.0,1.0,0.0,0.81,0.41,7.89,1.41,0.0,0.0,0.1,0.0,10.78,0.0,3.78,0.0,11.46,1.0,4.43,1.78,6.38,2.0,1.0,0.61,0.0,93.88,0.84,0.0,1.59,1.0,0
0.88,0.0,1.0,0.0,0.0,0.0,3.55,1.12,0.12,2.65,0.07,0.0,4.0,44.08,3.0,0.0,6.41,1.0,5.35,2.65,3.66,1.76,1.0,0.07,0.0,0.0,0.12,0.0,1.0,0.12,0
7.4,0.0,1.0,0.0,8.8,0.0,0.0,1.0,0.0,0.6,0.0,0.0,0.8,10.01,1.4,0.0,1.4,1.0,2.29,0.6,2.35,1.2,1.0,0.0,0.0,0.0,0.0,0.0,1.0,2.4,0
4.83,0.0,1.0,0.93,6.37,1.39,24.09,1.0,0.93,0.46,0.51,0.0,1.85,33.82,2.85,0.93,4.17,1.0,2.21,0.46,2.65,1.0,1.0,0.35,0.0,34.29,0.46,0.0,1.0,2.07,0
0.0,0.0,1.0,0.0,0.0,0.78,9.82,1.0,0.78,0.22,0.27,0.78,4.08,2.59,3.57,0.0,4.65,1.0,5.05,2.0,4.07,2.57,1.0,0.47,0.0,3.14,1.0,0.0,1.0,0.0,0
0.74,0.0,1.0,0.26,0.0,0.0,9.87,1.0,0.0,3.26,0.26,0.0,5.04,57.01,2.48,0.0,5.96,1.0,5.16,2.74,3.07,1.74,1.0,0.08,0.0,0.0,0.0,0.0,1.78,0.26,0
0.0,0.0,1.0,0.0,0.0,0.0,22.67,1.0,0.0,0.0,0.78,0.0,5.39,0.0,2.54,0.0,4.46,1.0,3.17,2.96,0.75,0.54,1.0,0.0,0.0,0.0,1.0,0.0,1.0,0.0,0
0.0,1.07,1.0,0.36,0.0,1.42,24.08,1.36,0.0,0.71,0.49,0.0,10.58,9.23,3.58,0.0,4.87,1.36,4.68,2.29,4.96,1.64,1.0,0.68,0.0,72.49,1.0,0.0,1.0,0.0,0
0.0,0.0,1.0,0.0,3.82,0.96,36.13,1.0,0.0,0.0,0.42,2.87,0.22,0.0,1.09,0.0,9.96,1.04,8.24,6.74,9.9,1.96,1.0,1.78,0.0,191.23,0.96,0.0,2.04,3.87,0
0.01,0.0,1.0,0.0,0.0,0.04,30.96,1.0,0.0,0.0,1.06,0.01,6.98,0.0,1.99,0.0,5.09,1.01,0.3,0.0,0.34,0.01,1.0,0.02,0.0,1.52,1.0,0.0,1.0,0.0,0
0.0,0.0,1.0,0.0,0.0,0.0,17.1,1.0,0.0,0.49,0.74,0.0,1.98,16.13,3.0,0.0,5.91,1.0,4.16,2.53,3.47,2.98,1.0,0.0,0.0,3.07,0.51,0.0,1.0,0.49,0
45.55,6.1,1.32,2.57,14.12,0.0,122.59,2.92,0.96,4.81,0.03,0.0,167.91,32.08,4.36,0.0,20.79,1.32,6.13,2.04,7.31,1.68,0.68,0.8,0.0,176.1,0.67,0.0,2.0,4.21,1
0.0,16.5,1.0,6.75,1.5,0.0,10.25,7.75,0.0,8.25,0.08,0.0,27.0,70.49,2.0,6.75,9.5,1.0,3.11,0.0,1.66,0.0,0.25,0.12,0.0,0.0,0.0,0.0,1.25,0.0,0
5.99,0.0,1.0,3.58,16.25,0.0,16.51,1.0,0.0,0.0,0.07,3.39,0.0,51.97,1.0,0.0,3.62,1.0,4.58,2.0,4.68,1.81,1.0,1.06,0.0,26.58,0.2,0.0,1.81,2.42,0
0.0,0.0,1.0,0.0,0.0,0.0,0.26,1.0,0.0,0.0,0.0,0.0,3.83,0.0,4.26,0.0,4.03,1.0,9.73,8.94,3.18,2.0,1.0,0.2,0.0,27.8,1.0,0.0,1.0,0.0,0
0.0,0.14,3.59,0.0,0.0,0.0,7.77,1.0,0.0,0.0,0.22,0.86,1.86,0.0,2.59,1.91,8.04,0.86,5.43,5.0,6.18,1.86,1.0,1.3,0.0,0.0,0.0,0.0,1.86,0.0,0
0.0,0.0,1.0,0.0,0.0,0.0,31.24,1.0,0.0,0.14,1.74,0.0,1.86,0.0,3.0,0.0,7.18,1.0,5.46,5.46,3.43,2.14,1.0,0.0,0.0,0.27,0.14,0.0,1.86,0.0,0
1.85,0.0,1.77,1.38,2.08,1.54,46.93,1.0,0.0,3.08,0.54,1.15,6.92,73.15,1.77,0.0,11.54,1.0,4.55,1.23,2.91,1.0,1.0,1.36,0.0,0.0,0.0,0.0,2.54,2.31,0
33.62,13.61,1.6,9.2,44.83,0.0,124.08,4.2,0.0,5.6,0.07,0.0,56.03,80.05,2.4,0.0,26.42,2.4,4.96,0.0,4.69,0.8,0.0,0.84,0.0,74.45,0.33,0.0,1.8,9.61,1
2.63,0.0,1.0,1.97,2.95,0.0,24.19,1.0,0.0,0.0,1.34,1.64,1.34,28.55,2.34,0.0,5.37,1.0,5.64,4.69,3.08,1.67,1.0,0.44,0.0,0.0,0.0,0.0,1.67,0.0,0
0.0,0.0,1.0,0.0,0.0,0.0,4.21,1.0,0.0,0.13,0.08,0.0,7.87,9.33,0.39,0.87,3.13,0.13,2.56,0.13,1.25,0.13,1.0,0.09,0.0,0.0,0.0,0.0,1.26,0.26,0
133.55,17.87,1.94,7.52,41.38,0.0,359.23,6.64,2.82,14.11,0.13,0.0,468.78,94.05,2.94,0.0,47.32,1.94,5.87,0.0,5.02,0.94,0.06,0.79,0.0,245.47,0.43,0.0,1.94,10.35,1
0.15,0.0,1.0,1.7,1.15,2.7,46.92,1.15,1.7,0.85,0.98,0.0,4.75,62.1,4.55,1.7,10.34,1.0,3.02,0.85,3.44,1.15,1.0,0.69,0.0,67.73,0.99,0.0,1.0,1.0,0
0.28,0.0,1.02,1.24,0.7,0.0,3.93,1.02,0.02,0.11,0.21,0.0,2.0,2.13,3.96,0.0,0.41,1.0,0.68,0.04,1.6,1.0,1.0,0.75,0.0,40.91,0.02,0.0,1.0,0.0,0
0.0,0.0,1.0,0.0,0.0,0.0,0.0,1.0,0.0,0.0,0.0,0.0,1.0,0.0,1.1,0.0,1.06,1.0,1.32,1.32,1.03,1.03,1.0,0.0,0.0,0.0,0.03,0.0,1.0,0.0,0
0.0,0.0,1.0,0.0,0.0,0.0,0.0,1.0,0.0,0.07,0.0,0.0,2.13,1.65,1.0,0.0,0.07,1.0,0.52,0.0,1.5,1.0,1.0,0.0,0.0,0.0,0.0,0.0,1.0,0.0,0
0.0,0.0,1.0,0.0,0.0,0.0,9.18,1.0,0.0,0.0,2.29,0.0,1.0,0.0,0.24,56.58,1.0,0.24,17.82,17.82,0.24,0.24,1.0,0.0,0.0,0.0,0.0,0.0,1.0,0.0,0
0.0,0.0,2.82,0.0,0.0,0.0,8.61,1.0,0.0,1.18,0.28,1.0,2.0,0.0,3.0,0.0,9.39,1.0,6.09,5.0,6.41,2.79,1.0,0.91,0.0,0.0,0.0,0.0,2.0,0.0,0
7.14,0.0,1.0,5.36,8.03,0.11,4.08,1.0,0.21,0.21,0.11,4.46,0.43,84.32,1.11,1.39,0.43,1.0,5.52,1.79,2.44,1.0,1.0,1.26,0.0,0.0,0.0,0.0,1.32,0.32,0
12.52,0.0,1.96,54.9,30.82,0.0,44.35,1.96,0.96,4.82,0.09,0.0,2.37,94.4,2.11,0.0,18.56,1.0,8.84,2.04,6.05,1.04,1.0,0.69,0.0,1817.81,0.99,0.0,1.04,0.04,0
0.58,0.0,1.85,0.0,0.42,0.0,10.99,1.0,0.0,1.73,0.41,0.42,2.31,28.86,2.15,0.0,9.54,1.0,8.54,6.81,4.7,3.69,1.85,0.85,0.85,0.0,0.0,0.0,1.0,0.42,0
0.0,5.31,1.0,0.0,0.0,0.47,17.82,1.0,0.94,0.94,0.47,0.0,7.19,29.07,0.94,7.16,4.53,0.47,5.52,0.0,1.99,0.47,1.0,0.39,0.0,0.0,0.0,0.0,2.94,1.41,0
0.0,0.0,1.0,0.0,0.0,0.69,29.49,1.0,0.0,0.69,0.62,0.0,5.12,28.81,3.0,0.0,8.8,1.69,3.82,1.57,3.49,1.63,1.0,0.3,0.0,0.0,0.31,0.0,3.06,1.37,0
13.77,5.57,3.34,3.61,18.36,0.0,56.86,2.31,0.0,2.29,0.2,0.67,24.29,32.78,3.0,0.0,16.87,1.66,5.73,3.36,6.63,1.67,0.67,1.35,0.0,30.48,0.13,0.0,2.0,3.93,1
0.57,0.0,2.29,1.14,0.0,0.0,3.87,1.0,0.0,0.0,0.11,0.43,3.14,42.77,3.0,0.0,3.87,1.0,2.79,2.15,3.72,1.43,1.0,0.64,0.0,0.0,0.57,0.0,1.43,0.0,0
4.32,0.0,1.61,1.18,0.78,1.22,39.81,1.39,0.39,5.18,0.43,0.0,27.45,74.89,2.39,0.0,16.96,1.39,4.27,0.61,4.06,1.0,1.0,1.05,0.0,0.0,0.0,0.0,3.39,2.61,1
0.53,0.53,1.0,0.0,0.0,0.0,21.38,1.53,0.47,2.06,0.61,0.0,5.18,58.49,1.94,0.94,5.84,1.53,2.63,0.47,2.8,1.0,1.0,0.14,0.0,6.37,0.53,0.0,1.0,0.0,0
0.0,0.89,1.0,0.0,0.0,0.0,10.06,1.0,0.0,5.57,0.53,0.0,4.22,87.42,1.0,0.0,2.67,1.0,0.76,0.0,1.22,0.89,0.11,0.02,0.0,0.0,0.0,0.0,1.11,0.0,0
1.33,0.0,1.56,0.0,11.98,1.11,47.12,1.0,0.0,2.22,0.48,0.44,5.01,38.37,1.56,0.0,10.67,1.0,4.05,1.44,5.0,1.89,1.0,0.75,0.0,29.3,0.22,0.0,3.0,4.33,0
3.0,0.0,1.0,0.0,27.0,0.0,41.0,1.0,0.0,0.0,0.17,1.0,0.0,0.0,1.0,0.0,9.0,1.0,4.11,2.0,8.33,3.0,1.0,0.66,0.0,66.0,0.5,0.0,3.0,6.0,1
0.0,0.0,1.0,0.0,0.0,0.0,0.0,1.0,0.0,0.0,0.0,0.0,1.47,0.0,2.06,0.0,2.12,1.0,2.88,2.65,2.29,2.06,1.0,0.0,0.0,0.0,0.53,0.0,1.0,0.0,0
0.0,0.0,1.0,1.67,0.84,2.51,50.52,1.0,1.67,1.33,1.04,0.0,4.99,70.86,4.51,1.67,9.49,1.16,3.23,1.0,3.32,1.0,1.0,0.7,0.0,61.85,0.84,0.0,1.33,1.33,0
0.0,0.0,1.0,0.0,0.0,0.0,33.89,1.0,0.0,2.12,1.35,0.0,7.36,42.38,1.41,21.74,8.77,1.41,9.16,7.46,2.05,0.71,1.0,0.29,0.0,0.0,0.0,0.0,2.41,2.12,0
1.25,2.02,1.25,7.57,0.51,0.0,0.25,6.57,0.0,0.0,0.0,0.0,10.83,81.33,2.75,2.28,9.87,1.25,1.59,0.0,1.73,1.0,1.0,0.09,0.0,23.78,1.0,0.0,1.0,0.0,0
0.35,0.35,1.0,0.0,0.0,1.76,79.37,1.0,0.0,3.16,0.54,0.0,10.83,26.34,1.0,0.0,2.05,1.35,2.73,0.65,1.5,0.65,1.0,0.03,0.0,0.0,0.35,0.0,1.7,1.05,0
0.92,0.34,1.0,1.92,0.17,0.0,0.59,1.0,0.51,0.34,0.0,0.0,4.34,74.07,3.0,0.17,0.85,1.0,1.85,0.42,1.53,1.17,1.0,0.13,0.0,1.19,1.0,0.0,1.0,0.08,0
0.02,0.0,1.01,1.01,0.02,0.0,72.73,2.0,0.0,8.95,0.39,0.02,53.61,99.73,1.01,0.0,8.96,1.0,15.36,0.01,1.94,1.0,0.01,0.06,0.0,0.0,0.99,0.0,3.01,3.0,1
51.58,7.54,1.36,2.91,15.98,0.0,138.04,3.18,1.09,5.45,0.03,0.0,181.55,36.33,1.09,8.91,19.44,0.73,5.45,3.18,2.57,1.0,0.64,0.31,0.0,94.81,0.14,0.0,1.36,4.0,1
0.45,0.0,1.0,13.69,0.55,0.45,6.35,1.0,0.0,0.0,0.19,6.01,0.45,45.32,1.0,0.0,1.64,1.0,1.64,1.64,11.39,11.39,142.61,1.64,1.64,2.0,1.0,0.0,2.91,0.0,0
5.53,0.0,2.0,0.0,2.76,9.29,1106.39,1.0,0.0,0.16,0.97,0.92,94.44,4.57,1.16,0.0,145.66,1.0,5.2,1.0,7.26,1.0,1.0,0.64,0.0,7622.66,0.72,0.92,3.0,0.16,0
1.0,1.0,1.0,0.0,0.0,0.34,47.98,1.93,0.0,3.41,0.76,0.0,9.43,66.61,1.0,0.0,10.52,2.0,2.97,0.0,3.43,0.93,1.0,0.26,0.0,11.18,1.0,0.0,1.14,0.2,0
0.0,0.0,2.0,0.0,0.0,2.0,61.0,1.0,0.0,4.0,0.7,0.0,9.0,69.0,2.0,0.0,15.0,1.0,4.44,1.0,3.11,1.0,1.0,1.36,0.0,0.0,0.0,0.0,3.0,3.0,0
0.0,0.0,0.24,1.53,0.0,0.0,0.0,1.0,0.0,0.0,0.0,0.0,0.47,0.0,0.24,0.0,0.0,0.24,0.12,0.0,0.36,0.24,0.24,0.0,0.0,0.0,0.0,0.0,1.0,0.0,0
0.0,0.0,1.88,0.0,1.76,0.0,32.63,1.0,0.0,21.29,0.65,0.0,4.24,86.44,1.0,0.0,2.76,2.0,1.31,0.12,1.88,1.12,0.12,0.44,0.0,17.64,0.88,0.0,1.12,0.0,0
0.0,0.0,0.45,1.1,0.0,0.0,0.45,1.0,0.0,0.0,0.0,0.0,5.41,0.0,2.26,0.0,3.16,0.45,2.74,1.35,2.97,0.9,0.45,0.35,0.0,48.73,0.45,0.0,1.0,0.0,0
0.0,0.0,1.0,0.0,0.0,0.59,48.82,1.41,0.41,2.35,0.57,0.0,9.88,41.75,2.41,11.17,12.0,2.76,5.83,0.0,3.17,0.59,1.0,0.75,0.0,0.0,0.41,0.0,2.18,2.18,0
0.86,0.0,1.0,0.27,1.86,1.27,22.67,1.86,0.27,0.14,0.34,0.0,8.31,10.02,2.41,0.27,16.76,1.0,2.16,0.14,3.6,1.86,1.0,0.41,0.0,37.77,0.92,0.0,1.0,1.0,1
0.0,0.0,1.0,0.0,0.0,0.0,26.35,1.0,0.0,0.82,0.51,0.0,12.47,58.47,2.47,0.18,3.29,0.82,1.76,0.82,3.24,1.0,1.0,0.55,0.0,0.0,0.0,0.0,2.65,1.65,0
0.44,0.0,1.0,0.0,0.44,2.22,28.5,2.77,0.0,0.0,0.64,0.0,5.1,0.0,2.11,0.0,3.77,1.44,1.97,0.0,2.21,1.0,1.0,0.0,0.0,5.01,0.56,0.0,1.89,0.89,0
0.0,0.0,1.0,0.0,0.0,0.0,23.92,1.0,0.0,0.61,5.92,0.0,1.92,7.64,0.61,2.61,0.92,0.31,1.84,1.31,0.69,0.31,1.0,0.0,0.0,3.67,0.31,0.0,1.0,0.0,0
9.0,0.0,1.69,39.46,22.15,0.0,31.85,1.69,0.69,3.46,0.06,0.0,13.08,67.85,1.38,0.31,13.15,0.69,6.19,1.38,4.44,1.0,1.0,0.47,0.0,1302.91,0.69,0.0,1.0,0.0,1
0.76,0.0,1.0,22.33,0.24,0.76,10.67,1.0,0.0,0.0,0.31,2.62,0.76,76.19,1.0,0.0,0.71,1.0,0.71,0.71,5.52,5.52,62.66,0.71,0.71,2.0,1.0,0.0,3.52,0.0,0
2.53,0.0,1.0,0.0,0.0,0.0,66.82,6.06,5.49,6.91,0.08,0.42,87.92,39.24,2.16,0.84,27.74,1.42,3.53,1.16,4.07,1.73,1.0,0.11,0.0,26.47,0.92,0.0,1.0,0.42,0
0.0,0.0,1.0,4.91,0.0,1.96,93.26,1.0,0.0,0.0,2.03,0.0,30.47,98.16,0.02,0.98,6.87,0.02,4.13,0.0,0.69,0.02,1.0,0.0,0.0,0.0,0.98,0.0,1.98,0.98,1
0.0,0.0,1.0,0.0,0.0,0.0,3.13,1.0,0.0,0.01,0.21,0.0,2.0,0.0,4.0,0.0,0.04,1.0,0.53,0.02,1.52,1.02,1.0,0.75,0.0,0.0,0.0,0.0,1.0,0.0,0
0.0,0.0,1.0,0.1,0.0,0.0,35.3,1.0,0.0,1.3,1.47,0.0,3.5,37.36,2.8,0.0,9.31,1.0,4.18,1.1,4.62,3.7,1.0,0.03,0.0,0.0,0.0,0.0,1.3,1.0,0
0.92,0.0,1.92,0.92,0.92,0.0,3.16,5.59,0.0,2.75,0.06,0.0,7.05,60.59,2.0,1.84,1.82,1.92,2.6,0.92,2.27,0.92,1.0,0.52,0.0,0.0,0.92,0.0,1.08,0.0,1
1.0,0.0,1.09,0.09,0.09,5.45,23.0,1.46,0.0,0.27,0.22,0.91,4.09,6.01,1.09,0.18,16.45,2.0,2.73,0.09,8.38,1.0,1.0,2.48,0.0,204.51,1.0,0.0,1.0,0.0,0
0.0,0.0,1.0,0.14,0.0,0.0,10.29,1.0,0.0,0.0,2.57,0.0,1.0,14.21,0.28,63.48,0.86,0.14,23.43,23.43,0.14,0.14,1.0,0.0,0.0,0.0,0.0,0.0,1.0,0.0,0
0.62,0.0,1.77,0.62,1.0,0.0,26.62,2.23,0.0,4.31,0.73,0.38,5.55,61.64,2.85,0.0,8.69,1.62,6.14,4.6,3.72,2.92,1.15,0.77,0.77,0.0,0.0,0.0,1.0,2.23,0
99.25,13.28,1.7,5.59,30.75,0.0,265.61,5.19,2.1,10.48,0.05,0.0,348.39,69.9,2.4,0.0,35.25,1.7,4.65,0.3,4.02,1.0,0.3,0.59,0.0,182.43,0.27,0.0,1.7,7.69,1
0.0,0.0,1.0,0.0,0.0,0.0,7.01,1.0,0.0,0.46,0.29,0.0,10.61,13.41,4.08,0.0,5.38,1.0,4.87,2.31,6.57,1.54,1.0,0.66,0.0,104.55,0.62,0.0,2.0,0.77,0
0.0,0.0,1.0,0.0,1.58,0.4,32.98,1.0,0.0,0.0,4.83,1.19,0.6,0.0,0.4,1.21,4.56,0.4,3.97,3.38,4.66,1.4,1.0,0.74,0.0,79.18,0.4,0.0,1.4,1.58,0
0.0,0.0,1.0,0.0,0.0,0.0,6.43,1.0,0.0,1.58,0.98,0.0,3.37,19.78,2.0,3.17,2.58,1.0,2.97,1.58,1.78,0.79,1.0,0.0,0.0,9.5,0.79,0.0,1.0,0.0,0
0.0,0.07,1.0,0.0,0.0,0.99,42.69,1.0,0.0,0.99,1.12,0.0,6.03,32.76,2.98,2.99,9.96,1.99,4.81,0.99,2.32,0.99,1.0,0.37,0.0,3.97,0.66,0.0,2.99,1.99,0
0.0,0.09,1.0,0.0,0.0,0.0,8.0,1.0,0.0,3.28,0.31,0.91,2.19,8.6,2.81,0.0,9.34,1.0,6.41,4.53,5.1,3.72,0.91,0.0,0.0,0.0,0.0,0.0,1.91,0.0,0
4.34,0.0,1.0,2.59,5.31,1.04,49.18,1.0,0.0,0.0,1.07,0.0,16.05,51.77,0.48,0.52,3.62,0.48,2.83,0.0,1.32,0.48,1.0,0.0,0.0,0.0,0.52,0.0,1.52,1.96,0
0.88,0.0,1.0,25.45,0.0,0.88,13.26,1.0,0.0,0.37,0.4,0.12,1.12,87.75,1.25,0.0,1.23,1.0,0.92,0.74,1.55,1.37,1.0,0.0,0.0,1.75,0.88,0.0,3.75,0.0,0
0.0,0.0,1.0,0.43,0.0,0.0,0.0,1.0,0.0,0.0,0.0,0.0,22.02,43.18,0.86,0.57,0.0,0.43,11.23,11.23,1.0,1.0,1.0,0.0,0.0,0.0,0.0,0.0,1.0,0.0,0
0.0,0.0,1.0,0.0,0.0,0.0,18.28,1.0,0.0,1.04,0.73,0.52,1.52,0.0,2.04,0.0,5.7,1.0,4.13,3.61,3.35,3.09,1.0,0.0,0.0,0.0,0.0,0.0,1.52,0.0,0
0.62,0.0,1.0,1.24,0.0,0.38,14.41,1.0,0.76,0.76,0.38,0.0,4.0,70.07,2.62,4.93,1.52,1.0,4.54,0.0,2.39,1.0,1.0,0.25,0.0,0.0,0.62,0.0,2.14,1.14,0
0.46,0.0,2.0,0.46,0.46,1.08,29.56,3.29,0.0,3.54,0.42,0.0,7.17,67.63,2.0,0.92,6.96,1.46,3.31,1.0,2.26,1.0,1.0,0.7,0.0,0.0,0.46,0.0,2.08,1.63,0
0.0,0.0,1.0,0.0,0.0,0.0,35.35,1.0,0.0,0.0,2.03,0.0,1.97,0.0,2.92,2.0,7.81,0.97,6.46,6.46,3.41,1.95,1.0,0.0,0.0,0.0,0.0,0.0,1.97,0.0,0
0.0,0.0,1.0,0.0,0.0,0.25,10.13,1.0,0.0,0.0,0.37,0.0,10.03,0.0,4.51,0.0,7.49,1.0,5.2,2.51,5.64,1.75,1.0,0.59,0.0,81.35,0.75,0.0,1.49,0.49,0
0.0,0.0,1.0,0.24,0.0,0.0,20.49,1.0,0.0,0.0,3.42,0.0,1.0,24.1,2.0,0.0,0.76,1.0,6.27,6.27,0.24,0.24,1.0,0.0,0.0,0.0,0.0,0.0,1.0,0.0,0
0.0,0.0,1.0,1.26,0.84,2.09,77.11,1.0,0.0,2.58,1.26,0.58,10.8,41.05,2.16,0.84,9.16,1.0,4.22,2.91,3.7,2.74,1.0,0.05,0.0,1.68,0.42,0.0,2.0,2.09,0
0.0,0.0,1.12,0.0,0.0,0.0,5.16,1.0,0.0,0.0,0.11,0.0,11.19,0.0,4.77,0.0,7.69,1.0,5.89,2.77,6.4,2.0,1.0,0.84,0.0,95.51,0.88,0.0,1.0,0.12,0
0.42,0.0,2.75,0.0,0.0,2.49,15.65,1.0,0.0,0.0,0.25,1.0,2.83,0.0,2.17,0.0,12.74,1.42,4.36,2.92,7.83,1.58,1.0,1.98,0.0,93.49,0.42,0.0,1.58,0.0,0
39.16,5.24,1.28,2.21,12.13,0.0,125.79,2.65,0.83,4.14,0.5,0.0,163.41,27.58,0.83,0.0,13.79,0.55,1.72,0.0,1.87,0.28,0.72,0.23,0.0,71.98,0.11,0.0,2.0,3.76,1
0.0,0.0,1.0,0.22,0.0,0.0,9.32,1.0,0.0,2.45,0.26,0.0,4.9,36.7,1.78,3.1,3.0,1.0,3.53,2.0,2.0,1.0,1.0,0.07,0.0,9.3,0.78,0.0,1.67,0.22,0
0.0,0.43,1.0,0.0,0.0,0.0,16.67,1.0,0.0,0.0,0.38,0.0,21.12,0.0,0.0,5.95,0.85,0.0,2.13,2.13,0.74,0.43,1.0,0.0,0.0,0.0,0.0,0.0,1.57,0.57,0
0.0,0.0,1.0,0.0,0.0,0.0,37.46,1.0,0.0,0.0,1.25,0.0,5.28,0.0,3.08,0.0,8.92,1.96,2.74,1.08,2.38,1.04,1.0,0.03,0.0,4.38,0.04,0.0,2.92,0.96,0
73.86,9.88,1.52,4.16,22.89,0.0,198.13,4.12,1.56,7.8,0.04,0.0,264.79,52.01,3.96,0.0,29.37,1.52,6.16,1.44,5.92,1.48,0.48,0.81,0.0,187.58,0.68,0.0,1.52,5.72,1
0.37,0.37,1.63,0.0,0.0,1.26,51.32,1.37,0.0,3.63,0.7,0.0,8.63,67.88,1.63,0.0,13.51,1.37,3.81,0.63,3.26,1.0,1.0,0.96,0.0,4.47,0.37,0.0,2.26,1.88,0
0.05,0.0,1.0,0.0,0.05,0.26,3.22,1.2,0.0,0.0,0.07,0.0,1.41,0.0,1.0,0.0,1.26,1.05,1.02,0.95,1.11,1.0,1.0,0.0,0.0,0.0,0.0,0.0,1.1,0.1,0
0.0,0.77,1.0,1.16,0.0,0.47,28.25,1.0,0.0,4.6,0.82,0.0,10.29,93.1,0.77,0.23,3.93,0.77,1.55,0.0,1.12,0.77,0.23,0.0,0.0,0.0,0.23,0.0,1.23,0.23,0
1.98,7.85,1.98,23.58,1.98,0.0,1.48,22.63,0.0,0.13,0.01,0.0,30.59,100.0,2.04,8.83,38.39,2.0,4.03,0.0,3.14,1.0,0.98,0.36,0.0,92.26,0.98,0.0,1.0,0.06,0
8.12,0.0,1.0,2.21,1.48,0.0,5.17,1.74,0.74,5.17,0.01,0.0,43.43,62.0,2.21,0.26,15.55,1.48,3.64,0.0,4.31,0.74,1.0,0.41,0.0,0.0,0.0,0.0,3.21,1.48,1
0.0,3.44,1.0,1.41,0.31,0.84,5.25,2.41,0.84,1.72,0.15,0.84,6.6,14.7,3.69,1.41,4.78,1.0,4.68,1.69,4.1,2.53,0.84,0.53,0.0,3.37,0.84,0.0,1.0,0.0,0
0.0,0.0,1.0,0.0,0.0,0.0,4.32,1.0,0.0,0.0,0.72,0.0,1.0,0.0,1.16,0.0,1.0,1.0,0.84,0.84,0.84,0.84,1.0,0.0,0.0,0.0,0.0,0.0,1.0,0.0,0
0.9,0.0,1.9,0.9,1.29,0.1,6.24,5.51,0.0,2.71,0.09,0.29,4.51,59.52,1.9,1.8,1.88,1.9,3.09,1.59,2.96,1.1,1.0,0.69,0.0,19.64,1.0,0.0,1.1,0.39,0
0.0,0.0,1.0,0.0,0.0,0.81,30.75,1.0,0.0,0.0,1.18,0.0,3.62,0.0,2.62,0.0,7.28,1.0,2.12,0.81,2.51,1.0,1.0,0.0,0.0,0.0,0.0,0.0,2.62,1.62,0
0.23,0.23,1.0,0.0,0.0,0.0,14.17,1.23,0.0,3.0,0.39,0.77,3.37,15.08,2.54,0.0,10.23,1.23,6.41,4.63,5.04,3.31,1.0,0.06,0.0,2.74,0.23,0.0,1.77,0.0,0
0.45,0.0,1.23,0.45,0.45,0.0,29.5,1.23,0.0,2.23,1.06,0.45,5.55,59.82,1.23,0.0,0.91,1.0,1.1,0.23,2.02,0.23,1.0,0.37,0.0,0.0,0.0,0.0,2.45,0.68,0
0.05,0.0,1.0,2.36,0.0,0.05,70.13,1.95,0.0,8.56,0.39,0.0,51.42,100.0,1.0,0.0,8.56,1.0,14.71,0.0,1.86,1.0,0.05,0.05,0.0,0.1,1.0,0.0,3.05,2.85,1
0.6,0.0,1.6,0.6,0.6,0.0,13.86,4.39,0.4,1.79,0.26,0.0,4.6,39.46,2.4,1.2,1.4,1.6,1.7,0.6,2.5,0.6,1.0,0.57,0.0,0.0,1.0,0.0,1.0,0.4,0
0.0,0.0,1.0,0.2,0.4,0.0,36.18,1.2,0.2,0.2,1.13,0.0,5.0,11.67,3.2,0.0,8.8,2.0,2.65,1.0,2.62,1.0,1.0,0.08,0.0,0.0,0.0,0.0,2.6,1.0,0
0.0,0.0,1.0,0.0,0.0,0.33,23.97,1.0,0.0,1.33,0.22,0.0,24.68,23.63,2.0,6.32,13.66,2.0,5.63,0.0,3.38,0.33,1.0,0.29,0.0,0.0,0.0,0.0,2.33,1.0,1
0.28,0.0,1.0,8.23,0.0,0.28,26.17,1.0,0.0,0.72,0.59,0.0,6.01,36.99,1.72,0.0,5.01,1.0,3.76,1.43,1.63,1.0,1.0,0.0,0.0,0.57,1.0,0.0,1.85,0.0,0
0.0,0.0,1.0,1.17,6.39,1.76,30.44,1.0,1.17,0.59,0.65,0.0,11.05,42.74,3.34,1.17,5.27,1.0,1.87,0.59,2.23,0.59,1.0,0.44,0.0,43.32,0.59,0.0,1.41,1.0,0
0.0,0.0,1.0,0.0,0.0,0.0,22.6,1.0,0.0,0.73,0.48,0.0,6.1,8.75,2.54,0.0,5.92,1.0,6.81,4.44,1.91,1.27,1.0,0.0,0.0,0.0,1.0,0.0,1.0,0.0,0
0.0,0.0,1.0,0.47,0.93,0.0,12.18,1.47,0.47,0.47,0.26,0.0,3.4,27.03,3.47,0.0,4.8,1.47,2.67,0.47,2.8,1.0,1.0,0.19,0.0,4.81,0.53,0.0,1.0,0.47,0
0.0,0.0,1.0,0.0,0.0,0.0,17.36,1.0,0.0,2.51,0.76,0.51,3.97,28.57,2.01,0.0,5.07,1.0,3.96,2.54,3.28,2.03,1.0,0.11,0.0,0.0,0.0,0.0,2.0,0.0,0
0.93,0.0,1.0,0.07,0.93,4.67,63.65,4.8,0.0,0.59,1.28,0.0,11.94,6.54,1.0,0.0,6.2,1.93,2.23,0.0,3.02,1.0,0.93,0.0,0.0,0.0,0.07,0.0,3.0,2.07,0
0.0,0.0,1.0,0.0,0.0,0.0,3.48,1.0,0.0,0.0,0.06,0.0,19.36,0.0,2.38,0.0,7.58,1.0,3.22,0.0,2.7,0.38,1.0,0.0,0.0,3.42,0.38,0.0,1.62,0.0,0
0.0,2.47,1.0,1.01,0.22,0.0,4.01,2.01,0.0,1.23,0.2,0.0,4.69,10.55,3.78,1.01,1.01,1.0,0.77,0.0,1.45,0.89,0.89,0.68,0.0,0.0,0.0,0.0,1.0,0.0,0
0.0,0.0,1.0,0.0,0.0,0.0,0.2,1.0,0.0,0.41,0.01,0.0,1.61,5.09,3.59,0.81,3.0,1.0,9.52,9.17,2.05,1.8,1.0,0.0,0.0,2.44,1.0,0.0,1.0,0.0,0
0.0,1.89,1.0,0.77,0.17,0.0,1.03,1.77,0.91,0.94,0.01,0.0,4.06,8.06,1.09,0.77,0.77,1.0,0.71,0.0,1.46,0.91,0.91,0.74,0.0,0.0,0.0,0.0,1.0,0.0,0
0.33,0.0,1.67,0.0,0.0,3.33,43.01,1.0,0.0,2.67,0.57,0.33,7.34,46.03,1.67,0.0,14.0,1.33,3.58,0.67,4.55,1.0,1.0,1.43,0.0,74.91,0.33,0.0,2.33,2.0,1
0.0,0.0,1.0,0.0,0.0,0.0,13.38,1.0,0.0,0.0,3.34,0.0,1.0,0.0,1.71,0.86,1.57,0.57,2.71,2.71,1.57,1.57,1.0,0.0,0.0,3.41,0.57,0.0,1.0,0.0,0
0.0,0.0,1.0,0.0,0.0,0.68,29.16,1.0,0.0,0.68,0.62,0.0,5.39,28.48,2.36,0.0,7.46,1.68,2.39,0.0,3.0,1.0,1.0,0.3,0.0,0.0,0.0,0.0,3.03,1.36,0
0.3,0.0,1.3,0.0,0.0,0.0,26.23,1.0,0.0,0.0,6.04,0.0,1.9,0.0,1.2,1.4,2.39,0.3,2.05,1.6,0.82,0.6,1.0,0.3,0.0,0.0,0.0,0.0,1.0,0.0,0
0.0,0.0,1.0,2.35,1.57,3.92,135.78,1.0,0.0,1.57,2.04,0.0,18.46,76.8,1.43,1.57,6.7,1.0,0.82,0.0,1.26,1.0,1.0,0.09,0.0,5.08,1.0,0.0,1.78,3.92,0
0.0,0.0,0.4,1.21,0.0,0.0,16.25,1.0,0.0,0.79,0.29,0.0,3.57,26.16,0.79,0.0,5.15,1.19,0.84,0.0,1.14,0.4,0.4,0.14,0.0,0.0,0.0,0.0,1.79,1.19,0
0.21,0.0,1.0,0.0,0.42,0.21,3.79,1.21,0.0,0.0,0.05,0.0,3.47,0.0,1.21,0.0,3.79,1.0,0.82,0.0,1.95,1.21,1.0,0.08,0.0,6.74,0.19,0.0,1.0,0.21,0
0.0,0.0,1.44,0.56,1.12,0.88,40.78,1.56,0.56,2.32,0.57,0.0,6.75,62.82,3.12,0.0,11.07,1.56,3.55,1.0,3.77,1.0,1.0,0.82,0.0,0.0,0.0,0.0,1.88,1.88,0
17.16,6.94,1.41,5.68,23.47,1.77,94.08,2.63,1.18,3.45,0.69,0.0,30.96,84.03,4.18,1.18,18.8,1.82,4.42,0.59,4.4,1.0,0.59,0.87,0.0,81.76,0.76,0.0,1.41,5.49,1
0.37,0.0,1.0,10.76,0.0,0.37,26.58,1.0,0.0,0.0,5.5,0.0,1.0,37.12,0.37,1.26,0.0,0.37,0.63,0.63,0.37,0.37,1.0,0.0,0.0,0.74,0.37,0.0,2.11,0.0,0
4.46,0.0,1.0,3.34,5.01,0.0,0.0,1.0,0.0,0.0,0.0,2.78,0.44,48.45,1.0,0.0,0.0,1.0,2.72,1.11,1.68,1.0,1.0,0.74,0.0,0.0,0.0,0.0,1.0,0.0,0
0.57,2.29,1.0,0.57,1.14,1.14,10.85,1.57,0.0,2.29,0.18,0.0,4.29,31.42,2.14,0.0,1.14,1.57,2.57,0.57,2.43,1.57,1.0,0.48,0.0,35.42,0.57,0.0,1.0,0.0,0
0.0,12.15,1.0,5.42,1.1,0.0,39.31,6.42,0.0,10.1,0.22,0.0,38.54,96.69,1.55,4.97,9.0,1.0,8.54,0.0,1.45,0.45,0.0,0.11,0.0,0.0,0.45,0.0,1.9,1.34,1
5.1,0.0,1.0,0.0,8.06,0.0,122.38,9.42,9.12,10.52,0.11,1.0,145.22,65.24,1.0,1.4,46.88,1.7,5.17,0.6,6.37,0.9,1.0,0.37,0.0,61.79,0.72,0.0,1.6,2.49,1
2.57,0.0,1.0,0.0,0.0,0.0,85.05,6.15,5.58,6.43,0.65,0.43,92.79,39.89,1.57,0.86,29.88,1.43,2.57,0.0,2.54,0.0,1.0,0.11,0.0,25.74,0.92,0.0,1.0,0.43,0
103.32,14.06,1.73,5.81,31.93,0.0,285.37,5.63,2.18,11.71,0.24,0.0,363.6,90.67,2.45,0.0,39.3,2.0,5.27,0.0,4.82,1.0,0.27,0.68,0.0,192.7,0.56,0.0,1.73,7.98,1
0.0,0.0,0.12,1.76,0.0,0.12,5.12,1.0,0.0,0.12,0.12,0.0,0.83,5.0,0.24,0.12,0.95,0.24,0.58,0.12,0.26,0.12,0.12,0.0,0.0,0.0,0.0,0.0,1.36,0.12,0
0.22,0.0,1.22,0.0,0.0,0.0,6.44,1.0,0.78,0.78,0.45,0.0,2.44,39.03,3.22,1.56,1.76,1.0,2.94,1.44,2.16,1.22,1.0,0.22,0.0,0.0,0.0,0.0,1.0,0.0,0
0.93,0.0,0.93,0.14,0.0,0.0,0.0,1.0,0.0,2.79,0.0,0.0,3.72,46.49,2.79,0.0,6.51,0.93,5.58,2.79,3.49,1.86,0.93,0.0,0.0,0.0,0.0,0.0,1.0,0.0,0
0.0,0.0,1.0,0.0,0.0,0.0,0.31,1.0,0.0,0.0,0.03,0.0,6.12,0.0,0.94,0.69,2.69,0.31,2.59,0.0,1.07,0.31,1.0,0.0,0.0,2.82,0.31,0.0,1.0,0.0,1
0.39,0.78,1.0,0.26,0.13,0.0,37.45,2.42,0.0,2.07,1.14,0.0,9.14,10.35,2.87,1.03,8.22,2.0,2.62,0.87,2.23,0.87,1.0,0.1,0.0,0.0,0.0,0.0,2.74,0.87,0
0.0,0.0,3.8,0.0,0.0,0.0,8.8,1.0,0.07,0.07,0.28,0.93,2.0,3.31,3.0,0.13,8.4,1.0,5.3,4.73,6.67,1.93,1.0,1.4,0.0,0.0,0.0,0.0,1.93,0.0,0
0.85,0.85,1.0,0.15,0.0,0.0,35.46,1.85,0.0,3.15,0.75,0.0,8.0,67.67,1.0,0.0,9.78,1.85,2.75,0.3,3.14,1.0,1.0,0.28,0.0,10.17,0.85,0.0,1.46,0.15,0
40.5,16.39,1.96,10.61,54.0,0.0,149.47,4.86,0.0,6.79,0.09,0.0,67.72,96.43,2.93,0.0,31.86,2.96,6.01,0.04,5.77,1.04,0.04,1.02,0.0,89.68,0.4,0.0,2.0,11.57,1
1.0,0.0,1.08,4.4,2.47,0.0,3.55,1.08,0.08,0.39,0.01,0.0,7.54,7.57,0.15,0.92,4.24,0.08,3.11,0.15,1.27,0.08,1.0,0.05,0.0,145.4,0.08,0.0,1.0,0.0,0
0.0,0.0,3.84,0.0,0.0,0.05,10.55,1.0,0.0,0.0,0.32,0.95,2.11,0.0,3.0,0.0,9.0,1.0,5.34,4.79,6.77,1.95,1.0,1.42,0.0,0.0,0.0,0.0,2.05,0.11,0
0.0,0.0,1.0,0.0,0.0,0.0,20.16,1.0,0.0,0.52,0.54,0.0,4.35,0.0,2.52,0.48,4.87,1.96,2.12,1.04,2.34,2.04,1.0,0.0,0.0,1.04,0.52,0.0,1.96,1.44,0
0.0,0.0,1.0,0.0,0.0,0.0,0.0,1.0,0.11,0.0,0.0,0.0,1.11,0.0,1.0,0.0,0.0,1.0,0.05,0.0,1.05,1.0,1.0,0.09,0.0,0.0,0.0,0.0,1.0,0.0,0
0.0,0.0,2.14,0.0,2.3,0.43,30.32,1.0,0.0,0.0,0.71,1.86,0.0,0.0,1.0,0.0,11.7,1.0,10.49,9.84,7.84,4.27,2.14,1.94,1.14,86.45,0.43,0.0,1.43,2.3,0
0.0,0.0,1.0,0.0,0.0,0.0,30.29,1.71,0.71,0.0,2.62,0.0,3.14,0.0,2.14,0.57,1.71,0.71,0.64,0.29,2.43,0.29,1.0,0.41,0.0,0.0,0.71,0.0,1.0,0.71,0
0.26,0.0,1.26,0.0,0.0,0.0,2.1,1.0,0.0,0.0,0.07,0.0,2.53,0.0,1.79,0.0,2.1,1.0,1.55,0.79,1.83,1.26,1.0,0.26,0.0,0.0,0.0,0.0,1.0,0.0,0
0.0,0.31,1.0,0.0,0.0,0.0,2.45,1.0,0.0,1.84,0.14,0.0,27.57,27.93,0.31,0.69,0.92,0.31,0.23,0.0,1.08,1.0,0.69,0.0,0.0,0.0,0.0,0.0,1.0,0.0,0
0.0,0.0,1.0,0.0,0.0,0.58,35.92,1.0,0.0,2.32,0.34,0.0,8.53,41.14,1.58,11.01,11.01,2.74,5.55,0.0,2.32,1.0,1.0,0.51,0.0,0.0,0.0,0.0,2.16,1.74,0
2.03,0.0,1.97,1.94,2.76,0.0,38.09,1.97,0.0,2.91,0.46,1.97,3.88,63.99,1.97,0.0,4.15,1.0,2.06,1.03,5.59,1.06,1.0,0.88,0.0,2.01,0.02,0.0,3.97,3.09,0
0.63,0.0,1.37,1.26,0.74,0.0,13.74,1.0,0.0,8.91,0.27,0.0,4.0,83.54,2.26,0.0,1.11,1.37,0.97,0.0,1.4,1.0,0.63,0.19,0.0,7.43,1.0,0.0,1.0,0.0,0
0.0,0.0,1.0,0.0,0.0,0.0,40.46,1.0,0.0,1.85,1.32,0.0,8.38,60.92,1.85,0.15,12.0,2.77,2.03,0.08,2.67,0.92,1.0,0.34,0.0,0.0,0.0,0.0,2.85,2.77,0
0.21,0.0,1.21,0.0,0.0,0.0,1.65,1.0,0.0,0.0,0.06,0.0,1.62,0.0,1.62,0.0,2.44,1.0,1.72,1.41,1.36,1.21,1.0,0.21,0.0,0.0,0.0,0.0,1.0,0.0,0
0.35,0.0,1.0,1.95,1.3,5.35,121.37,1.0,0.0,1.3,1.76,0.35,16.37,63.81,1.0,1.3,11.49,1.35,1.19,0.0,3.92,1.0,1.0,1.0,0.0,81.1,1.0,0.0,1.65,3.26,0
0.0,0.0,1.0,0.25,0.0,0.0,31.96,1.75,0.75,0.98,0.67,0.0,4.98,18.9,2.51,0.0,2.25,1.0,1.05,0.49,2.54,0.25,1.0,0.5,0.0,0.0,0.75,0.0,1.74,1.0,0
0.0,0.0,1.0,0.0,0.0,0.0,3.11,1.0,0.52,1.0,0.26,0.0,2.96,37.98,2.04,1.04,0.48,1.0,1.66,0.52,1.76,1.0,1.0,0.0,0.0,0.0,0.0,0.0,1.0,0.0,0
2.79,2.57,1.36,0.64,2.36,4.86,440.24,1.64,0.0,2.57,0.56,0.36,40.33,35.33,2.28,0.0,57.43,1.64,4.57,1.0,4.73,1.64,1.0,0.74,0.0,2998.51,0.92,0.36,1.72,0.0,1
0.0,2.87,1.0,0.96,0.0,3.83,64.37,1.96,0.0,1.92,1.48,0.0,7.71,24.91,1.04,0.0,1.0,1.96,2.04,0.96,1.92,0.96,1.0,0.48,0.0,7.67,0.96,0.0,1.0,0.0,0
0.33,0.66,1.0,0.22,0.11,0.0,7.44,2.22,0.0,1.77,0.05,0.0,30.77,8.86,2.0,0.89,10.11,1.11,3.56,0.0,3.32,0.0,1.0,0.08,0.0,0.0,0.0,0.0,1.89,0.0,0
0.0,0.0,1.0,0.0,0.0,0.0,10.43,1.0,0.0,0.0,0.54,0.0,3.08,0.0,2.98,0.0,7.94,1.0,5.23,3.92,2.29,1.96,1.0,0.0,0.0,0.0,0.02,0.0,1.98,0.0,0
3.72,0.0,1.0,0.0,0.0,0.0,97.32,8.44,8.06,9.3,0.05,0.62,142.76,57.65,0.62,1.62,39.05,1.24,3.48,0.0,3.81,0.38,1.0,0.15,0.0,37.19,0.5,0.0,1.0,0.62,1
0.85,1.52,1.0,0.0,0.0,5.09,21.2,1.0,0.0,0.0,0.2,0.85,4.91,0.0,0.85,0.3,16.02,1.7,2.47,0.0,7.63,0.85,1.0,2.28,0.0,190.8,0.85,0.0,1.15,0.0,0
3.61,0.0,1.28,16.53,8.87,0.0,12.76,1.28,0.28,1.39,0.02,0.0,1.28,99.45,2.0,0.0,5.27,1.0,21.27,19.34,2.38,1.0,1.0,0.19,0.0,521.92,0.28,0.0,1.0,0.0,0
0.0,0.0,1.0,2.41,4.37,4.01,138.88,1.0,0.0,1.61,2.07,0.0,22.61,78.67,1.0,1.61,6.42,1.0,0.29,0.0,1.08,0.8,1.0,0.09,0.0,3.21,0.8,0.0,2.0,4.21,0
0.0,0.0,1.0,0.92,0.62,1.54,81.6,1.0,0.0,2.0,1.29,0.0,13.31,75.84,1.69,0.62,11.46,2.38,1.57,0.0,2.37,1.0,1.0,0.29,0.0,1.23,0.31,0.0,2.69,3.62,0
0.0,0.0,1.02,0.0,0.0,0.02,41.09,1.0,0.0,2.0,0.72,0.0,8.95,65.86,2.02,0.0,13.0,2.96,2.13,0.02,2.9,1.0,1.0,0.38,0.0,0.0,0.0,0.0,3.0,2.98,1
0.0,0.0,1.0,0.0,0.0,0.0,0.41,1.0,0.0,0.41,0.03,0.0,1.0,0.0,1.82,0.0,1.41,1.0,1.41,1.41,1.82,1.82,1.0,0.0,0.0,0.82,0.41,0.0,1.0,0.0,0
0.58,0.0,1.0,1.15,0.0,0.0,14.85,1.0,0.0,0.42,0.64,0.0,3.58,57.18,3.0,0.0,4.24,1.0,2.27,0.42,2.84,2.27,1.0,0.0,0.0,0.0,0.58,0.0,1.0,0.42,0
0.0,0.21,1.0,0.0,0.0,0.0,8.0,1.0,0.0,3.62,0.33,0.79,2.41,18.73,2.59,0.0,8.56,1.0,5.71,3.97,4.63,3.38,0.79,0.0,0.0,0.0,0.0,0.0,1.79,0.0,0
0.0,0.0,1.96,0.0,0.48,0.0,30.67,1.0,0.0,1.04,1.19,1.0,1.04,0.0,2.04,0.0,11.44,1.0,9.41,8.89,5.74,5.48,1.96,0.96,0.96,0.0,0.0,0.0,1.52,0.48,0
0.0,0.0,1.0,0.18,0.09,1.18,61.12,1.0,0.18,3.74,0.63,0.0,13.12,71.18,2.26,17.5,18.12,3.74,9.01,0.09,3.3,1.0,1.0,0.86,0.0,6.52,0.09,0.0,2.82,2.82,0
0.0,0.0,1.0,0.0,0.0,0.0,32.16,1.0,0.0,0.77,0.97,0.0,6.6,9.2,2.23,0.0,7.23,1.0,5.42,2.93,2.25,1.23,1.0,0.0,0.0,0.0,0.77,0.0,1.23,0.0,0
0.03,0.0,1.0,0.01,0.0,0.0,3.01,1.0,0.0,0.02,0.21,0.0,2.13,0.2,4.0,0.0,0.05,1.0,0.51,0.0,1.51,1.0,1.0,0.75,0.0,0.0,0.0,0.0,1.01,0.0,0
0.0,0.0,1.15,0.0,0.0,0.3,9.87,1.0,0.0,0.59,0.11,0.0,11.56,10.2,4.56,0.0,8.18,1.0,5.84,2.7,7.49,1.85,1.0,0.87,0.0,115.9,0.68,0.0,2.15,1.3,0
2.37,0.0,1.39,0.0,1.18,4.55,475.19,1.0,0.61,0.0,0.48,1.0,42.1,0.0,2.82,0.0,64.43,1.0,5.14,1.61,5.83,2.21,1.0,0.59,0.0,3270.36,0.91,0.39,1.79,0.0,0
0.0,0.0,1.0,0.0,0.0,0.0,19.3,1.0,0.0,0.0,1.07,0.0,1.54,0.0,3.0,0.0,6.14,1.0,5.54,5.54,3.27,2.46,1.0,0.0,0.0,0.0,0.46,0.0,1.54,0.0,0
0.0,3.68,1.0,0.92,1.84,0.08,11.34,1.0,5.53,4.0,0.09,0.0,8.47,64.55,2.92,3.34,10.71,1.24,13.37,4.61,4.4,2.84,1.0,1.45,0.0,12.89,0.92,0.0,1.16,1.16,1
0.0,0.0,1.0,0.0,0.0,1.69,24.41,1.0,0.84,1.84,0.23,0.84,9.53,70.16,3.0,0.0,14.12,1.0,4.89,1.84,7.16,1.0,1.0,0.95,0.0,11.81,0.84,0.0,1.31,0.31,0
0.0,0.0,1.0,0.0,0.0,0.0,30.69,1.0,0.0,0.23,1.05,0.0,7.08,3.82,1.92,0.0,4.69,1.08,2.45,0.08,0.39,0.08,1.0,0.0,0.0,0.0,0.92,0.0,1.0,0.0,0
0.0,0.0,1.0,0.8,0.0,0.0,65.24,1.8,0.0,7.37,0.62,0.0,43.58,86.31,1.41,0.0,9.2,1.0,13.19,0.2,2.54,1.61,0.2,0.04,0.0,0.0,0.8,0.0,2.59,2.59,1
0.0,0.0,1.0,0.0,0.0,0.0,21.36,1.0,0.0,0.0,0.49,0.0,28.62,0.0,0.0,0.26,0.79,0.0,0.69,0.0,0.64,0.0,1.0,0.0,0.0,0.0,0.0,0.0,1.74,0.74,0
0.48,0.0,1.0,0.0,0.48,0.0,29.38,1.0,0.48,1.05,1.33,0.0,4.57,30.37,2.43,0.0,4.76,1.0,2.7,0.48,1.83,0.95,1.0,0.12,0.0,0.0,0.0,0.0,1.52,0.95,0
0.0,0.0,1.0,0.0,0.0,0.0,0.0,1.0,0.0,0.0,0.0,0.0,1.0,0.0,1.46,0.0,0.46,1.0,1.7,1.7,1.15,1.15,1.0,0.0,0.0,0.0,0.15,0.0,1.0,0.0,0
79.5,10.64,1.56,4.48,24.63,0.44,231.68,4.36,1.68,8.84,0.44,0.0,281.9,74.47,3.0,0.0,32.84,2.0,4.93,0.0,4.61,1.0,0.44,0.67,0.0,146.13,0.22,0.0,2.88,7.04,1
0.91,0.0,1.0,0.0,0.0,0.0,0.71,1.0,0.0,3.0,0.03,0.09,3.82,45.54,3.0,0.0,7.27,1.0,6.13,3.27,3.91,2.18,1.0,0.0,0.0,0.0,0.0,0.0,1.09,0.0,0
0.23,0.91,1.0,0.23,0.46,0.46,29.03,1.23,0.0,1.69,0.55,0.0,6.77,67.34,3.0,0.0,3.54,1.23,2.6,1.0,3.58,1.23,1.0,0.7,0.0,14.18,0.23,0.0,2.54,1.54,0
0.0,0.0,1.0,0.0,0.0,1.27,93.65,0.37,0.0,0.73,0.8,2.54,2.19,21.19,0.37,0.0,0.0,0.37,2.76,0.63,3.12,0.63,1.0,0.68,0.0,1.27,0.63,0.0,1.37,0.63,0
0.0,0.0,1.0,0.0,0.0,0.0,41.99,1.0,0.0,2.91,0.67,0.0,9.79,58.16,2.03,0.0,11.88,1.97,3.46,1.09,2.88,1.03,1.0,0.4,0.0,0.0,0.0,0.0,2.97,2.91,0
0.37,0.0,1.0,0.0,0.0,2.83,11.68,1.0,0.63,0.0,0.19,1.0,3.37,0.0,2.9,0.0,9.12,1.37,4.18,1.27,6.25,2.27,1.0,1.36,0.0,84.81,1.0,0.0,1.0,0.0,0
0.61,0.61,1.0,0.0,0.0,3.04,148.18,1.0,0.0,6.65,1.26,0.0,20.79,65.22,1.0,0.0,2.83,2.0,14.81,0.39,2.11,0.39,1.0,0.06,0.0,0.0,0.61,0.0,2.22,1.83,0
0.0,0.0,1.0,0.0,0.0,0.0,38.5,1.0,0.0,0.83,1.2,0.42,5.5,0.0,2.42,0.58,8.83,2.17,4.23,2.5,3.24,2.67,1.0,0.0,0.0,0.0,0.0,0.0,2.58,1.75,0
0.91,3.64,1.0,1.0,1.91,1.82,17.27,1.91,0.0,3.64,0.29,1.0,5.45,49.99,2.82,0.0,2.09,1.91,4.02,1.18,4.66,3.64,24.58,1.03,0.27,56.54,1.0,0.0,1.09,0.0,1
1.0,0.31,1.69,0.69,0.69,0.0,13.05,4.74,0.0,3.0,0.26,0.0,5.94,66.0,1.69,1.37,4.14,2.0,2.58,0.69,2.59,1.0,1.0,0.47,0.0,3.77,1.0,0.0,1.0,0.0,0
0.0,0.0,1.0,0.0,0.0,0.0,24.79,1.0,0.0,2.75,0.75,0.0,7.43,45.91,1.16,0.0,1.08,1.92,26.61,1.25,1.66,1.08,1.0,0.0,0.0,0.49,0.08,0.0,1.0,0.0,0
0.91,0.0,1.0,0.0,0.91,0.0,30.28,1.0,0.91,0.0,1.58,0.0,2.83,0.0,3.66,6.35,9.23,0.91,6.32,2.89,2.51,1.83,1.0,0.0,0.0,0.0,0.0,0.0,1.0,1.83,0
0.0,0.0,0.3,2.0,0.3,0.89,15.41,1.0,0.59,0.3,0.33,0.0,1.19,21.63,1.48,0.59,2.67,0.3,0.95,0.3,1.01,0.3,0.3,0.22,0.0,21.93,0.3,0.0,1.0,0.3,0
0.95,0.0,1.05,0.95,0.95,0.0,27.48,2.9,0.0,6.66,0.6,0.0,8.81,95.19,3.95,0.0,6.34,1.95,2.59,0.05,2.43,1.05,0.05,0.06,0.0,0.0,0.0,0.0,1.0,2.9,0
0.0,0.0,1.0,0.15,0.0,0.0,27.07,1.0,0.0,0.85,0.52,0.0,6.08,75.47,2.85,0.0,3.38,1.0,5.82,4.85,3.3,1.0,1.0,0.56,0.0,0.0,0.0,0.0,2.69,1.69,0
0.0,5.41,1.0,0.0,0.0,0.0,14.24,1.0,0.0,0.0,3.56,0.0,5.87,0.0,0.0,2.0,3.16,0.0,0.95,0.46,0.46,0.46,1.0,0.08,0.0,0.0,0.0,0.0,1.54,0.0,0
0.6,0.0,1.0,0.0,0.6,0.0,31.6,1.0,0.6,0.0,1.3,0.0,4.62,0.0,3.19,0.0,7.98,1.0,2.95,0.6,1.75,1.19,1.0,0.0,0.0,0.0,0.4,0.0,1.0,1.19,0
0.13,0.0,1.0,0.0,1.2,0.0,27.62,1.0,0.0,2.87,0.79,0.04,7.65,47.78,1.0,0.0,1.35,1.96,27.54,1.04,1.92,1.09,1.0,0.03,0.0,2.93,0.02,0.0,1.09,0.27,0
0.93,0.0,1.0,0.35,0.0,5.72,29.96,1.0,0.0,0.0,0.37,0.93,5.92,7.09,0.93,0.07,17.22,1.86,2.85,0.0,8.41,0.93,1.0,2.48,0.0,209.04,1.0,0.0,1.07,0.07,0
0.23,0.0,1.0,0.0,0.23,0.0,7.2,1.0,0.23,0.0,0.33,0.0,1.45,0.0,1.68,0.0,2.25,1.0,1.07,0.23,1.39,1.23,1.0,0.0,0.0,0.0,0.0,0.0,1.0,0.45,0
0.0,0.0,1.48,0.0,0.0,0.48,37.63,1.52,0.52,0.95,0.68,0.0,4.95,27.67,3.0,0.0,7.25,1.0,1.85,0.48,3.16,0.48,1.0,1.01,0.0,0.0,0.52,0.0,1.95,1.48,0
0.53,0.53,1.0,0.0,0.0,0.0,36.88,1.53,0.0,1.59,0.98,0.0,6.59,35.02,1.94,0.0,10.06,2.0,2.68,0.47,2.89,1.0,1.0,0.14,0.0,6.37,0.53,0.0,1.94,0.47,0
0.0,9.21,1.0,4.35,2.0,0.0,19.56,5.35,0.58,5.19,0.31,0.0,13.79,73.07,3.16,3.77,8.42,1.58,2.89,0.58,2.94,0.58,0.58,0.3,0.0,0.0,0.0,0.0,1.0,0.58,0
0.0,0.0,1.0,0.0,0.0,0.0,9.23,1.0,0.0,0.53,0.37,0.26,6.42,0.0,0.79,0.74,4.85,0.26,3.78,1.58,2.09,1.32,1.0,0.0,0.0,0.0,0.0,0.0,1.26,0.0,0
0.52,0.0,1.52,0.0,0.0,0.0,4.64,1.0,0.0,0.48,0.18,0.0,2.56,0.0,3.52,0.0,5.12,1.0,3.3,2.52,2.87,2.48,1.0,0.52,0.0,0.96,0.48,0.0,1.0,0.0,0
39.22,15.87,1.93,10.27,52.29,0.07,147.58,4.73,0.0,6.6,0.16,0.0,65.76,95.56,3.0,0.2,31.48,2.93,6.1,0.07,5.62,1.0,0.07,1.01,0.0,87.1,0.43,0.0,2.07,11.34,1
0.0,0.0,1.0,0.0,1.7,0.42,15.3,1.0,0.0,0.0,0.16,1.27,1.15,0.0,1.0,0.0,5.4,1.0,4.19,3.55,4.93,1.42,1.0,0.79,0.0,84.98,0.42,0.0,1.42,1.7,0
0.0,0.0,2.57,0.0,0.0,0.0,4.72,1.0,0.0,0.48,0.14,0.52,3.9,0.0,2.05,0.0,5.2,1.48,3.44,3.1,5.34,2.0,1.0,0.79,0.0,0.0,0.0,0.0,2.0,0.0,0
0.0,0.0,1.0,0.0,0.0,0.0,13.87,1.0,0.0,0.68,0.6,0.0,4.14,11.39,2.54,0.0,6.4,1.23,10.64,3.32,2.17,1.77,1.0,0.0,0.0,0.0,0.0,0.0,1.77,0.0,0
0.0,0.0,1.0,0.0,0.0,0.0,2.41,1.0,0.0,1.3,0.05,0.0,13.13,16.22,2.0,2.59,5.81,1.0,3.72,1.3,2.67,0.65,1.0,0.0,0.0,7.78,0.65,0.0,1.35,0.0,0
0.32,0.0,1.0,9.99,0.0,0.32,30.3,1.0,0.0,2.72,0.81,0.0,5.75,84.38,1.0,0.0,2.04,1.0,1.87,1.36,1.08,1.0,1.0,0.2,0.0,0.64,0.32,0.0,4.0,0.68,1
0.0,0.0,1.0,0.0,0.0,0.0,17.39,1.0,0.0,1.29,0.79,0.0,4.22,37.35,1.0,0.0,0.36,1.0,0.89,0.36,1.0,0.36,1.0,0.14,0.0,0.0,0.0,0.0,1.64,0.0,0
2.58,0.0,1.21,0.21,21.5,0.0,32.97,2.06,0.0,0.63,0.15,0.79,1.06,13.95,1.21,0.42,7.31,1.21,3.77,1.79,7.03,2.58,1.0,0.64,0.0,52.05,0.61,0.0,2.58,4.73,1
0.59,0.0,1.59,0.0,0.0,0.0,15.72,1.0,0.0,0.81,0.66,0.0,4.81,23.55,2.78,0.0,4.75,1.0,3.01,1.78,2.04,1.19,1.0,0.68,0.0,0.0,0.0,0.0,1.41,0.0,0
0.64,0.0,1.0,0.0,5.8,0.0,30.01,1.0,0.0,2.36,0.68,0.21,6.28,39.26,1.0,0.0,2.72,1.79,23.36,1.21,3.07,1.43,1.0,0.14,0.0,14.17,0.11,0.0,1.43,1.29,0
0.0,17.58,1.0,7.19,1.6,0.0,9.59,8.19,0.0,8.99,0.07,0.0,21.58,80.15,1.8,7.19,7.39,1.0,2.49,0.0,1.16,0.2,0.2,0.12,0.0,0.0,0.0,0.0,1.0,0.0,0
0.0,0.0,1.0,0.73,0.48,2.73,59.28,1.0,0.76,2.0,0.75,0.76,13.14,76.77,2.52,0.48,14.07,1.0,4.18,1.52,6.2,1.0,1.0,0.79,0.0,11.58,1.0,0.0,1.24,1.21,0
0.0,0.0,1.0,0.0,0.0,0.0,24.82,1.0,0.0,0.0,4.14,0.0,1.0,0.0,2.08,0.0,1.08,1.0,0.32,0.32,0.16,0.16,1.0,0.0,0.0,0.49,0.08,0.0,1.0,0.0,0
66.78,8.94,1.47,3.76,20.69,0.53,198.83,3.82,1.41,7.05,0.81,0.0,236.31,47.03,3.0,0.0,28.28,1.47,4.25,0.53,3.96,1.0,0.53,0.4,0.0,122.74,0.18,0.0,2.53,6.23,1
0.0,0.0,1.0,0.0,0.0,0.0,29.37,1.0,0.0,0.95,0.62,0.0,8.22,11.35,2.16,0.0,7.0,1.0,5.3,2.05,2.13,1.05,1.0,0.04,0.0,5.86,1.0,0.0,1.0,0.0,0
8.64,0.0,1.0,0.0,10.56,0.0,1.08,1.0,0.0,0.12,0.03,0.0,0.32,2.0,1.0,0.0,0.04,1.04,2.46,0.04,1.98,1.0,1.0,0.0,0.0,0.0,0.0,0.0,1.0,2.88,1
1.69,6.78,1.85,20.33,1.69,0.0,0.85,19.64,0.0,0.0,0.0,0.0,26.41,84.71,2.15,7.62,33.65,1.85,4.2,0.76,3.13,1.31,1.0,0.31,0.0,79.62,1.0,0.0,1.0,0.0,0
0.0,0.0,1.0,0.0,0.0,0.0,0.71,1.0,0.0,0.0,0.05,0.0,1.24,0.0,4.0,0.0,2.29,1.0,8.51,8.39,1.88,1.76,1.0,0.18,0.0,0.0,0.76,0.0,1.0,0.0,0
0.0,0.0,1.0,0.0,0.0,0.76,32.84,1.0,0.0,1.24,0.7,0.0,6.27,37.89,2.76,0.97,9.07,1.76,3.4,0.48,3.36,1.0,1.0,0.34,0.0,2.9,0.24,0.0,3.27,1.52,0
0.0,0.0,1.0,0.0,0.0,0.0,38.48,1.0,0.0,0.42,1.25,0.0,5.9,13.88,2.42,0.58,8.84,2.16,3.13,0.42,3.04,2.26,1.0,0.0,0.0,0.0,0.0,0.0,2.16,2.16,0
0.0,0.0,1.0,0.0,0.0,0.84,4.31,1.0,1.0,0.16,0.21,0.84,2.84,7.77,3.84,0.31,3.38,1.0,4.61,1.84,4.25,2.69,1.0,0.51,0.0,3.38,0.84,0.0,1.0,0.0,0
0.0,0.0,1.0,0.0,0.0,0.14,30.45,1.0,0.07,1.07,0.63,0.07,8.14,16.0,2.07,0.0,7.62,1.0,5.26,2.0,2.28,1.0,1.0,0.07,0.0,0.96,1.0,0.0,1.0,0.0,0
0.64,1.28,1.0,0.43,0.21,1.57,109.56,2.56,0.0,3.42,0.46,3.15,7.91,17.09,0.43,1.71,0.64,0.43,3.63,0.79,3.92,0.79,1.0,0.9,0.0,1.57,0.79,0.0,1.0,0.79,0
1.0,0.0,1.0,0.45,1.0,2.77,46.92,4.11,0.0,3.13,1.0,0.0,9.0,44.68,2.34,0.0,6.0,2.0,1.84,0.0,2.74,1.0,0.55,0.0,0.0,0.0,0.0,0.0,2.11,2.45,0
0.0,0.0,1.0,0.0,0.0,0.04,1.56,1.0,0.0,0.96,0.06,0.0,5.92,0.0,1.08,0.0,1.33,1.96,1.22,1.0,3.47,1.96,1.0,0.0,0.0,0.0,0.0,0.0,2.04,0.08,0
0.0,0.0,1.0,0.0,0.0,0.0,32.41,1.52,0.52,0.48,1.02,0.0,3.52,15.9,3.0,0.0,5.85,1.0,2.35,0.48,3.96,1.93,1.0,0.3,0.0,0.0,0.52,0.0,1.0,1.0,0
0.0,0.0,1.0,0.0,0.0,0.0,7.78,1.0,0.0,0.34,0.13,0.0,11.49,11.19,4.49,0.0,8.02,1.34,5.41,2.49,7.34,1.83,1.0,0.71,0.0,112.94,0.66,0.0,2.17,1.34,0
0.0,0.0,1.0,0.0,0.0,0.0,9.35,1.0,0.0,0.14,0.5,0.0,3.07,1.81,2.93,0.29,7.64,1.0,5.22,3.86,2.33,1.93,1.0,0.0,0.0,0.87,0.07,0.0,1.93,0.0,0
0.0,0.0,3.65,0.0,0.0,0.0,11.12,1.0,0.0,0.24,0.37,0.88,2.47,6.84,2.76,0.0,7.94,1.0,4.95,4.41,6.29,1.76,1.0,1.35,0.0,0.0,0.0,0.0,2.0,0.0,0
0.0,0.0,1.53,0.0,0.0,0.0,24.18,1.0,0.0,0.0,0.7,0.0,4.05,0.0,3.0,0.0,10.63,1.0,4.84,2.42,3.73,2.0,1.0,0.68,0.0,0.0,0.0,0.0,1.47,0.53,0
0.0,0.0,1.24,0.0,0.49,0.0,31.71,1.76,0.76,5.86,0.6,0.0,4.0,23.93,2.51,0.0,2.24,1.24,0.7,0.0,2.67,0.24,0.76,0.55,0.0,4.88,1.0,0.0,1.0,0.76,0
0.76,0.0,1.76,1.18,0.0,0.47,28.51,1.0,0.0,0.0,0.69,0.0,10.37,23.57,3.06,0.24,7.76,0.76,4.43,2.29,2.26,1.53,1.0,0.76,0.0,0.0,0.24,0.0,1.24,0.24,0
0.0,0.0,1.9,0.0,0.0,0.9,42.18,1.0,0.0,2.1,0.76,0.1,5.6,52.17,3.0,0.0,12.7,1.0,3.7,1.4,3.55,1.3,1.0,1.35,0.0,0.0,0.0,0.0,2.9,1.8,0
0.83,0.83,1.0,0.0,0.0,0.0,31.17,1.83,0.0,2.5,1.08,0.0,6.83,55.0,0.83,12.33,9.33,1.67,6.13,3.83,2.92,0.83,1.0,0.23,0.0,10.0,0.83,0.0,1.0,0.0,0
0.66,0.34,1.0,1.32,0.0,0.0,2.74,1.0,0.0,2.05,0.15,0.0,4.0,80.48,2.32,0.0,1.03,1.0,0.75,0.0,1.25,1.0,0.66,0.0,0.0,0.0,0.66,0.0,1.0,0.0,0
0.98,0.0,1.0,0.98,0.98,0.0,27.06,2.98,0.02,6.87,0.59,0.0,8.91,98.15,3.98,0.0,5.93,1.98,2.46,0.0,2.31,0.98,0.02,0.01,0.0,0.0,0.02,0.0,1.0,2.96,0
19.62,7.94,1.47,5.14,26.16,0.0,90.53,2.87,0.0,3.27,4.57,0.0,33.24,46.72,1.4,1.07,15.42,1.4,3.43,0.53,2.74,0.47,0.53,0.49,0.0,43.45,0.19,0.0,1.47,5.61,0
0.78,0.0,1.0,0.0,0.78,4.1,58.51,4.1,0.0,0.22,1.26,0.0,8.55,9.43,1.22,0.22,6.45,2.0,2.1,0.22,2.89,1.0,1.0,0.0,0.0,0.0,0.0,0.0,3.22,1.78,0
7.94,0.0,1.0,2.08,2.0,0.31,10.37,2.0,0.69,4.85,0.08,0.0,41.6,58.26,2.69,0.0,19.39,1.69,3.39,0.0,4.95,1.31,1.0,0.5,0.0,9.81,0.28,0.0,3.08,1.69,1
0.0,0.0,1.0,0.0,0.0,0.77,51.27,0.62,0.0,0.62,0.26,1.53,0.62,0.0,1.85,0.0,1.23,0.62,2.72,1.62,3.51,2.23,1.0,0.36,0.0,2.0,1.0,0.0,1.0,0.38,0
0.03,0.97,1.0,0.0,0.03,0.0,8.78,1.0,0.03,5.81,0.47,0.0,3.97,88.05,1.1,0.0,3.23,1.0,0.88,0.03,1.3,1.03,0.03,0.0,0.0,0.0,0.0,0.0,1.0,0.06,0
0.0,0.0,1.0,3.59,0.0,1.44,71.6,1.0,0.0,0.0,2.33,0.0,22.54,71.81,0.0,21.58,5.31,0.0,9.49,6.48,0.49,0.0,1.0,0.0,0.0,0.0,0.72,0.0,1.72,0.72,0
0.0,0.0,2.91,0.0,0.0,0.0,5.74,1.0,0.36,0.0,0.17,0.64,2.0,0.0,2.28,0.0,5.74,1.0,3.69,3.19,5.01,1.64,1.0,1.25,0.0,0.0,0.0,0.0,1.64,0.0,0
0.38,0.0,1.0,10.93,0.0,0.38,23.97,1.62,0.62,0.0,0.5,0.0,2.87,37.69,2.25,0.0,1.25,1.0,0.31,0.0,2.25,0.38,1.0,0.36,0.0,0.75,1.0,0.0,2.13,0.62,0
0.85,0.0,1.85,0.0,0.0,0.0,12.06,1.0,0.0,0.15,0.46,0.0,3.85,4.97,3.85,0.0,8.3,1.0,4.47,2.7,3.09,2.3,1.0,0.85,0.0,0.0,0.0,0.0,1.0,0.15,0
0.75,0.0,1.51,0.0,1.0,0.0,30.48,1.0,0.75,0.0,1.33,0.25,2.24,0.0,3.24,0.0,10.76,1.0,6.58,3.78,3.57,3.01,1.51,0.51,0.51,0.0,0.0,0.0,1.0,1.75,0
0.0,0.0,1.0,1.57,1.05,2.61,105.2,1.0,0.0,1.52,1.66,0.0,15.84,56.94,1.48,1.05,7.52,1.0,2.69,0.95,1.52,1.0,1.0,0.06,0.0,2.09,1.0,0.0,1.52,2.61,0
1.65,6.6,1.83,19.8,1.65,0.0,0.83,19.15,0.0,0.0,0.0,0.0,26.98,82.51,1.65,7.6,32.7,1.65,3.81,0.0,2.75,0.83,1.0,0.3,0.0,77.56,0.83,0.0,1.0,0.0,0
0.0,0.0,1.0,0.02,0.02,0.0,0.0,1.0,0.0,0.0,0.0,0.24,37.17,0.0,0.02,0.98,0.07,0.02,0.07,0.07,1.42,1.42,6.68,0.07,0.07,0.04,0.02,0.0,1.02,0.0,0
3.28,0.0,1.0,0.0,0.0,0.0,89.53,7.57,7.11,9.57,0.18,1.0,114.17,50.89,1.91,1.09,39.0,1.55,6.24,2.26,5.52,1.81,1.0,0.14,0.0,32.83,0.44,0.0,1.45,0.55,1
0.0,0.0,1.32,0.0,0.0,0.0,31.6,1.0,0.0,0.0,0.72,0.0,25.94,0.0,0.97,0.0,4.22,0.32,1.43,0.32,2.0,0.65,1.0,0.42,0.0,0.0,0.0,0.0,1.68,1.0,0
0.8,0.0,1.0,0.0,1.61,0.8,14.47,1.8,0.0,0.0,0.18,0.0,14.69,0.0,1.61,0.2,14.47,0.8,1.61,0.0,3.12,1.8,1.0,0.29,0.0,25.72,0.73,0.0,1.0,0.8,1
0.03,0.0,2.0,0.0,1.99,0.0,37.55,1.06,0.06,23.96,0.74,0.0,4.94,97.98,1.0,0.01,3.28,2.0,1.35,0.0,1.68,1.0,0.0,0.5,0.0,20.18,1.0,0.0,1.0,0.0,1
0.84,0.0,1.0,0.0,0.84,0.0,32.49,1.0,0.84,0.33,1.44,0.16,2.84,0.0,3.84,0.0,10.0,1.0,5.12,1.81,3.2,2.49,1.0,0.0,0.0,0.0,0.0,0.0,1.16,1.67,0
0.88,0.0,1.0,0.0,0.0,5.29,26.06,1.0,0.0,0.0,1.21,0.88,3.65,0.0,0.88,0.24,15.88,1.76,2.54,0.12,7.94,0.88,1.0,2.35,0.0,198.47,0.88,0.0,1.0,0.0,0
0.0,0.0,1.0,0.0,0.0,0.0,0.0,1.0,0.0,1.0,0.0,0.0,6.0,0.0,1.0,0.0,1.0,2.0,1.17,1.0,3.5,2.0,1.0,0.0,0.0,0.0,0.0,0.0,2.0,0.0,0
0.17,0.17,1.0,0.0,0.0,0.0,10.83,1.17,0.83,1.33,0.53,0.0,3.0,52.67,2.67,1.67,1.83,1.17,2.54,0.83,2.25,1.0,1.0,0.05,0.0,2.0,0.17,0.0,1.0,0.0,0
0.2,0.2,1.0,0.8,0.0,0.99,44.7,1.0,0.0,1.78,0.31,0.0,6.54,95.06,1.8,0.0,0.79,1.2,22.03,20.86,1.28,0.8,1.0,0.02,0.0,0.0,0.2,0.0,1.4,0.59,0
0.0,0.0,1.0,0.0,0.0,0.0,32.73,1.0,0.0,0.0,8.18,0.0,1.0,0.0,0.0,2.0,0.42,0.0,1.0,1.0,0.42,0.42,1.0,0.0,0.0,0.0,0.0,0.0,1.0,0.0,0
0.14,0.0,1.0,4.15,0.0,0.14,2.0,1.0,0.0,0.0,0.06,0.0,1.0,14.3,2.71,0.0,1.71,1.0,3.43,3.43,1.86,1.86,1.0,0.0,0.0,5.43,1.0,0.0,1.43,0.0,0
0.0,0.0,1.0,0.0,0.0,0.0,36.19,1.0,0.0,0.7,1.45,0.0,3.59,23.19,3.0,0.0,9.7,1.3,3.82,1.0,4.17,3.11,1.0,0.0,0.0,0.0,0.0,0.0,1.59,1.0,0
0.14,0.0,1.0,0.0,0.0,0.0,26.79,1.0,0.0,0.41,6.7,0.0,1.41,6.79,0.41,1.73,1.81,0.14,1.68,1.27,1.37,1.14,1.0,0.0,0.0,0.0,0.0,0.0,1.0,0.0,0
25.46,10.14,1.6,6.56,33.82,2.02,117.9,5.0,0.0,4.18,0.59,0.0,45.4,59.67,2.19,0.0,22.11,2.6,4.22,0.0,4.75,1.0,0.4,0.63,0.0,55.49,0.25,0.0,2.4,7.97,1
4.35,0.0,1.0,0.0,5.32,0.0,15.5,1.52,0.52,0.0,0.29,0.0,2.07,0.0,2.03,0.0,1.03,1.0,0.92,0.0,2.52,0.48,1.0,0.3,0.0,0.0,0.52,0.0,1.0,1.97,0
5.84,0.0,1.97,0.0,2.92,9.73,1164.29,1.0,0.0,0.0,0.95,0.97,99.24,0.0,1.0,0.0,152.74,1.0,5.24,1.0,7.42,1.0,1.0,0.55,0.0,8047.89,0.76,0.97,2.95,0.0,0
2.91,5.83,1.0,1.94,0.97,0.0,26.22,11.68,0.0,15.54,0.1,0.0,35.96,77.68,2.06,7.77,3.0,1.97,2.98,0.32,2.38,0.06,1.0,0.72,0.0,0.0,0.03,0.0,1.0,0.0,0
0.0,1.24,1.0,0.41,0.0,1.65,47.79,1.41,0.0,1.41,1.45,0.0,5.06,30.11,2.17,0.0,6.29,1.41,3.42,1.0,3.76,2.76,1.0,0.21,0.0,3.3,0.41,0.0,1.0,0.59,0
0.0,0.0,1.0,0.0,0.0,0.03,2.25,0.98,0.0,0.0,0.01,0.07,37.35,0.0,0.0,0.98,0.0,0.0,0.07,0.02,1.06,1.0,1.0,0.02,0.0,0.03,0.02,0.0,1.0,0.02,0
0.0,0.0,1.0,0.0,0.0,0.0,35.0,1.0,0.0,1.0,1.52,0.0,3.0,33.0,3.0,0.0,10.0,1.0,4.33,1.0,5.0,4.0,1.0,0.0,0.0,0.0,0.0,0.0,1.0,1.0,0
0.0,0.0,1.0,0.0,0.0,0.0,18.95,1.0,0.0,0.81,0.57,0.0,4.9,16.27,2.73,0.0,9.08,1.27,4.81,3.19,2.49,1.73,1.0,0.11,0.0,0.0,0.0,0.0,2.27,0.81,0
0.64,0.0,1.32,1.32,2.0,0.0,29.13,2.0,0.68,1.64,0.46,0.64,4.68,60.54,3.36,0.0,6.73,1.68,2.58,1.0,4.67,1.0,1.0,0.56,0.0,0.0,0.0,0.0,1.95,1.64,0
0.0,0.0,1.0,0.0,0.0,0.98,32.17,1.0,0.49,0.98,0.61,0.49,8.98,34.35,2.49,0.51,11.93,2.02,3.8,0.98,4.66,1.0,1.0,0.49,0.0,6.87,0.49,0.0,2.02,1.53,0
0.65,2.6,1.32,7.79,0.65,0.68,29.37,8.14,0.0,0.68,0.68,0.0,14.79,60.82,2.0,3.6,18.06,2.0,4.6,0.68,2.47,1.0,1.0,0.12,0.0,30.5,0.32,0.0,3.03,0.68,1
0.0,0.0,1.0,0.0,0.0,0.0,2.68,1.0,0.0,0.95,0.51,0.0,1.0,0.0,2.85,0.1,1.9,0.95,1.95,1.95,2.85,2.85,1.0,0.0,0.0,1.9,0.95,0.0,1.0,0.0,0
2.79,0.0,1.0,2.09,3.13,0.0,26.72,1.0,0.0,1.3,0.47,1.74,5.87,73.31,1.65,0.0,8.47,2.3,3.08,0.7,2.66,1.0,1.0,0.7,0.0,0.0,0.0,0.0,2.3,1.96,0
0.0,0.0,0.66,0.68,0.0,0.66,25.1,1.0,0.0,0.0,0.96,0.0,2.64,0.0,1.98,0.0,5.94,0.66,1.65,0.66,1.82,0.66,0.66,0.0,0.0,0.0,0.0,0.0,2.32,1.32,0
0.0,0.0,1.41,0.0,0.0,0.81,41.9,1.0,0.0,2.22,1.2,0.0,5.44,47.62,2.59,0.0,10.81,1.0,4.2,1.0,3.92,2.78,1.0,0.33,0.0,0.0,0.0,0.0,1.81,1.81,0
0.0,0.0,1.0,0.0,0.0,0.0,9.68,1.0,0.0,0.0,0.51,0.0,2.94,0.0,2.94,0.0,7.75,1.0,5.16,3.87,2.29,1.97,1.0,0.0,0.0,0.0,0.0,0.0,1.97,0.0,0
25.73,11.96,1.61,7.13,35.08,0.0,97.67,3.45,2.32,5.84,0.07,0.0,45.98,86.06,3.0,0.77,24.09,2.23,9.1,1.94,5.33,1.77,0.39,1.23,0.0,62.4,0.64,0.0,1.61,7.74,1
0.0,0.0,1.0,0.0,0.0,0.72,47.49,0.64,0.0,0.0,0.2,1.44,1.28,0.0,0.64,0.0,1.28,0.64,2.03,1.0,2.2,1.0,1.0,0.34,0.0,0.72,0.36,0.0,1.0,0.36,0
0.0,0.0,1.0,0.0,0.0,0.0,31.93,1.0,0.0,0.93,0.65,0.0,7.0,66.1,2.93,0.0,4.07,1.0,2.01,0.93,3.48,0.93,1.0,0.62,0.0,0.0,0.07,0.0,2.86,1.86,0
4.24,0.0,2.0,15.41,8.65,0.0,18.27,1.27,0.27,1.35,0.22,0.0,3.46,26.49,3.46,0.0,10.97,1.0,5.7,2.73,3.62,1.73,1.0,0.91,0.0,508.8,0.27,0.0,1.0,0.0,0
137.94,18.46,1.97,7.77,42.74,0.03,369.24,6.83,2.94,14.57,0.07,0.03,483.83,97.14,3.03,0.0,48.68,1.97,6.19,0.06,5.3,1.06,0.03,0.83,0.0,253.65,0.41,0.0,1.97,10.69,1
0.0,1.56,1.0,0.39,0.78,0.0,22.24,1.0,2.34,2.17,0.4,0.0,7.39,68.27,3.0,0.78,6.34,1.0,6.66,2.56,4.02,1.78,1.0,0.99,0.0,5.47,0.39,0.0,2.22,1.61,0
1.6,0.0,1.27,0.0,0.8,2.67,319.29,1.0,0.0,0.73,0.26,0.27,31.61,0.0,1.0,0.0,42.61,1.73,2.29,1.0,4.59,1.73,1.0,0.15,0.0,2206.99,0.21,0.27,2.27,0.0,0
0.32,0.0,1.0,0.68,0.65,0.32,5.84,1.32,0.0,0.0,0.07,0.0,3.6,67.53,2.0,0.0,5.84,1.0,18.21,17.56,1.86,1.32,1.0,0.12,0.0,10.39,0.29,0.0,1.0,0.32,0
0.72,9.04,1.0,0.48,0.24,0.0,6.46,3.63,0.0,3.83,0.02,0.0,16.46,19.15,0.48,3.44,4.52,0.48,1.34,0.0,0.57,0.0,1.0,0.3,0.0,0.0,0.0,0.0,1.76,0.0,0
0.0,0.0,1.0,0.38,0.0,1.24,109.52,0.76,0.0,3.43,0.5,2.48,20.58,38.11,0.38,0.0,3.43,0.38,8.29,0.62,3.41,1.0,0.62,0.6,0.0,1.24,1.0,0.0,1.76,1.76,0
0.0,0.0,1.0,0.0,0.0,0.0,0.0,1.0,0.0,0.0,0.0,0.0,19.88,0.0,0.49,0.51,0.49,0.49,0.49,0.49,1.0,1.0,1.0,0.0,0.0,0.0,0.0,0.0,1.0,0.0,0
0.0,16.4,1.0,6.71,1.49,0.0,16.58,7.96,0.25,8.2,0.21,0.0,20.4,70.06,2.25,6.71,7.22,1.0,2.31,0.0,1.56,0.0,0.25,0.26,0.0,0.0,0.25,0.0,1.0,0.25,0
4.77,0.57,1.0,1.3,0.87,0.0,7.57,1.43,0.43,6.43,0.26,0.0,26.53,87.97,1.87,0.0,10.37,1.43,2.16,0.0,3.11,1.0,0.43,0.24,0.0,0.0,0.0,0.0,2.3,0.87,0
0.0,0.0,1.0,0.0,0.0,0.81,37.19,1.0,0.0,0.81,1.48,0.0,5.06,26.82,2.44,16.3,8.31,1.63,8.24,5.12,1.9,0.81,1.0,0.3,0.0,3.25,0.54,0.0,2.63,1.63,0
0.7,0.0,1.0,0.0,1.4,0.7,21.9,1.7,0.0,0.0,2.48,0.0,6.6,0.0,1.4,0.6,12.9,0.7,1.7,0.3,2.84,1.7,1.0,0.25,0.0,22.39,0.63,0.0,1.0,0.7,0
0.0,0.0,1.0,0.0,0.0,0.1,6.93,1.0,0.0,0.1,0.3,0.0,2.39,3.24,3.9,0.29,0.98,1.1,0.93,0.1,1.58,1.0,1.0,0.71,0.0,0.39,0.07,0.0,1.2,0.2,0
1.89,0.94,1.0,0.0,7.54,0.0,3.0,1.0,0.0,0.0,0.12,0.0,4.83,0.0,4.89,0.0,13.66,1.0,4.69,1.29,5.13,2.0,1.0,0.44,0.0,135.77,0.94,0.0,1.06,0.0,1
0.0,0.0,1.82,0.0,0.0,1.65,57.85,1.0,0.0,3.82,0.69,0.0,9.18,67.42,2.0,0.0,14.47,1.18,4.26,1.0,3.07,1.0,1.0,1.2,0.0,0.0,0.0,0.0,3.0,3.0,0
0.96,0.0,1.0,1.92,0.0,0.0,0.04,1.0,0.0,0.0,0.0,0.0,4.32,72.01,3.08,0.0,0.28,1.0,0.96,0.12,1.53,1.04,1.0,0.03,0.0,5.43,0.99,0.0,1.04,0.04,0
0.0,0.0,1.0,0.0,0.0,0.6,43.0,1.0,0.0,1.8,0.95,0.0,7.59,43.74,2.6,1.81,10.8,2.0,4.26,1.0,2.56,1.0,1.0,0.39,0.0,2.41,0.4,0.0,3.0,2.4,0
0.14,0.14,1.0,0.86,0.0,0.7,64.44,1.0,0.0,4.7,1.08,0.0,10.95,76.72,1.0,0.0,3.14,1.14,3.2,1.72,1.31,0.86,1.0,0.27,0.0,0.0,0.14,0.0,3.86,1.28,0
0.0,0.0,1.0,2.23,0.0,0.89,59.05,1.55,0.55,0.0,1.23,0.0,16.07,44.7,1.66,0.45,4.23,0.55,2.15,0.0,1.96,0.0,1.0,0.32,0.0,0.0,1.0,0.0,1.45,1.0,0
0.0,0.0,1.0,0.0,0.0,0.0,29.73,1.0,0.0,1.32,0.84,0.0,7.37,26.59,1.68,0.0,4.78,1.0,3.85,1.37,1.6,0.68,1.0,0.07,0.0,0.0,0.68,0.0,1.32,0.0,0
0.0,0.0,1.97,0.0,1.94,0.0,36.15,1.0,0.0,23.24,0.73,0.0,3.97,94.91,1.06,0.0,3.16,1.97,1.46,0.13,1.69,1.03,0.03,0.48,0.0,19.37,0.97,0.0,1.03,0.0,1
0.0,0.0,1.0,0.0,0.0,0.39,23.95,1.0,0.0,0.39,2.19,0.0,3.31,16.19,1.16,45.47,4.86,0.77,15.4,14.13,1.43,0.39,1.0,0.17,0.0,0.0,0.0,0.0,2.16,0.77,0
0.81,0.41,1.0,1.19,3.84,1.78,31.31,1.0,1.19,0.59,0.66,0.0,4.41,43.38,5.0,1.19,11.03,1.0,3.77,1.0,4.14,1.41,1.0,0.64,0.0,102.4,1.0,0.0,1.0,0.59,0
0.74,0.0,1.0,1.47,0.0,0.26,10.03,1.0,0.0,0.0,0.39,0.0,4.0,55.21,3.0,0.0,2.37,1.0,1.21,0.26,1.65,1.0,1.0,0.0,0.0,0.0,0.74,0.0,1.53,0.53,0
1.21,0.0,1.21,0.43,1.21,0.0,33.29,1.21,0.79,0.64,1.24,0.43,3.21,14.15,3.57,0.0,8.71,1.0,4.16,1.0,3.34,1.79,1.0,0.19,0.0,0.0,0.0,0.0,1.64,2.21,0
0.0,0.0,1.18,0.0,0.0,0.37,34.84,1.0,0.0,0.73,1.01,0.0,7.37,12.6,2.0,0.0,6.28,1.0,0.96,0.18,0.66,0.18,1.0,0.15,0.0,0.0,0.82,0.0,1.37,0.55,0
0.0,0.7,1.0,0.17,11.91,0.0,1.22,1.0,1.04,0.7,0.01,0.0,18.74,11.14,1.35,0.35,1.74,1.0,2.38,0.87,1.26,0.52,1.0,0.26,0.0,2.44,0.17,0.0,1.83,1.0,0
0.0,0.0,1.0,0.0,3.2,0.8,28.99,1.0,0.0,0.4,0.31,2.4,0.8,5.01,1.2,0.8,8.6,1.0,7.55,6.0,8.65,1.8,1.0,1.49,0.0,162.35,1.0,0.0,1.8,3.2,0
0.11,0.06,0.06,1.89,0.44,0.0,0.06,1.0,0.0,0.0,0.0,0.0,0.28,0.0,0.28,0.0,0.77,0.06,0.26,0.06,0.29,0.11,0.06,0.03,0.0,7.96,0.06,0.0,1.0,0.0,0
0.14,0.0,1.86,0.28,1.72,0.0,31.76,1.0,0.0,20.6,0.64,0.0,4.0,94.74,1.28,0.0,2.58,1.86,1.25,0.0,1.61,1.0,0.14,0.43,0.0,17.17,1.0,0.0,1.0,0.0,0
3.74,0.0,1.0,2.81,4.21,0.0,0.0,1.0,0.0,0.0,0.0,2.34,4.26,40.72,0.47,0.53,1.6,0.47,3.68,0.94,1.51,0.47,1.0,0.62,0.0,0.0,0.0,0.0,1.0,0.0,0
0.0,0.0,1.0,1.67,1.11,2.78,108.15,1.0,0.0,1.11,3.43,0.0,13.23,54.47,1.44,1.11,4.89,1.0,0.2,0.0,0.67,0.56,1.0,0.06,0.0,2.22,0.56,0.0,1.56,2.78,0
0.55,0.0,1.0,0.55,0.55,0.0,27.0,2.1,0.0,5.19,0.69,0.0,8.55,77.39,2.64,0.0,3.74,2.0,14.32,0.45,1.99,1.0,0.45,0.0,0.0,0.0,0.0,0.0,1.0,1.64,0
0.2,0.2,1.0,0.0,0.0,0.0,6.92,1.2,0.0,1.4,0.14,0.0,4.79,33.11,1.0,0.0,2.98,1.2,1.15,0.0,1.9,1.0,1.0,0.05,0.0,2.37,0.2,0.0,1.0,0.0,0
0.6,0.4,1.0,0.0,0.6,3.01,41.09,3.41,0.0,2.39,0.98,0.0,7.01,36.25,1.0,0.0,4.81,1.6,1.08,0.0,2.36,1.0,0.6,0.0,0.0,0.0,0.0,0.0,2.2,1.2,0
0.0,0.0,1.89,0.0,0.0,1.78,57.67,1.0,0.0,3.56,0.74,0.0,8.78,61.35,2.0,0.0,13.89,1.0,3.98,0.89,2.8,0.89,1.0,1.21,0.0,0.0,0.11,0.0,2.78,2.67,0
0.0,0.0,1.0,0.0,0.0,0.72,44.65,1.0,0.28,2.88,0.42,0.0,10.64,51.13,1.72,13.68,13.68,3.16,7.03,0.0,2.79,1.0,1.0,0.85,0.0,0.0,0.0,0.0,2.44,2.16,0
1.79,7.15,1.89,21.57,1.79,0.0,8.61,20.78,0.0,0.95,0.04,0.0,33.43,100.0,1.89,8.05,35.83,1.89,5.26,0.0,3.02,1.0,0.89,0.34,0.0,84.07,1.0,0.0,1.21,0.32,0
0.0,0.0,1.0,0.0,0.0,0.0,0.0,1.0,0.93,0.0,0.0,0.0,1.93,0.0,1.22,0.0,0.22,1.0,1.27,0.81,1.54,1.07,1.0,0.74,0.0,0.0,0.07,0.0,1.0,0.0,0
4.74,0.0,1.0,0.0,0.0,0.0,131.48,10.49,10.28,12.28,0.36,1.0,164.12,73.55,1.42,1.58,51.91,1.79,5.91,1.26,5.52,1.05,1.0,0.2,0.0,47.45,0.64,0.0,1.21,0.79,1
3.3,0.0,1.0,1.6,0.6,0.0,2.1,1.3,0.3,2.1,0.01,0.0,17.5,95.2,2.3,0.0,6.0,1.3,19.4,18.2,2.36,1.0,1.0,0.17,0.0,0.0,0.0,0.0,1.9,0.6,0
0.22,0.11,1.0,0.0,0.88,0.0,31.25,1.0,0.0,1.78,1.25,0.89,2.33,0.0,3.22,0.0,10.44,1.0,6.74,5.45,5.47,4.67,1.0,0.05,0.0,15.88,0.11,0.0,1.89,0.0,0
2.45,0.27,1.0,0.0,19.59,1.37,91.75,1.0,0.0,2.47,0.55,0.73,7.96,20.57,1.0,0.0,7.63,1.27,4.61,1.45,6.71,2.18,1.0,0.5,0.0,47.89,0.64,0.0,3.0,5.18,0
2.22,0.0,1.0,1.05,1.57,4.95,20.63,1.0,0.0,0.0,0.2,1.7,3.3,15.21,1.0,0.0,14.85,1.83,3.12,0.35,7.82,1.0,1.0,2.43,0.0,185.67,0.83,0.0,1.0,0.0,0
0.0,0.0,1.0,0.0,0.0,1.61,26.11,1.0,0.81,1.61,0.38,0.81,9.03,56.39,3.0,0.0,14.64,1.19,4.86,1.81,6.71,1.0,1.0,0.81,0.0,11.28,0.81,0.0,1.39,0.19,0
1.0,0.79,1.0,0.0,0.0,3.94,178.02,1.0,0.0,7.73,1.22,0.0,23.69,69.69,1.42,0.0,4.64,1.79,5.95,0.64,2.7,0.42,1.0,0.08,0.0,0.0,0.79,0.0,2.58,2.36,0
0.0,0.0,1.0,0.0,0.0,0.0,32.66,1.0,0.0,1.41,2.31,0.71,1.71,0.0,2.71,0.0,7.36,1.0,4.95,4.24,3.89,3.54,1.0,0.0,0.0,0.0,0.0,0.0,1.71,0.0,0
0.0,0.0,1.0,0.0,0.0,0.0,0.51,1.0,0.0,0.0,0.01,0.0,7.11,0.0,3.04,0.0,3.58,1.0,3.35,1.53,4.95,1.51,1.0,0.4,0.0,69.5,0.41,0.0,1.51,0.51,0
0.0,0.73,1.0,0.18,0.37,0.0,23.35,1.0,1.1,0.73,3.69,0.0,2.28,11.69,2.18,0.37,2.64,1.0,2.5,0.91,0.82,0.55,1.0,0.27,0.0,2.56,0.18,0.0,1.0,0.18,0
0.0,0.0,0.39,1.22,0.0,0.0,0.0,1.0,0.0,0.0,0.0,0.0,3.11,0.0,0.0,0.39,1.17,0.0,1.02,0.0,0.34,0.0,0.39,0.0,0.0,0.0,0.0,0.0,1.0,0.0,0
2.3,0.0,1.0,1.72,2.58,0.0,19.25,1.0,0.0,2.14,0.58,1.44,5.7,60.62,1.0,0.0,0.71,1.71,21.81,1.29,1.8,1.0,1.0,0.38,0.0,0.0,0.0,0.0,1.0,0.0,0
34.2,14.03,1.81,8.96,45.6,0.0,127.7,4.26,0.0,6.81,0.16,0.0,57.74,98.33,2.63,0.0,27.43,2.63,5.18,0.0,5.0,1.0,0.0,0.86,0.0,75.73,0.34,0.0,1.81,9.77,1
0.0,0.0,0.0,2.0,0.0,0.0,0.0,1.0,0.0,0.0,0.0,0.0,0.0,0.0,0.0,0.0,0.0,0.0,0.0,0.0,0.0,0.0,0.0,0.0,0.0,0.0,0.0,0.0,1.0,0.0,0
0.0,0.0,1.0,0.0,2.52,0.63,34.15,1.0,0.0,0.37,0.48,1.89,2.96,4.45,1.37,0.0,8.89,1.0,7.3,5.15,7.15,1.63,1.0,1.17,0.0,125.91,1.0,0.0,1.63,2.52,0
0.0,0.0,1.0,0.0,0.0,0.0,16.92,1.0,0.0,0.43,2.66,0.21,1.21,0.0,0.64,58.18,2.92,0.21,19.58,19.36,1.18,1.07,1.0,0.0,0.0,0.0,0.0,0.0,1.21,0.0,0
0.71,0.71,1.0,0.0,0.0,3.55,168.77,1.0,0.0,6.39,1.29,0.0,31.03,53.21,0.71,0.0,2.84,1.42,4.21,0.0,1.87,0.0,1.0,0.07,0.0,0.0,0.71,0.0,2.71,2.42,0
0.22,0.0,1.0,0.22,0.22,0.0,39.42,1.45,0.0,3.89,0.65,0.0,9.78,68.94,2.45,0.0,10.66,2.0,3.2,0.78,2.77,1.0,0.78,0.32,0.0,0.0,0.0,0.0,2.55,3.0,0
1.35,0.0,1.0,0.55,13.23,0.0,32.18,1.55,0.55,0.55,0.33,0.45,2.75,31.96,2.65,0.0,8.45,1.55,3.42,1.45,6.1,1.9,1.0,0.51,0.0,29.63,0.22,0.0,1.9,3.25,0
0.0,0.0,1.94,0.0,0.0,0.94,43.02,1.0,0.0,1.87,0.76,0.0,5.68,54.24,3.0,0.0,12.42,1.0,3.44,1.26,3.31,1.13,1.0,1.4,0.0,0.0,0.06,0.0,2.87,1.87,1
8.46,2.72,1.55,32.05,17.94,0.0,37.38,6.54,0.55,9.99,0.09,0.0,17.88,89.84,2.0,3.63,11.74,1.45,6.13,1.09,4.35,0.55,1.0,0.71,0.0,1028.37,0.55,0.0,1.0,0.0,1
0.0,0.48,1.0,0.0,0.0,0.0,18.07,1.0,0.0,1.03,0.72,0.52,1.52,0.0,1.55,6.77,6.13,0.52,6.03,5.52,3.32,3.06,1.0,0.0,0.0,0.0,0.0,0.0,1.52,0.0,0
0.0,0.0,1.0,0.18,0.0,0.82,42.11,1.0,0.0,1.53,1.11,0.0,6.35,40.8,2.65,2.47,8.76,1.82,4.46,1.18,2.12,1.0,1.0,0.36,0.0,3.29,0.55,0.0,3.18,1.82,0
2.01,0.67,1.33,0.0,1.0,3.35,406.14,1.0,0.0,3.99,0.62,0.33,36.82,60.53,1.0,0.0,54.57,1.0,2.29,0.33,3.38,1.0,0.33,0.19,0.0,2770.6,0.26,0.33,1.67,0.0,0
1.55,0.0,1.0,0.0,0.0,0.0,40.57,4.1,3.36,3.88,0.02,0.26,54.97,24.03,1.0,0.52,16.28,1.26,1.82,0.0,2.54,0.74,1.0,0.06,0.0,15.5,0.21,0.0,1.0,0.26,0
9.59,0.16,1.0,2.53,2.94,0.0,6.06,1.84,0.84,5.9,0.02,0.0,47.99,70.81,3.31,0.0,19.06,1.84,4.1,0.16,5.49,1.16,1.0,0.54,0.0,22.62,0.16,0.0,3.53,1.69,1
0.0,0.0,1.0,0.0,0.0,0.61,28.11,1.0,0.0,0.61,0.7,0.0,15.41,20.07,2.61,1.82,10.39,1.61,4.38,0.61,2.76,0.61,1.0,0.23,0.0,2.43,0.41,0.0,2.61,1.22,0
0.0,0.0,1.0,0.38,0.0,0.0,14.44,1.0,0.0,2.14,0.38,0.0,6.76,29.27,1.0,0.0,1.76,1.62,1.77,1.38,2.6,1.62,1.0,0.11,0.0,0.0,0.0,0.0,2.76,0.38,0
0.03,0.0,1.97,0.0,0.0,0.97,44.72,1.0,0.0,2.03,0.79,0.0,5.94,57.78,3.0,0.0,12.83,1.0,3.41,1.06,3.34,1.03,1.0,1.46,0.0,0.0,0.0,0.0,2.94,1.94,1
0.0,0.21,1.0,0.0,0.0,0.0,21.28,1.0,0.0,1.58,0.97,0.0,4.94,45.7,0.79,2.97,0.42,0.79,1.72,1.06,1.0,0.21,1.0,0.18,0.0,0.0,0.0,0.0,1.79,0.0,0
1.51,0.0,1.0,0.5,14.13,0.0,20.7,1.0,0.0,0.0,0.09,5.95,0.0,0.0,1.0,0.0,6.03,1.0,3.56,2.5,14.11,11.42,129.22,1.82,1.49,34.32,0.75,0.0,2.5,3.03,0
0.0,0.0,1.0,0.6,0.6,0.0,16.45,1.0,0.0,0.8,0.29,6.59,3.61,26.48,1.4,0.0,7.01,1.8,2.64,1.8,13.13,12.38,156.08,1.94,1.8,1.2,0.6,0.0,2.4,1.2,0
0.0,0.0,1.0,0.0,0.0,0.0,0.0,1.0,0.0,0.0,0.0,0.0,1.0,0.0,2.48,0.0,2.95,1.0,3.69,3.69,2.48,2.48,1.0,0.0,0.0,0.0,0.74,0.0,1.0,0.0,0
0.0,0.26,1.0,0.0,0.0,0.0,0.74,1.0,0.0,0.0,0.01,0.0,9.16,0.0,3.71,3.62,5.71,0.74,5.8,3.52,5.14,1.74,1.0,0.58,0.0,80.09,0.74,0.0,1.0,0.0,0
0.0,3.83,1.0,0.96,1.92,0.08,7.67,1.0,5.79,3.92,0.05,0.04,8.08,64.25,3.0,1.92,10.25,1.0,13.35,4.87,4.64,2.92,1.0,1.48,0.0,14.0,1.0,0.0,1.0,0.96,1
0.0,0.0,1.0,0.0,0.0,0.84,36.18,1.0,0.0,1.0,0.84,0.0,6.52,39.31,1.84,0.84,6.89,1.84,4.21,0.84,2.04,1.0,1.0,0.0,0.0,0.0,0.0,0.0,3.52,0.84,0
0.0,0.0,1.0,0.0,0.0,0.0,30.67,1.0,0.0,0.0,7.67,0.0,1.0,0.0,0.04,1.98,1.02,0.01,1.11,1.11,1.01,1.01,1.0,0.0,0.0,0.0,0.01,0.0,1.0,0.0,0
2.41,0.0,1.0,0.0,0.0,0.0,62.96,5.81,5.21,6.01,0.03,0.4,83.6,37.29,2.2,0.8,27.66,1.4,5.25,3.0,4.02,1.8,1.0,0.1,0.0,24.06,0.92,0.0,1.0,0.4,0
0.5,0.0,1.0,0.5,0.5,0.0,13.41,1.99,0.0,3.98,0.29,0.0,7.49,49.66,2.49,0.0,3.48,2.0,1.83,0.5,2.9,1.5,0.5,0.0,0.0,0.0,0.0,0.0,1.5,1.49,0
2.82,0.0,1.47,0.0,1.41,4.71,563.8,1.0,0.0,1.06,0.49,0.47,50.12,13.24,1.53,2.12,75.47,1.0,4.51,1.53,4.77,1.0,1.0,0.27,0.0,3899.86,0.9,0.47,1.94,0.0,0
1.22,0.0,1.0,0.0,1.49,0.86,32.86,1.0,1.73,1.73,0.86,0.0,3.46,53.62,1.86,11.24,3.46,1.0,9.48,0.0,3.95,1.0,1.0,0.58,0.0,0.0,0.0,0.0,3.59,3.0,0
0.33,2.67,1.0,0.67,1.33,0.0,4.67,1.0,4.0,3.67,0.03,0.0,6.67,59.34,3.0,1.33,9.0,1.0,11.14,4.33,4.25,2.67,1.0,1.0,0.0,9.34,0.67,0.0,1.0,0.67,0
0.23,0.0,1.23,0.23,0.23,0.0,26.89,2.15,0.0,0.69,6.56,0.0,1.92,15.14,0.46,2.0,0.23,0.46,1.34,1.0,0.5,0.23,1.0,0.13,0.0,0.0,0.23,0.0,1.0,0.0,0
0.0,0.0,1.0,0.0,0.0,0.0,5.18,1.0,0.0,0.0,0.05,0.0,29.89,0.0,2.0,0.0,10.99,1.01,3.66,0.0,3.42,0.0,1.0,0.0,0.0,0.0,0.0,0.0,2.0,0.01,0
0.0,0.0,1.0,0.0,0.0,0.05,43.0,1.0,0.0,2.91,0.69,0.0,9.81,58.73,2.05,0.14,11.91,2.0,3.47,1.0,2.87,1.0,1.0,0.41,0.0,0.19,0.03,0.0,3.0,2.95,0
0.0,0.0,1.0,0.0,0.0,0.0,26.41,1.0,0.0,1.84,0.41,0.0,6.53,36.85,2.77,0.0,8.53,1.61,6.33,4.86,2.55,1.39,1.0,0.26,0.0,0.0,0.39,0.0,2.23,1.84,0
0.0,0.0,1.0,0.0,3.28,0.82,29.55,1.0,0.0,0.0,0.31,2.46,0.18,0.0,1.36,0.0,8.92,1.0,7.87,6.64,8.95,2.18,1.0,1.52,0.0,164.15,1.0,0.0,1.82,3.28,0
133.85,17.91,1.94,7.54,41.47,0.0,358.25,6.66,2.83,14.14,0.07,0.0,470.1,94.26,3.11,0.0,47.53,1.94,6.22,0.17,5.49,1.06,0.06,0.84,0.0,253.83,0.42,0.0,2.0,10.43,1
81.73,10.94,1.58,4.6,25.32,0.0,231.87,4.45,1.73,8.63,3.33,0.0,287.05,57.56,1.73,0.85,29.2,1.15,4.01,0.42,3.48,1.0,0.42,0.48,0.0,150.22,0.23,0.0,1.58,6.33,1
0.0,0.0,1.0,0.0,0.0,0.32,14.57,1.0,0.0,0.32,0.43,0.0,3.29,10.66,3.0,0.97,4.59,1.32,3.25,0.32,1.77,1.0,1.0,0.12,0.0,7.38,0.89,0.0,1.65,0.65,0
0.92,0.46,1.0,0.0,3.7,1.08,12.84,1.0,0.54,1.08,0.09,0.54,7.69,37.67,3.92,0.0,15.08,1.0,5.04,1.54,6.61,1.46,1.0,0.75,0.0,74.05,1.0,0.0,1.0,0.0,1
0.0,0.86,1.0,0.22,0.43,0.0,2.29,1.0,1.29,0.86,0.08,0.0,3.29,13.81,3.0,0.43,3.73,1.0,4.92,1.08,2.15,1.43,1.0,0.32,0.0,10.08,1.0,0.0,1.0,0.22,0
0.0,0.0,1.87,0.0,9.92,0.0,2.62,1.0,0.0,0.0,0.08,0.29,15.47,0.0,1.58,0.0,2.62,1.0,1.6,1.46,2.44,0.58,1.0,0.44,0.0,0.0,0.0,0.0,2.0,0.71,0
0.0,0.0,1.0,2.92,0.0,1.17,69.59,1.0,0.0,0.0,4.75,0.0,18.5,58.34,0.0,1.42,4.08,0.0,2.86,0.42,0.4,0.0,1.0,0.0,0.0,0.0,0.58,0.0,1.58,0.58,0
0.16,0.0,1.0,0.0,0.31,0.16,2.8,1.16,0.0,0.0,0.03,0.0,2.25,0.0,2.84,0.0,4.49,1.0,3.69,3.38,2.25,2.0,1.0,0.06,0.0,10.05,0.99,0.0,1.0,0.16,0
0.43,1.71,0.43,6.69,0.43,0.0,0.21,5.69,0.0,0.0,0.0,0.0,6.61,21.33,0.43,1.92,8.32,0.43,0.87,0.0,0.67,0.21,0.21,0.08,0.0,20.05,0.21,0.0,1.0,0.0,0
0.0,0.0,1.0,0.0,0.0,0.0,27.04,1.0,0.01,3.0,0.82,0.0,7.99,50.04,1.0,0.04,1.01,2.0,28.57,1.0,1.63,1.0,1.0,0.0,0.0,0.0,0.0,0.0,1.01,0.01,0
0.0,0.0,1.68,0.0,0.0,1.36,44.76,1.0,0.0,2.73,0.65,0.0,7.09,47.02,2.32,0.0,12.77,1.0,4.73,1.96,2.86,1.32,1.0,0.93,0.0,0.0,0.0,0.0,2.68,2.04,0
0.0,0.0,1.0,0.0,0.0,0.0,33.03,1.0,0.0,0.0,0.87,0.0,6.74,0.0,2.42,0.79,6.32,2.58,1.88,0.0,1.6,1.0,1.0,0.16,0.0,0.0,0.0,0.0,2.58,2.37,0
0.48,0.0,1.48,0.48,0.48,0.52,23.99,3.38,0.0,1.95,0.55,0.0,6.05,53.4,2.0,1.48,4.67,2.0,3.74,1.0,2.15,1.0,1.0,0.27,0.0,0.0,0.48,0.0,2.57,0.52,0
0.0,0.0,1.0,0.0,0.0,0.0,14.33,1.0,0.0,0.82,0.57,0.41,1.41,0.0,1.82,0.0,4.68,1.0,3.46,3.05,2.84,2.64,1.0,0.0,0.0,0.0,0.0,0.0,1.41,0.0,0
0.0,0.0,1.0,0.0,0.0,0.32,34.81,1.0,0.0,0.32,5.58,0.0,2.9,13.33,0.95,1.37,4.17,0.63,1.73,0.68,1.86,1.0,1.0,0.14,0.0,0.0,0.0,0.0,1.95,0.63,0
0.0,0.0,1.0,0.52,1.03,0.0,13.42,1.52,0.52,1.0,0.28,0.0,3.07,30.01,3.52,0.0,5.1,1.52,2.44,1.48,3.67,1.97,1.0,0.21,0.0,0.97,0.48,0.0,1.0,0.52,0
0.0,0.0,1.0,0.0,4.87,1.3,86.09,0.35,0.0,0.0,0.37,2.61,7.3,0.0,0.35,0.0,0.0,0.35,2.52,0.65,3.02,0.65,1.0,0.61,0.0,1.3,0.65,0.0,1.35,1.0,0
0.04,0.0,1.0,0.0,0.04,0.0,40.63,1.0,0.04,0.0,1.07,0.0,7.79,0.0,2.08,0.96,8.08,2.92,2.35,0.04,1.67,1.04,1.0,0.0,0.0,0.0,0.0,0.0,2.92,2.96,0
0.0,0.0,1.79,0.0,0.0,0.0,36.57,1.0,0.0,0.21,1.0,0.0,4.57,7.07,3.0,0.0,12.36,1.0,4.39,1.0,5.0,2.43,1.0,1.01,0.0,0.0,0.0,0.0,1.0,1.0,0
0.0,0.0,1.0,0.0,3.76,0.94,33.88,1.0,0.0,0.0,0.36,2.82,0.06,0.0,1.0,0.0,9.47,1.0,8.06,6.65,9.71,1.94,1.0,1.75,0.0,188.22,0.94,0.0,1.94,3.76,0
0.07,0.0,1.0,0.0,0.61,0.0,27.32,1.0,0.0,2.93,0.81,0.02,7.82,48.87,1.0,0.0,1.18,1.98,28.07,1.02,1.78,1.05,1.0,0.01,0.0,1.49,0.01,0.0,1.05,0.14,0
0.0,0.0,1.0,0.0,0.0,0.21,10.35,1.0,0.21,0.0,2.42,0.21,1.41,0.0,0.82,58.76,1.62,0.21,19.29,18.67,0.96,0.62,1.0,0.12,0.0,0.82,0.21,0.0,1.0,0.0,0
0.0,0.0,1.0,0.0,0.0,0.64,27.68,1.0,0.0,0.64,0.73,0.0,4.58,21.25,2.29,1.93,7.15,1.64,3.47,1.0,1.86,1.0,1.0,0.24,0.0,2.58,0.43,0.0,2.29,1.29,0
0.0,0.0,1.0,0.0,0.0,0.0,11.57,1.0,0.0,2.53,1.46,0.84,1.84,0.0,2.53,0.31,8.6,0.84,6.49,5.22,4.8,3.53,1.0,0.0,0.0,0.0,0.0,0.0,1.84,0.0,0
0.0,0.43,1.0,0.57,1.13,0.0,17.61,1.57,0.57,3.17,0.45,0.0,4.57,72.35,2.7,0.0,5.83,1.57,1.94,0.57,2.97,1.0,0.57,0.23,0.0,0.0,0.0,0.0,1.0,0.57,0
0.0,0.0,1.0,0.0,0.0,0.0,36.83,1.0,0.0,1.79,0.65,0.0,9.31,59.12,2.31,0.0,12.37,2.79,2.53,0.31,3.27,1.1,1.0,0.41,0.0,11.26,0.1,0.0,2.79,2.69,0
0.0,0.0,1.0,0.0,0.0,0.0,7.48,1.0,0.0,0.0,1.68,0.0,9.62,0.0,3.92,0.43,5.7,0.78,4.98,2.57,5.38,1.78,1.0,0.62,0.0,84.66,0.78,0.0,1.0,0.0,0
0.0,0.0,1.14,0.0,0.0,0.27,38.17,1.0,0.0,0.54,1.83,0.0,2.95,9.36,2.86,0.0,8.54,1.0,5.73,5.32,3.34,1.86,1.0,0.11,0.0,0.0,0.0,0.0,2.14,0.41,0
0.0,0.0,1.0,0.0,0.0,0.0,29.72,1.72,0.72,0.0,0.59,0.0,12.99,0.0,2.16,0.0,1.44,0.72,0.36,0.0,2.31,0.0,1.0,0.41,0.0,0.0,0.72,0.0,1.28,1.0,0
0.0,0.0,1.0,0.0,0.0,0.0,34.86,1.0,0.0,1.95,1.36,0.95,2.23,3.33,3.0,0.0,9.72,1.0,6.77,5.77,5.42,4.81,1.0,0.03,0.0,0.0,0.0,0.0,2.05,0.09,0
0.0,0.0,1.0,0.0,0.0,0.0,20.35,1.0,0.0,1.42,0.32,0.0,5.79,28.4,1.47,0.0,5.68,1.47,1.87,0.47,2.16,1.0,1.0,0.2,0.0,0.0,0.0,0.0,1.95,1.42,0
5.19,0.0,1.47,4.13,5.73,0.0,17.77,1.47,0.0,1.4,0.22,3.6,1.87,77.18,1.47,0.0,1.87,1.0,3.54,1.53,3.75,1.0,1.0,1.13,0.0,0.0,0.0,0.0,2.4,1.4,0
0.0,0.0,1.0,0.0,0.0,0.51,19.35,1.0,0.0,0.49,0.74,0.0,4.0,12.27,2.02,0.0,5.07,1.0,1.64,0.51,2.14,1.0,1.0,0.0,0.0,0.0,0.0,0.0,2.02,1.02,0
0.39,0.0,1.0,1.22,1.0,1.83,44.23,1.0,1.61,0.61,1.24,0.0,3.61,44.65,4.61,1.22,9.39,1.0,3.8,1.0,3.15,1.39,1.0,0.46,0.0,45.26,0.61,0.0,1.0,1.39,0
0.0,0.0,1.0,0.0,0.0,0.0,27.0,1.0,0.0,2.6,1.31,0.0,7.08,43.41,1.13,0.0,1.0,1.87,24.85,0.87,1.41,0.87,1.0,0.0,0.0,0.0,0.0,0.0,1.0,0.0,0
0.83,0.0,1.0,23.99,0.0,0.83,16.94,1.0,0.0,0.0,1.68,0.0,1.0,82.73,0.83,0.35,0.17,0.83,0.17,0.17,1.0,1.0,1.0,0.0,0.0,1.65,0.83,0.0,3.48,0.0,0
0.0,0.0,1.22,0.0,0.11,0.89,36.67,1.0,0.0,0.0,1.4,0.11,3.56,0.0,2.78,0.0,9.44,1.0,3.55,2.22,3.11,1.55,1.22,0.22,0.22,0.0,0.0,0.0,2.78,1.89,0
18.14,7.34,1.43,4.75,24.19,0.0,83.99,3.3,0.57,3.02,0.36,0.0,32.51,43.19,3.0,0.0,15.39,1.86,2.96,0.0,4.23,0.43,0.57,0.78,0.0,40.17,0.75,0.0,1.43,5.75,1
0.0,0.0,1.0,0.0,0.0,0.78,37.14,1.0,1.57,1.57,2.62,0.0,3.35,48.63,1.57,10.63,3.14,0.78,8.65,0.22,3.33,0.78,1.0,0.52,0.0,0.0,0.0,0.0,3.35,2.35,0
35.27,14.28,1.84,9.24,47.03,0.0,135.3,4.36,0.0,6.04,0.17,0.0,59.91,95.36,3.0,0.0,28.36,2.68,5.54,0.16,5.51,1.0,0.16,0.99,0.0,78.1,0.35,0.0,2.16,10.4,1
0.8,0.8,1.2,0.0,0.0,3.99,187.64,1.0,0.0,7.17,1.41,0.0,24.13,59.78,1.41,0.0,5.83,1.8,5.62,0.2,2.94,0.41,1.0,0.34,0.0,0.0,0.8,0.0,2.59,2.59,1
0.0,0.0,1.0,0.0,0.0,0.94,42.5,1.0,0.0,1.06,1.02,0.06,6.69,39.38,2.06,0.94,8.12,1.94,4.99,1.31,2.35,1.25,1.0,0.0,0.0,0.0,0.0,0.0,3.88,0.94,0
0.0,0.0,1.0,0.19,0.0,0.07,43.02,1.0,0.0,0.0,1.09,0.0,8.86,3.73,1.93,1.0,7.96,2.89,2.32,0.0,1.59,0.96,1.0,0.0,0.0,0.0,0.04,0.0,2.96,2.93,0
141.28,18.9,1.99,7.96,43.78,0.0,378.1,6.97,2.98,14.94,0.07,0.01,495.47,99.49,3.0,0.0,49.8,1.99,6.23,0.03,5.32,1.02,0.01,0.84,0.0,259.67,0.39,0.0,2.0,10.94,1
0.75,3.0,1.38,9.01,0.75,0.62,24.1,9.26,1.25,1.25,0.62,0.0,14.14,76.27,2.0,11.5,17.15,1.38,8.24,0.0,3.84,1.0,1.0,0.55,0.0,35.3,0.38,0.0,2.87,1.87,0
3.88,0.0,1.0,0.35,0.35,0.0,101.49,8.76,8.4,9.7,0.05,4.54,133.81,60.12,1.0,1.29,41.79,1.65,4.69,1.06,10.65,7.07,92.57,1.22,1.06,39.49,0.88,0.0,1.35,0.65,0
1.3,0.35,1.65,1.3,1.3,0.0,24.73,1.65,0.0,1.95,0.31,1.3,2.95,42.96,1.3,4.89,3.3,0.65,3.05,2.4,3.93,1.0,1.0,0.58,0.0,0.0,0.0,0.0,2.95,1.95,0
0.0,0.0,1.54,0.0,0.0,1.08,32.87,1.0,0.0,2.62,0.38,0.0,6.69,48.71,1.54,0.0,8.54,1.0,2.74,0.54,2.37,1.0,1.0,0.73,0.0,0.0,0.0,0.0,2.08,1.62,0
134.7,17.94,1.94,7.72,41.66,0.0,359.2,6.72,2.89,14.55,0.07,0.0,473.36,99.11,3.0,0.0,48.33,2.0,6.1,0.0,5.33,1.0,0.06,0.82,0.0,246.45,0.37,0.0,2.11,10.5,1
6.48,0.0,1.0,1.44,2.16,0.0,119.34,10.12,9.88,11.4,0.06,1.96,157.35,91.56,1.0,1.52,47.89,1.76,5.44,0.48,4.74,0.24,1.0,0.51,0.0,45.61,0.62,0.0,1.0,0.76,1
0.1,0.0,1.0,2.89,0.0,0.1,25.7,1.0,0.0,2.7,0.78,0.0,7.3,54.99,1.0,0.0,0.9,1.9,25.77,0.9,1.56,1.0,1.0,0.0,0.0,0.2,0.1,0.0,1.3,0.0,0
77.14,10.32,1.54,4.35,30.3,0.0,206.44,4.26,1.63,8.15,0.04,0.0,280.14,54.33,2.09,0.0,27.16,1.54,3.38,0.0,3.15,0.54,0.46,0.46,0.0,141.79,0.21,0.0,2.0,6.43,1
0.0,0.0,1.0,1.21,0.61,1.82,31.52,1.0,1.21,0.61,0.67,0.0,3.21,44.24,3.42,1.21,5.45,1.0,2.14,0.61,2.65,1.0,1.0,0.45,0.0,44.85,0.61,0.0,1.0,0.61,0
0.0,0.0,1.0,1.48,0.99,2.97,107.04,1.0,0.0,1.49,1.78,0.0,14.88,69.58,1.51,1.49,8.0,1.51,2.64,0.51,1.68,1.0,1.0,0.05,0.0,1.97,0.49,0.0,3.01,2.97,0
9.91,0.0,1.0,4.09,4.54,0.0,4.46,1.64,0.64,4.46,0.01,1.81,35.68,85.09,2.27,0.0,12.74,1.64,4.32,0.73,4.33,1.0,1.0,0.84,0.0,0.0,0.0,0.0,2.91,1.27,1
0.0,0.0,1.0,0.0,0.0,0.33,21.97,0.83,0.83,0.0,0.09,0.67,1.67,0.0,0.83,0.0,0.0,0.83,1.06,0.17,1.97,1.0,1.0,0.82,0.0,0.33,0.17,0.0,1.0,0.17,0
0.36,0.36,1.0,0.0,0.0,1.8,103.93,1.0,0.0,4.53,1.45,0.64,11.74,27.07,2.28,0.0,7.83,1.36,6.61,3.83,4.39,3.2,1.0,0.03,0.0,0.0,0.36,0.0,2.36,1.08,0
0.0,0.0,1.0,0.0,0.0,0.0,0.97,1.0,0.0,0.0,0.09,0.0,1.97,0.0,3.0,0.0,2.07,1.0,2.59,0.17,1.55,1.07,1.0,0.0,0.0,8.69,1.0,0.0,1.0,0.0,0
1.08,0.0,1.0,0.0,9.69,0.0,14.72,1.0,0.0,0.0,0.06,0.36,0.64,0.0,2.92,0.0,5.15,1.0,8.53,7.77,4.27,2.36,1.0,0.24,0.0,23.7,0.82,0.0,1.72,2.15,0
0.0,0.0,2.71,0.0,0.86,0.0,22.38,1.0,0.0,0.0,0.82,0.86,1.74,0.0,1.58,0.0,12.13,1.0,11.14,10.7,6.08,5.42,2.71,1.82,1.71,15.65,0.14,0.0,1.0,0.86,0
0.0,0.0,1.0,0.0,0.0,0.0,27.67,1.0,0.0,1.33,1.04,0.0,16.03,38.6,0.67,0.0,0.0,0.67,0.55,0.0,0.85,0.0,1.0,0.15,0.0,0.0,0.0,0.0,2.0,0.33,0
0.0,0.0,1.0,0.0,0.0,2.0,131.83,0.0,0.0,0.0,0.56,3.99,0.01,0.08,0.0,0.0,0.0,0.0,3.91,1.0,4.33,1.0,1.0,0.94,0.0,2.0,1.0,0.0,1.0,1.0,0
0.0,0.0,1.0,0.0,0.0,0.0,0.1,1.0,0.0,0.9,0.0,0.0,6.59,0.0,1.39,0.0,1.59,1.9,1.65,1.2,3.8,2.0,1.0,0.08,0.0,10.59,0.1,0.0,1.9,0.0,0
0.83,0.0,1.83,0.0,0.0,0.0,6.6,1.0,0.0,0.0,0.22,0.0,3.48,0.0,3.83,0.0,7.3,1.0,4.59,3.35,2.79,2.17,1.0,0.83,0.0,0.0,0.17,0.0,1.0,0.0,0
0.17,0.34,1.0,0.11,0.06,0.0,2.49,1.63,0.0,0.92,0.09,0.0,4.01,4.6,2.94,0.46,2.06,1.06,2.51,0.0,1.55,0.94,1.0,0.04,0.0,8.48,0.94,0.0,1.0,0.0,0
0.0,5.51,1.0,0.0,0.0,0.0,0.0,1.0,0.0,0.0,0.0,0.0,5.96,0.0,0.45,1.1,2.75,0.45,0.5,0.0,0.45,0.45,1.0,0.08,0.0,0.0,0.0,0.0,1.55,0.0,0
0.0,0.0,1.02,0.0,0.0,1.0,38.18,1.0,0.0,0.04,1.45,0.0,4.04,1.29,3.0,0.0,9.09,1.0,2.52,1.0,2.76,1.0,1.0,0.03,0.0,0.0,0.0,0.0,3.0,2.0,1
0.0,0.0,1.0,0.0,0.0,0.86,38.0,1.0,0.14,1.0,1.04,0.0,5.46,35.3,3.0,2.86,8.65,1.86,4.52,1.0,2.29,1.0,1.0,0.32,0.0,3.46,0.58,0.0,2.73,1.73,0
0.0,0.0,1.0,2.93,0.0,1.17,55.67,1.0,0.0,0.0,1.21,0.0,18.58,58.6,1.66,0.59,5.34,0.41,7.01,4.55,1.22,0.83,1.0,0.0,0.0,0.0,1.0,0.0,1.59,0.59,0
0.67,2.67,1.0,0.67,1.34,1.34,12.7,1.67,0.0,2.67,0.21,0.0,4.34,36.76,3.0,0.0,2.66,1.67,4.42,2.33,3.08,2.33,1.0,0.56,0.0,41.44,1.0,0.0,1.0,0.0,0
0.89,3.54,1.0,0.89,1.77,1.77,21.51,1.89,0.0,3.54,0.4,0.0,6.23,48.72,2.89,0.11,2.68,2.11,3.91,0.89,2.95,1.89,1.0,0.74,0.0,54.92,0.89,0.0,1.23,0.34,1
0.65,0.0,1.0,0.0,0.0,0.0,17.88,2.3,1.41,3.41,0.05,0.11,25.97,32.36,1.89,3.78,9.49,1.11,3.95,1.78,2.61,0.89,1.0,0.03,0.0,17.2,0.98,0.0,1.0,0.11,0
2.43,0.0,1.0,1.82,2.73,0.0,25.06,1.0,0.0,0.0,1.39,1.52,1.39,26.44,2.39,0.0,5.57,1.0,5.66,4.78,3.11,1.7,1.0,0.41,0.0,0.0,0.0,0.0,1.7,0.0,0
0.5,1.5,1.0,0.5,0.0,2.0,32.95,1.5,0.0,2.5,0.67,0.0,6.0,38.02,2.0,0.0,4.0,1.5,4.07,2.0,2.88,1.5,1.0,0.25,0.0,3.99,0.5,0.0,1.0,0.0,0
0.0,0.0,1.0,0.0,0.0,0.56,39.94,1.0,0.0,2.24,1.65,0.0,8.26,39.68,1.12,43.26,11.06,2.24,15.5,10.15,1.84,0.56,1.0,0.49,0.0,0.0,0.0,0.0,2.12,1.68,0
0.55,0.0,1.0,0.0,0.0,3.3,13.73,1.0,0.0,0.0,0.13,0.55,2.65,0.0,2.35,0.0,11.24,1.55,6.47,4.96,5.84,1.45,1.0,1.46,0.0,123.57,1.0,0.0,1.0,0.0,0
0.0,2.09,1.0,0.7,0.0,2.79,56.6,1.7,0.0,1.7,1.4,0.0,6.48,28.12,1.61,0.0,3.73,1.7,2.79,1.0,2.91,1.91,1.0,0.35,0.0,5.57,0.7,0.0,1.0,0.3,0
0.0,0.0,1.0,0.0,3.58,0.9,32.33,1.0,0.0,0.0,0.35,2.69,0.21,0.0,1.21,0.0,9.16,1.0,7.87,6.27,9.33,1.9,1.0,1.66,0.0,179.98,1.0,0.0,1.9,3.58,0
39.16,15.85,1.93,10.39,52.28,0.2,148.03,4.73,0.14,6.59,0.16,0.0,65.53,98.17,3.14,0.14,31.37,2.86,5.99,0.07,5.69,1.0,0.07,1.03,0.0,91.71,0.45,0.0,1.93,11.26,1
0.0,0.0,1.0,0.0,0.0,0.65,43.05,0.67,0.0,0.0,0.18,1.3,0.67,0.0,0.67,0.0,0.0,0.67,1.26,0.33,2.09,1.0,1.0,0.31,0.0,0.65,0.33,0.0,1.0,0.33,0
0.29,0.15,1.0,0.85,1.16,0.0,0.15,1.0,0.0,0.0,0.0,0.0,1.58,85.48,2.44,0.0,2.03,1.0,22.89,22.37,1.61,1.15,1.0,0.07,0.0,20.91,0.15,0.0,1.0,0.0,0
4.41,0.0,1.68,0.0,2.68,7.13,821.56,1.32,0.0,0.0,0.74,0.68,72.38,0.0,1.32,0.0,112.74,1.0,4.29,0.68,6.34,1.32,1.0,0.5,0.0,5649.41,0.82,0.68,2.36,0.32,0
0.0,0.47,1.0,0.0,0.0,0.0,8.0,1.0,0.0,4.41,0.37,0.53,2.94,42.79,2.06,0.0,6.71,1.0,4.33,3.18,3.5,2.59,0.53,0.0,0.0,0.0,0.0,0.0,1.53,0.0,0
0.39,0.0,1.07,0.0,0.2,0.65,105.29,1.0,0.0,0.0,0.68,0.07,40.31,0.0,0.07,0.0,10.25,0.07,0.35,0.07,1.02,0.07,1.0,0.04,0.0,540.41,0.05,0.07,2.07,0.93,0
0.0,0.0,1.0,2.58,1.72,4.31,149.01,1.0,0.0,1.72,2.22,0.0,19.95,84.41,1.42,1.72,7.31,1.0,1.84,1.53,1.31,1.14,1.0,0.1,0.0,3.45,1.0,0.0,1.86,4.31,0
0.0,0.0,1.45,0.0,0.0,0.45,39.38,1.0,0.0,0.9,5.05,0.0,3.24,26.01,1.35,1.1,5.83,0.45,2.05,1.0,1.49,0.45,1.0,0.67,0.0,0.0,0.0,0.0,1.9,0.9,0
0.0,0.0,1.0,0.0,0.0,0.0,29.53,1.0,0.0,1.99,0.72,0.0,7.49,60.64,2.01,0.0,2.52,1.49,15.2,1.0,2.68,1.0,1.0,0.34,0.0,0.0,0.0,0.0,2.01,1.01,0
0.84,0.16,1.84,0.84,0.84,0.0,3.79,5.21,0.0,3.48,0.12,0.0,4.84,69.96,1.84,1.68,1.32,1.84,2.22,0.84,2.02,1.0,0.84,0.47,0.0,0.0,0.84,0.0,1.0,0.0,1
0.0,0.0,1.0,0.0,0.0,1.0,7.81,1.0,0.93,0.26,0.19,0.93,3.72,4.67,3.87,1.25,4.99,1.2,5.3,1.87,4.58,2.87,1.0,0.62,0.0,3.74,0.93,0.0,1.13,0.2,0
0.0,0.0,1.0,0.0,0.0,0.0,31.86,1.0,0.0,0.95,0.62,0.0,8.31,67.8,2.86,0.0,3.82,0.95,2.05,0.95,3.57,0.95,1.0,0.64,0.0,0.0,0.0,0.0,2.95,1.95,0
0.0,0.0,1.0,0.0,0.0,0.0,35.55,1.0,0.0,3.0,0.59,0.21,8.3,47.23,2.21,0.0,11.57,1.79,4.17,1.85,3.45,1.64,1.0,0.33,0.0,0.0,0.0,0.0,2.79,2.36,0
0.0,0.0,1.0,0.0,0.0,0.0,0.38,1.0,0.0,0.0,0.0,0.0,5.19,0.0,2.52,0.0,3.28,1.0,2.93,1.76,3.76,1.38,1.0,0.3,0.0,51.77,0.3,0.0,1.38,0.38,0
6.9,0.0,1.55,2.69,5.69,5.52,660.78,1.0,0.0,0.0,0.54,2.79,56.31,38.97,1.0,0.0,86.67,1.0,5.15,1.45,5.19,1.0,1.0,0.91,0.0,4567.47,0.43,0.55,2.1,0.0,0
0.0,3.88,1.0,0.97,1.94,0.0,6.8,1.0,5.83,3.91,0.05,0.0,7.94,62.14,2.94,1.94,9.74,1.03,13.34,4.88,4.47,2.97,1.0,1.46,0.0,13.59,0.97,0.0,1.03,0.97,1
1.0,0.1,1.0,0.02,1.02,0.05,31.68,1.02,0.98,0.1,1.42,0.0,3.07,1.35,3.98,0.0,9.8,1.02,4.73,1.0,2.76,2.0,1.0,0.02,0.0,1.52,0.02,0.0,1.0,1.95,0
0.0,0.0,1.0,0.3,0.2,2.3,136.13,0.1,0.0,0.2,0.76,3.6,2.32,9.88,0.1,0.2,0.81,0.1,3.51,0.9,4.02,1.0,1.0,0.85,0.0,2.2,1.0,0.0,1.1,1.4,0
0.0,0.0,1.0,0.56,0.0,0.22,34.6,1.0,0.0,0.0,4.23,0.0,4.35,11.18,1.78,0.11,1.67,0.89,0.47,0.0,0.08,0.0,1.0,0.0,0.0,0.0,0.11,0.0,1.11,0.11,0
1.27,0.0,2.0,1.27,1.27,0.0,37.64,1.64,0.0,1.91,0.61,1.27,4.36,42.0,2.36,0.0,7.27,1.0,2.87,1.0,5.32,1.36,1.0,1.03,0.0,0.0,0.0,0.0,2.91,2.27,0
0.35,14.22,1.0,5.82,1.29,0.0,7.75,6.82,0.0,8.17,0.06,0.0,18.22,78.43,2.35,5.82,8.29,1.0,4.02,1.06,2.02,0.71,0.35,0.1,0.0,0.0,0.0,0.0,1.0,0.0,0
0.7,0.0,1.0,1.39,0.0,0.0,0.0,1.0,0.0,0.0,0.0,0.0,3.09,52.24,3.0,0.0,1.21,1.0,2.04,1.52,1.78,1.61,1.0,0.0,0.0,0.0,1.0,0.0,1.0,0.0,0
0.59,0.0,1.0,0.0,0.59,0.0,31.59,1.0,0.59,0.0,4.01,0.0,2.19,0.0,2.37,0.81,6.34,0.59,3.23,1.0,2.04,1.59,1.0,0.0,0.0,0.0,0.0,0.0,1.0,1.19,0
1.6,0.0,1.0,0.0,0.0,0.73,73.48,4.21,3.48,4.74,0.75,0.27,60.48,55.64,1.73,1.27,22.71,2.0,5.06,0.73,3.05,0.73,1.0,0.07,0.0,16.04,0.22,0.0,3.2,1.0,0
0.18,0.0,1.0,0.0,0.0,1.91,35.63,1.0,1.64,1.64,0.86,0.18,4.0,50.7,1.82,10.63,6.55,1.18,9.29,0.0,5.12,1.0,1.0,1.03,0.0,41.02,0.18,0.0,3.45,2.45,0
0.0,0.0,1.0,0.0,0.0,0.42,15.8,1.0,0.0,0.0,0.61,0.0,2.25,0.0,3.0,0.0,4.91,1.0,3.38,2.75,2.31,1.58,1.0,0.0,0.0,3.51,0.58,0.0,1.83,0.83,0
0.0,0.0,1.0,0.0,0.0,1.71,106.0,0.29,0.0,0.29,0.66,2.83,2.04,12.27,0.88,0.0,3.21,0.58,3.7,0.71,4.15,1.0,1.0,0.79,0.0,1.42,0.71,0.0,1.88,1.29,0
0.0,0.0,1.0,4.84,0.0,1.94,92.99,1.0,0.0,0.0,2.04,0.0,30.25,96.86,0.06,0.97,6.94,0.03,4.07,0.0,0.67,0.0,1.0,0.0,0.0,0.0,1.0,0.0,1.97,0.97,1
0.46,0.46,1.0,0.0,0.0,2.31,126.45,1.0,0.0,4.16,1.28,0.0,17.7,34.64,1.54,0.54,6.15,2.54,3.95,0.0,1.99,0.54,1.0,0.04,0.0,0.0,0.46,0.0,3.0,3.0,0
0.0,0.0,1.0,0.0,0.0,0.0,2.24,1.0,0.0,1.56,0.08,0.28,3.44,18.0,1.56,0.0,3.52,1.0,2.5,1.4,2.62,1.84,1.0,0.0,0.0,0.0,0.0,0.0,1.28,0.0,0
0.86,0.0,0.86,1.14,0.86,0.0,23.1,2.71,0.0,5.99,0.5,0.0,7.7,85.57,3.42,0.0,5.13,1.71,2.14,0.0,1.97,0.86,0.0,0.0,0.0,0.0,0.0,0.0,1.0,2.57,0
0.0,0.0,1.0,0.0,0.0,0.0,11.22,1.0,0.0,0.64,0.45,0.32,26.46,0.0,0.96,0.68,3.21,0.32,2.24,1.92,2.44,2.28,1.0,0.0,0.0,0.0,0.0,0.0,1.32,0.0,0
0.34,0.0,1.0,0.68,0.0,0.0,26.99,1.0,0.0,1.32,0.47,0.0,7.29,69.08,2.34,0.0,8.56,2.32,1.65,0.0,2.33,1.0,1.0,0.24,0.0,0.0,0.34,0.0,2.32,1.97,0
8.45,0.0,1.65,37.06,20.81,0.0,29.91,1.65,0.65,3.25,0.06,0.0,2.0,63.72,1.65,0.0,13.05,1.0,6.16,1.65,4.23,1.0,1.0,0.44,0.0,1223.65,0.65,0.0,1.0,0.0,0
0.0,0.6,1.0,0.0,0.0,0.0,18.87,1.0,0.0,4.39,0.83,0.4,3.2,54.37,1.8,0.0,5.82,1.0,3.27,2.41,2.96,2.61,0.4,0.0,0.0,0.0,0.0,0.0,1.4,0.0,0
2.87,0.0,2.0,0.0,1.12,3.74,452.88,1.0,0.0,0.0,0.54,0.37,40.67,0.0,2.88,0.0,63.75,1.0,4.82,2.25,4.56,1.63,1.0,0.84,0.0,3095.82,0.29,0.37,1.75,0.0,0
1.97,0.0,1.33,0.0,0.99,3.29,417.03,1.0,0.0,0.67,1.34,0.33,35.55,22.15,2.34,0.0,58.33,1.0,4.67,1.0,5.85,3.01,1.0,0.19,0.0,2720.22,0.26,0.33,1.66,0.67,1
0.0,0.0,1.0,0.0,0.0,0.0,27.35,1.0,0.0,0.3,0.91,0.0,5.3,0.0,2.4,0.0,6.61,2.0,2.17,1.0,2.59,1.3,1.0,0.0,0.0,0.0,0.0,0.0,2.7,0.7,0
0.0,0.0,1.0,0.0,0.0,0.0,1.2,1.0,0.0,1.3,0.05,0.15,3.7,21.25,1.3,0.0,2.35,1.0,1.76,0.9,2.1,1.45,1.0,0.0,0.0,0.0,0.0,0.0,1.15,0.0,0
0.0,0.0,1.0,0.56,0.0,0.0,40.62,1.56,0.0,5.01,0.22,0.0,30.94,55.65,1.0,0.0,5.9,1.0,9.05,0.44,1.5,1.0,0.44,0.03,0.0,0.0,0.56,0.0,2.11,1.67,1
0.25,0.0,1.75,0.0,0.0,3.02,45.13,1.0,0.0,2.98,0.61,0.25,7.73,51.43,1.75,0.0,13.53,1.25,3.68,0.75,4.03,1.0,1.0,1.29,0.0,57.28,0.25,0.0,2.49,2.24,1
0.0,0.0,1.0,0.0,0.0,0.0,29.32,1.0,0.0,0.11,0.7,0.05,34.17,0.0,0.16,0.0,0.54,0.05,0.38,0.32,0.82,0.27,1.0,0.0,0.0,0.0,0.0,0.0,2.0,0.95,0
0.0,0.0,1.0,0.0,0.0,0.0,31.49,1.0,0.0,2.68,0.79,0.0,8.32,55.13,1.32,0.0,4.85,2.32,20.12,0.68,2.03,1.0,1.0,0.12,0.0,0.0,0.0,0.0,1.64,0.96,0
0.64,0.0,1.0,1.64,0.0,0.0,13.67,1.0,0.0,1.44,0.36,0.0,5.44,75.72,2.28,0.0,1.08,1.0,1.47,0.72,1.21,1.0,1.0,0.11,0.0,0.0,0.64,0.0,2.08,0.36,0
0.85,0.0,1.0,1.85,0.0,0.0,0.0,1.0,0.0,0.0,0.0,0.0,3.55,78.72,2.85,0.0,0.0,1.0,4.51,3.87,1.21,1.0,1.0,0.0,0.0,0.0,0.85,0.0,1.0,0.0,0
0.34,0.17,1.0,0.0,1.35,0.0,0.17,1.0,0.0,0.0,0.0,0.0,2.5,0.0,1.67,0.0,4.02,1.0,1.61,1.0,1.71,1.17,1.0,0.08,0.0,24.24,0.17,0.0,1.0,0.0,0
0.0,0.71,1.0,0.0,0.0,0.29,23.72,1.0,0.0,5.42,0.48,0.0,6.91,85.18,1.29,5.53,7.66,1.87,3.32,0.0,1.84,1.0,0.29,0.25,0.0,0.0,0.0,0.0,1.58,0.87,0
0.0,0.0,2.56,0.0,0.78,0.0,26.88,1.22,0.22,0.0,0.87,0.78,0.88,0.0,1.44,0.0,10.58,1.0,9.47,9.36,5.34,4.68,2.56,1.69,1.56,0.0,0.22,0.0,1.0,1.0,0
0.0,0.0,1.0,0.0,0.0,0.0,24.81,1.0,0.0,0.2,0.86,0.0,6.8,0.0,1.8,0.0,4.2,1.2,0.46,0.2,0.93,0.4,1.0,0.0,0.0,0.0,0.8,0.0,1.2,0.0,0
0.0,0.0,1.0,0.0,0.0,0.85,36.39,1.0,0.0,0.85,0.96,0.0,5.23,27.93,3.0,2.54,8.77,1.85,4.71,1.46,2.28,1.15,1.0,0.32,0.0,4.31,0.72,0.0,2.69,1.69,0
0.43,0.43,1.0,0.57,0.57,0.0,15.06,1.43,0.0,1.29,0.3,6.27,3.44,28.39,1.0,0.0,6.44,1.43,2.89,1.71,12.9,11.83,148.58,1.83,1.71,6.3,1.0,0.0,1.57,0.0,0
0.0,0.0,1.0,0.0,0.0,0.0,15.42,1.0,0.0,0.0,3.86,0.0,1.0,0.0,0.5,0.99,1.0,0.5,1.0,1.0,1.0,1.0,1.0,0.0,0.0,0.0,0.0,0.0,1.0,0.0,0
1.26,0.0,2.0,1.26,2.0,0.0,37.63,1.63,0.0,10.74,0.57,1.26,4.0,77.79,1.63,0.0,3.63,1.37,1.75,0.63,4.09,1.0,0.63,0.75,0.0,7.37,0.37,0.0,2.89,1.89,0
6.09,0.0,1.0,0.0,7.44,0.0,10.03,1.0,0.0,0.32,0.21,0.0,2.59,3.88,1.32,0.0,2.27,1.0,2.62,0.65,1.96,1.0,1.0,0.0,0.0,0.0,0.32,0.0,1.0,2.03,0
0.0,0.0,1.0,0.02,0.04,0.0,26.96,1.02,0.02,0.02,4.41,0.0,1.09,1.29,2.04,0.0,1.16,1.02,0.06,0.02,0.1,0.02,1.0,0.01,0.0,0.0,0.0,0.0,1.0,0.02,0
0.0,0.0,1.0,0.0,0.0,1.41,16.48,1.0,0.7,2.0,0.13,0.7,8.22,56.66,2.7,1.19,12.15,1.0,4.91,2.0,6.16,1.0,1.0,0.7,0.0,13.41,1.0,0.0,1.0,0.0,0
0.0,0.0,1.0,0.24,0.0,0.0,23.67,1.0,0.0,0.76,0.5,0.0,6.35,32.8,2.0,0.0,5.35,1.0,10.15,7.67,1.67,1.0,1.0,0.0,0.0,0.0,0.76,0.0,1.0,0.0,0
0.0,0.6,1.0,0.2,0.0,0.81,14.08,1.2,0.0,0.4,0.34,0.0,3.21,5.23,2.6,0.0,1.8,1.2,2.42,0.2,1.6,1.0,1.0,0.1,0.0,8.8,1.0,0.0,1.0,0.0,0
0.0,0.0,1.0,0.93,0.0,0.07,38.33,1.0,0.0,3.8,1.0,0.0,7.93,74.7,1.07,0.07,3.33,1.07,2.89,1.93,1.19,1.0,1.0,0.28,0.0,0.0,0.0,0.0,4.0,1.0,0
9.63,0.0,1.0,2.63,1.75,0.12,11.47,1.88,0.88,6.25,0.14,0.0,49.91,78.78,2.88,0.12,18.51,2.0,4.11,0.12,5.11,1.0,1.0,0.49,0.0,0.0,0.0,0.0,4.0,1.88,1
0.0,0.33,0.08,1.92,0.17,0.0,0.58,1.0,0.5,0.33,0.0,0.0,0.66,5.31,0.25,0.17,0.83,0.08,1.14,0.41,0.37,0.25,0.08,0.12,0.0,1.16,0.08,0.0,1.0,0.08,0
12.53,0.0,2.0,54.94,30.84,0.07,46.22,1.96,0.96,4.96,0.11,0.0,2.25,96.95,2.0,0.0,18.75,1.0,8.76,1.96,5.84,1.0,1.0,0.69,0.0,1813.87,0.96,0.0,1.07,0.11,0
0.0,0.0,1.0,0.0,3.88,1.0,36.21,1.0,0.0,0.03,0.4,2.91,0.21,1.25,1.06,0.0,10.03,1.03,8.34,6.79,10.05,1.97,1.0,1.81,0.0,194.03,0.97,0.0,2.06,3.94,0
0.0,0.0,1.0,0.0,0.0,0.18,43.0,1.0,0.0,2.64,0.73,0.0,9.46,56.75,2.0,0.18,11.28,2.0,3.66,1.0,2.76,1.0,1.0,0.34,0.0,0.0,0.0,0.0,3.18,2.64,0
0.0,0.0,1.0,0.0,0.0,1.73,20.61,1.0,0.87,1.73,0.14,0.87,12.65,60.72,2.87,0.0,15.34,1.0,5.17,1.73,7.22,0.87,1.0,0.87,0.0,12.14,0.87,0.0,1.13,0.0,0
0.0,3.25,1.0,0.0,0.0,0.67,29.02,1.0,0.0,0.67,0.61,0.0,7.98,28.35,2.02,0.65,9.05,1.35,2.51,0.0,2.51,0.67,1.0,0.35,0.0,0.0,0.0,0.0,3.35,1.35,0
8.92,0.0,1.0,0.01,10.91,0.0,0.32,1.0,0.0,0.03,0.01,0.0,0.07,0.65,1.0,0.0,0.03,1.0,1.38,0.02,1.99,1.0,1.0,0.0,0.0,0.0,0.0,0.0,1.03,2.98,1
0.0,0.0,1.48,0.0,0.0,0.48,38.21,1.0,0.0,1.48,0.73,0.0,7.04,34.11,2.48,0.0,9.88,1.0,4.33,1.52,2.58,1.0,1.0,0.72,0.0,0.0,0.52,0.0,1.96,0.96,0
0.0,0.0,1.0,1.0,0.0,0.0,12.97,1.18,0.0,1.6,0.07,0.0,10.42,100.0,1.82,0.0,1.6,1.0,24.13,21.38,1.16,1.0,0.82,0.01,0.0,0.0,0.18,0.0,1.36,0.53,0
0.0,2.81,1.0,0.0,0.0,1.44,94.93,0.28,0.0,0.0,0.4,2.88,2.81,0.0,0.0,0.56,1.4,0.0,3.03,0.72,3.12,0.72,1.0,0.72,0.0,1.44,0.72,0.0,1.28,0.72,0
0.39,0.0,1.0,0.0,0.79,0.39,10.12,1.39,0.0,0.0,0.11,0.0,21.72,0.0,2.0,0.0,13.76,1.0,3.01,0.0,3.51,0.79,1.0,0.14,0.0,12.62,0.36,0.0,1.61,0.39,0
0.0,0.0,1.0,0.07,0.0,0.0,27.72,1.0,0.0,3.07,0.83,0.0,8.0,51.76,1.0,0.0,1.13,1.93,26.94,1.07,1.59,1.0,1.0,0.02,0.0,0.0,0.0,0.0,1.2,0.07,0
10.74,0.0,1.83,47.09,26.44,0.17,45.48,1.83,0.83,4.3,0.23,0.0,2.87,88.26,2.17,0.0,17.61,1.17,7.96,1.65,5.58,1.0,1.0,0.64,0.0,1554.79,0.83,0.0,1.52,0.35,0
0.0,0.0,1.0,1.58,0.79,2.38,43.7,1.0,1.58,0.79,1.5,0.0,3.38,57.85,3.96,16.94,7.34,0.79,7.31,5.57,2.69,0.79,1.0,0.59,0.0,58.64,0.79,0.0,1.0,0.79,0
0.0,0.0,1.0,0.99,0.0,0.0,37.69,1.0,0.0,3.97,0.99,0.0,7.94,76.37,1.02,0.0,2.99,1.0,2.76,2.02,1.13,1.01,1.0,0.3,0.0,0.05,0.01,0.0,3.98,0.99,0
0.48,0.0,1.0,0.0,0.0,0.0,13.99,1.0,0.0,3.0,0.42,0.0,6.07,50.0,1.96,0.0,3.89,1.52,17.72,1.96,2.65,1.48,1.0,0.0,0.0,0.0,0.0,0.0,1.0,0.0,0
0.0,0.0,1.0,0.0,0.0,0.0,4.85,1.0,0.0,1.65,0.21,0.55,2.0,0.0,3.0,0.0,6.4,1.0,4.97,2.75,3.7,2.65,1.0,0.0,0.0,4.05,0.45,0.0,1.55,0.0,0
0.0,0.0,1.0,0.0,0.0,0.0,35.19,1.0,0.0,0.0,1.96,0.0,1.98,0.0,3.02,0.0,7.89,1.0,6.11,6.11,3.47,2.0,1.0,0.0,0.0,0.0,0.02,0.0,1.98,0.0,0
0.0,0.0,1.0,0.0,0.0,0.0,33.22,1.0,0.0,0.3,1.83,0.1,2.0,0.0,3.0,0.0,8.2,1.0,6.15,6.0,3.7,2.2,1.0,0.0,0.0,0.0,0.0,0.0,2.0,0.0,0
0.0,0.0,1.0,2.15,1.43,0.57,45.05,1.71,0.71,0.71,0.92,0.0,12.45,70.03,2.85,0.29,7.71,1.43,3.24,0.71,3.25,0.71,1.0,0.29,0.0,0.0,0.29,0.0,1.29,1.0,0
1.5,0.0,1.0,0.0,13.49,0.0,20.98,1.0,0.0,0.5,0.12,0.5,0.5,0.0,2.0,0.0,5.5,1.0,3.05,2.0,5.66,3.0,1.0,0.33,0.0,33.97,0.75,0.0,2.0,3.0,1
6.35,0.0,1.0,2.16,1.58,0.0,4.04,1.58,0.58,4.04,0.01,4.65,32.35,48.52,2.16,0.0,12.82,1.58,3.58,1.27,11.64,9.02,110.39,1.59,1.27,0.84,0.42,0.0,3.16,1.16,0
0.36,0.64,1.0,0.72,0.0,0.0,5.12,1.0,0.0,3.84,0.28,0.0,4.0,85.24,1.72,0.0,1.92,1.0,0.75,0.0,1.25,1.0,0.36,0.0,0.0,0.0,0.36,0.0,1.0,0.0,0
0.0,0.0,1.0,0.0,0.0,0.0,0.0,1.0,0.0,0.0,0.0,0.0,13.15,0.0,0.0,1.0,2.48,0.0,2.17,0.0,0.9,0.17,1.0,0.0,0.0,0.0,0.0,0.0,1.0,0.0,0
0.0,0.0,1.0,3.78,0.0,1.51,72.1,1.0,0.0,0.49,1.58,0.0,24.42,81.73,0.49,1.73,6.03,0.24,4.09,0.49,1.06,0.24,1.0,0.0,0.0,2.92,1.0,0.0,1.76,0.76,0
5.17,0.0,1.0,0.0,6.32,0.0,0.0,1.0,0.0,0.0,0.0,0.0,0.43,0.0,1.0,0.0,0.0,1.0,0.78,0.0,1.57,1.0,1.0,0.0,0.0,0.0,0.0,0.0,1.0,1.72,0
1.0,0.0,1.0,0.0,1.0,4.71,61.18,4.76,0.06,0.0,1.35,0.0,8.65,0.0,1.18,0.0,6.24,1.94,1.5,0.06,3.08,1.06,1.0,0.0,0.0,0.0,0.0,0.0,2.88,2.0,0
1.63,0.0,1.82,1.63,1.63,0.0,37.45,1.82,0.0,2.82,0.64,1.82,3.63,53.79,2.18,0.0,5.11,1.0,2.92,1.92,5.5,1.74,1.0,0.72,0.0,0.0,0.0,0.0,3.63,2.45,0
0.66,0.0,1.34,19.27,0.0,0.66,21.71,1.0,0.0,0.0,0.56,0.0,2.34,66.46,1.67,0.0,4.36,1.0,1.48,0.34,2.34,1.34,1.0,0.43,0.0,1.33,0.66,0.0,2.99,0.34,0
0.0,0.0,1.0,2.96,1.96,4.91,167.7,1.0,0.09,1.96,2.52,0.0,22.17,96.9,1.18,2.0,8.04,1.0,0.48,0.04,1.3,1.0,1.0,0.14,0.0,7.07,1.0,0.0,1.96,4.82,0
0.0,0.0,1.0,0.47,0.0,0.53,20.24,1.0,0.0,0.0,0.78,0.0,2.6,46.75,2.53,0.0,4.79,1.0,13.49,12.69,1.93,1.0,1.0,0.0,0.0,0.0,0.0,0.0,2.07,1.07,0
0.0,0.0,0.7,0.6,0.0,0.0,20.33,1.0,0.0,0.0,0.46,0.0,25.24,0.0,0.0,0.0,0.0,0.0,0.0,0.0,0.39,0.0,0.7,0.0,0.0,0.0,0.0,0.0,1.7,0.7,0
0.0,0.0,1.43,0.57,2.0,0.0,30.2,1.57,0.57,10.97,0.58,0.0,4.57,75.34,2.7,0.0,5.83,2.0,2.2,0.57,3.15,1.0,0.57,0.44,0.0,8.67,0.43,0.0,1.0,0.57,0
0.0,0.0,1.0,0.2,0.2,0.0,0.0,1.0,0.0,0.0,0.0,2.24,0.8,0.0,3.39,0.0,3.0,1.0,9.37,9.37,5.67,5.67,53.79,0.61,0.61,0.41,1.0,0.0,1.2,0.0,0
0.18,0.0,1.0,0.0,0.22,0.0,0.0,1.0,0.0,0.98,0.0,0.0,3.92,24.5,1.0,0.0,0.98,1.0,0.76,0.0,1.51,1.0,1.0,0.0,0.0,0.0,0.0,0.0,1.0,0.06,0
0.0,0.0,1.0,0.0,0.0,0.98,42.96,1.0,0.0,0.98,1.13,0.0,6.04,32.38,2.98,2.96,9.96,2.02,4.78,0.98,2.32,1.0,1.0,0.37,0.0,3.93,0.65,0.0,3.0,2.02,0
96.69,15.44,2.0,13.18,30.41,0.0,257.34,12.18,2.03,10.15,0.05,0.0,346.85,100.0,2.68,2.91,46.44,2.0,5.53,0.0,4.62,1.0,0.32,0.69,0.0,206.95,0.59,0.0,1.68,7.44,1
0.0,0.0,1.0,0.0,0.0,0.16,7.0,1.0,0.0,1.0,0.15,0.0,6.16,6.84,1.33,0.0,2.63,2.0,1.51,0.84,3.53,1.84,1.0,0.07,0.0,0.0,0.0,0.0,2.33,0.33,0
0.62,0.0,1.0,0.62,0.62,0.0,16.81,2.25,0.0,4.36,0.37,0.0,5.98,62.27,3.62,0.0,4.49,1.62,3.07,1.51,2.19,1.38,0.38,0.0,0.0,2.26,0.38,0.0,1.0,1.87,0
0.0,0.0,1.0,0.0,0.0,0.0,6.76,1.0,0.0,0.32,0.36,0.0,3.97,0.0,2.35,0.0,5.73,1.32,3.98,3.03,2.71,2.0,1.0,0.0,0.0,0.0,0.0,0.0,2.0,0.0,0
0.0,0.0,1.0,0.0,0.0,1.47,85.03,0.53,0.0,0.53,0.74,1.89,3.69,22.17,1.58,0.0,5.81,1.06,3.56,0.47,4.01,1.0,1.0,0.68,0.0,0.94,0.47,0.0,2.58,1.53,0
0.64,0.0,1.0,0.0,0.64,3.55,55.73,3.55,0.0,0.36,1.18,0.0,8.27,15.27,1.73,0.0,7.82,2.0,2.02,0.0,3.32,1.0,1.0,0.16,0.0,0.0,0.0,0.0,3.36,2.0,0
0.0,0.0,2.81,0.0,0.81,0.38,30.94,1.0,0.0,0.76,0.92,0.81,1.71,13.12,1.19,0.0,12.81,1.0,10.48,9.91,5.3,5.05,2.62,1.78,1.62,0.0,0.0,0.0,1.38,1.38,0
0.37,0.0,1.0,0.0,0.37,0.0,11.86,1.0,0.37,0.63,0.54,0.0,4.89,0.0,2.11,0.0,4.34,1.63,2.49,1.0,3.22,2.0,1.0,0.0,0.0,0.0,0.0,0.0,1.63,0.74,0
1.9,7.61,1.95,22.83,2.1,0.05,2.71,21.93,0.0,0.0,0.02,0.15,29.49,95.12,1.95,8.56,37.58,1.95,4.28,0.34,3.5,1.05,1.0,0.44,0.0,99.17,1.0,0.0,1.05,0.2,0
2.75,5.75,1.0,1.92,0.92,0.33,30.24,11.17,0.0,14.84,0.2,0.0,34.59,75.51,1.92,7.34,2.83,2.0,2.69,0.08,2.36,0.08,1.0,0.72,0.0,0.66,0.08,0.0,1.0,0.0,0
8.9,0.0,1.0,0.0,10.88,0.0,0.09,1.0,0.0,0.03,0.0,0.01,0.02,0.0,1.02,0.0,0.11,1.0,1.43,0.06,2.04,1.03,1.0,0.0,0.0,0.0,0.0,0.0,1.01,2.97,1
1.0,0.47,1.0,15.42,0.0,2.87,113.27,1.0,0.0,4.21,0.94,0.0,14.11,88.29,1.0,0.0,1.87,1.47,2.78,0.0,1.66,0.53,1.0,0.05,0.0,1.06,1.0,0.0,3.53,1.4,0
0.0,0.0,1.0,0.0,0.0,0.0,14.5,1.0,0.0,3.0,0.37,0.81,3.49,11.15,2.81,0.0,10.37,1.19,6.33,4.26,5.02,3.44,1.0,0.08,0.0,0.0,0.0,0.0,2.19,0.56,0
0.15,0.15,1.0,0.85,0.85,0.0,5.19,1.15,0.0,0.45,0.1,9.37,1.19,9.79,1.0,0.0,4.19,1.15,2.96,2.55,17.55,17.18,221.58,2.6,2.55,3.48,1.0,0.0,1.85,0.0,0
0.0,0.0,1.0,0.0,0.0,0.8,34.4,1.0,0.0,0.8,0.73,0.0,5.8,33.6,2.6,0.0,9.0,1.8,2.83,0.2,3.17,1.0,1.0,0.36,0.0,0.0,0.0,0.0,3.4,1.6,0
0.0,3.0,1.0,1.0,0.0,4.0,65.96,2.0,0.0,2.0,1.35,0.0,8.0,25.98,1.0,0.0,1.0,2.0,2.13,1.0,2.0,1.0,1.0,0.5,0.0,8.06,1.0,0.0,1.0,0.0,0
0.49,0.0,1.49,0.49,0.49,0.0,1.99,3.47,0.0,2.49,0.05,0.0,4.49,45.26,2.0,3.01,2.01,1.49,3.13,1.51,2.21,1.0,1.0,0.28,0.0,6.07,1.0,0.0,1.0,0.0,0
42.46,5.68,1.3,3.09,13.86,0.0,113.62,2.79,0.9,4.48,0.02,7.71,148.9,29.9,1.6,0.0,17.05,1.3,3.96,2.1,15.61,14.32,182.26,2.35,2.1,79.44,0.82,0.0,2.0,3.29,0
3.98,0.0,1.0,0.0,4.86,0.0,0.0,1.0,0.0,0.0,0.0,0.0,21.19,0.0,0.44,0.56,0.0,0.44,0.6,0.0,1.44,1.0,1.0,0.0,0.0,0.0,0.0,0.0,1.0,1.33,0
0.0,0.0,1.89,0.11,0.11,0.0,33.01,1.0,0.0,0.0,0.77,1.19,4.46,0.0,2.78,0.0,11.92,1.0,4.25,1.22,6.62,3.94,28.91,1.47,0.32,0.22,0.11,0.0,1.11,0.89,0
1.03,4.13,1.52,12.39,1.03,0.0,-5.68,12.36,1.0,0.0,-1.55,0.0,17.49,51.63,2.03,-33.56,19.62,2.03,-9.28,-11.88,3.13,1.52,1.0,0.99,0.0,48.53,0.52,0.0,1.0,0.0,0
139.87,18.71,1.02,7.88,44.35,0.0,385.68,6.91,2.95,38.77,-0.14,-0.98,494.51,196.5,2.97,0.0,39.44,2.98,-4.35,-11.82,0.99,-3.92,-2.95,-0.64,-1.97,277.08,1.39,0.0,1.98,9.85,1
2.56,8.0,2.56,24.56,2.56,0.0,-17.64,25.82,0.0,1.69,-1.1,0.0,32.69,137.28,1.44,10.13,35.05,2.56,2.08,-2.82,2.4,0.44,1.0,0.69,0.0,94.0,1.56,0.0,0.44,0.0,0
0.89,0.0,1.0,0.0,0.0,5.33,53.22,1.0,0.0,0.0,1.28,0.89,3.44,0.0,2.89,-0.89,18.33,2.78,0.4,0.0,7.51,0.89,1.0,2.37,0.0,200.0,1.89,0.0,1.0,0.0,0
0.0,0.0,0.47,0.53,0.0,-0.53,-3.28,1.0,0.0,1.07,0.11,0.0,13.07,10.16,3.93,0.0,1.65,1.0,5.77,3.53,7.07,2.0,1.0,0.14,0.0,136.0,0.8,0.0,2.53,0.47,0
-33.12,-13.4,0.21,-8.67,-44.15,2.0,9.79,-3.15,0.0,-5.52,0.49,4.0,-48.88,-78.85,-2.37,0.79,-23.65,-2.37,1.06,1.0,0.41,0.21,1.79,0.11,0.0,-71.33,0.68,0.0,0.21,-8.46,0
142.0,19.0,2.0,8.0,44.0,0.0,380.0,7.0,3.0,15.0,0.07,0.0,498.0,100.0,3.0,0.0,50.0,2.0,6.23,0.0,5.32,1.0,0.0,0.84,0.0,261.0,0.39,0.0,2.0,11.0,1
0.68,0.0,1.0,0.0,0.0,4.1,48.08,1.0,0.0,-0.68,1.23,0.68,5.63,0.0,2.0,0.0,16.61,1.0,1.37,-0.68,4.04,-0.68,1.0,1.82,0.0,153.72,1.68,0.0,0.32,0.0,0
0.0,0.0,1.0,0.0,4.0,0.0,-7.0,1.0,0.0,-1.0,-0.75,3.0,-5.0,-32.99,1.0,-3.0,2.0,0.0,7.67,10.0,9.91,3.0,1.0,1.48,0.0,201.96,1.33,0.0,0.0,2.0,0
0.0,0.0,2.0,0.0,0.0,1.04,40.53,1.0,0.0,3.04,0.88,0.0,9.0,28.85,1.04,0.0,6.26,0.04,1.13,1.0,-0.94,0.04,1.0,0.39,0.0,0.0,0.96,0.0,0.13,1.09,0
3.0,0.0,2.97,0.0,27.98,0.0,66.55,1.0,0.0,0.0,1.11,1.98,-0.98,0.0,-1.95,0.0,18.83,1.0,5.09,2.98,12.26,6.93,2.97,2.62,1.97,66.0,-0.48,0.0,3.0,6.98,0
0.06,1.0,1.0,2.83,1.89,4.72,198.16,2.0,0.0,2.06,3.13,0.0,25.92,111.27,-0.89,1.89,11.94,2.0,-2.57,-2.83,1.09,0.06,1.0,0.38,0.0,15.77,1.94,0.0,1.94,4.72,0
1.0,-0.63,2.0,0.0,0.0,0.0,8.0,1.0,0.0,0.0,0.27,0.0,4.63,0.0,4.63,-8.76,8.0,1.63,2.0,0.5,2.75,2.0,1.0,1.0,0.0,0.0,0.0,0.0,1.0,0.0,0
0.65,0.0,-0.96,0.0,0.0,4.92,72.46,1.0,0.0,4.0,0.57,0.0,15.31,71.0,0.69,19.0,24.89,4.65,7.77,-3.27,4.59,0.35,1.0,1.64,0.0,147.14,0.65,0.0,2.35,3.0,1
0.0,0.0,1.0,3.0,2.0,5.0,173.0,1.0,0.0,2.0,2.58,0.0,23.0,98.0,1.0,2.0,8.0,1.0,0.36,0.0,1.2,1.0,1.0,0.11,0.0,4.0,1.0,0.0,2.0,5.0,0
0.0,0.0,1.0,-0.74,0.0,2.74,54.77,1.0,1.0,2.74,0.83,1.0,14.43,27.14,3.74,0.0,24.13,1.74,-11.38,-17.21,9.81,1.0,1.0,1.33,0.0,14.0,1.0,0.0,3.22,1.48,0
0.0,0.0,1.0,0.0,0.0,0.0,0.0,1.0,0.0,1.86,0.04,0.0,-6.45,23.27,0.21,3.72,-1.72,1.0,1.83,3.07,-3.58,1.07,1.0,-0.73,0.0,-109.41,1.19,0.0,0.07,-0.93,0
0.0,0.0,-1.68,0.0,0.0,0.0,-8.03,1.0,0.0,0.89,-0.23,-0.89,2.78,22.31,1.22,0.0,-3.14,1.0,0.76,0.54,-1.91,2.11,1.0,-1.34,0.0,0.0,1.0,0.0,0.11,0.0,0
2.76,0.0,2.0,2.0,2.76,3.79,79.74,5.04,0.0,0.72,1.26,1.24,9.31,66.0,0.48,0.0,0.96,1.76,-2.7,-3.55,3.68,-1.28,1.0,0.89,0.0,0.0,0.0,0.0,4.76,4.52,0
3.0,6.0,1.0,2.0,1.0,0.76,59.07,12.0,0.0,15.24,0.92,0.0,38.53,86.11,2.76,7.24,8.34,2.76,3.56,-0.76,2.46,0.0,1.0,1.03,0.0,-6.11,-0.25,0.0,2.53,1.53,0
0.97,0.0,2.0,0.0,0.0,7.8,55.2,1.0,0.0,3.03,0.29,0.97,5.13,57.4,1.03,0.0,25.63,1.97,2.03,-0.93,10.0,1.0,1.0,3.94,0.0,217.49,0.0,0.0,3.0,3.0,0
7.72,1.0,1.0,5.04,7.56,5.0,200.78,0.16,-0.84,9.0,1.08,4.2,25.64,148.12,-0.68,0.0,2.32,2.0,9.62,1.68,1.76,0.84,1.0,0.74,0.0,0.0,0.16,0.0,3.0,2.16,0
-4.79,1.0,0.2,0.0,-2.4,-7.19,-953.34,1.0,0.8,0.0,-0.66,0.0,-78.11,0.0,2.4,14.0,-120.26,0.0,4.71,5.8,-1.34,2.6,1.0,0.02,0.0,-6608.64,0.18,-0.8,-0.6,0.0,0
0.76,0.0,1.0,-3.79,0.76,-1.51,-44.7,1.0,0.76,0.0,-0.26,0.0,-19.2,-75.71,7.03,-0.76,2.27,1.76,0.92,0.76,3.07,2.51,1.0,0.75,0.0,0.0,-0.76,0.0,0.24,0.76,0
0.0,22.0,0.26,10.48,2.0,0.0,12.0,10.0,0.0,11.0,0.09,0.0,24.52,94.0,1.26,9.0,7.52,0.26,2.19,-0.74,0.33,-0.74,-0.74,0.15,0.0,0.0,0.0,0.0,1.0,0.0,0
-0.82,0.0,1.0,0.82,1.65,4.12,178.52,1.0,0.0,1.65,4.13,0.0,17.65,18.95,1.35,1.65,14.59,1.0,5.68,6.0,3.46,2.0,1.0,0.09,0.0,3.3,0.0,0.0,2.82,4.12,0
0.0,1.0,1.0,0.0,0.0,0.0,7.32,1.0,0.0,2.74,0.27,0.91,1.91,0.0,1.83,14.0,10.23,0.0,10.49,8.66,5.12,3.74,1.0,0.0,0.0,0.0,0.0,0.0,1.91,0.0,0
-6.89,0.0,0.47,-30.22,-16.97,0.0,34.52,1.0,0.0,0.35,0.92,0.0,11.06,8.04,2.53,0.0,2.99,2.0,-1.08,-0.06,1.33,0.47,1.0,0.36,0.0,-997.76,0.0,0.0,3.0,3.53,0
0.0,0.0,1.0,0.0,7.87,-0.79,-28.33,1.0,0.0,1.0,-0.3,-2.36,20.53,25.0,1.0,0.0,-6.87,1.0,-5.94,-5.51,-6.12,-0.57,1.0,-1.46,0.0,-157.4,-0.79,0.0,1.0,-2.36,0
0.0,0.0,1.0,1.0,1.0,1.1,12.67,1.0,0.55,1.1,0.09,11.55,4.96,38.55,1.0,0.0,9.61,1.0,3.22,1.35,22.64,18.9,260.0,3.55,3.0,9.71,1.0,0.0,2.0,0.0,0
0.0,0.0,1.97,-0.97,-1.93,0.0,11.58,0.03,-0.97,-0.97,0.39,0.0,1.0,-55.97,2.03,0.0,8.83,0.03,6.49,5.0,3.69,3.97,1.0,0.85,0.0,0.0,1.0,0.0,1.0,0.0,0
0.93,0.0,4.93,-0.93,0.0,0.0,-51.66,0.07,0.0,-8.4,0.15,1.0,-44.66,-93.32,5.8,0.0,8.07,1.0,-4.73,7.8,7.79,2.93,1.93,2.38,0.0,0.0,-0.93,0.0,0.13,-2.8,0
0.0,0.0,1.0,0.0,0.0,0.0,0.0,1.0,0.0,1.0,0.0,0.0,4.92,25.0,-0.84,0.0,-2.68,1.0,-3.39,-4.6,0.12,-0.84,1.0,0.0,0.0,0.0,-0.92,0.0,1.0,0.0,0
2.29,0.0,1.65,1.29,3.29,1.0,42.59,2.65,0.0,1.94,0.52,1.29,10.94,42.71,1.35,0.0,19.29,1.0,0.71,-1.94,5.9,1.35,1.0,0.93,0.0,28.12,0.26,0.0,2.94,2.94,1
0.0,0.0,1.96,0.0,1.93,0.0,70.69,1.0,0.0,23.13,2.63,0.0,3.93,94.45,1.07,0.0,8.96,1.96,4.88,6.0,3.66,2.0,0.04,0.48,0.0,10.6,0.0,0.0,2.0,0.0,0
-1.62,0.81,0.19,-1.62,-1.62,0.0,-24.85,0.19,1.0,-1.44,0.12,-1.62,-0.44,-3.57,1.38,13.36,-1.62,0.19,4.94,4.25,-1.65,1.0,1.0,-0.72,0.0,0.0,0.0,0.0,-1.44,-2.44,0
0.89,0.0,1.0,0.0,0.89,5.45,28.91,4.56,1.0,-1.78,0.11,0.11,9.23,0.0,2.22,0.0,0.44,1.89,-0.07,-3.34,2.53,-0.56,1.0,0.6,0.0,4.0,1.0,0.0,1.89,1.78,0
0.0,0.0,1.0,0.0,0.0,-0.87,-6.92,1.87,0.87,0.0,-0.78,0.0,2.0,0.0,1.0,0.0,-4.06,1.0,-0.73,0.13,1.22,0.13,1.0,0.49,0.0,0.0,0.87,0.0,-0.73,-0.87,0
1.0,0.0,1.0,0.0,0.0,0.0,-28.39,1.0,0.0,3.0,-7.1,0.0,4.0,50.0,5.75,-1.83,7.92,1.92,8.75,5.75,4.67,2.92,1.0,0.0,0.0,5.49,0.92,0.0,1.0,0.0,0
6.9,10.0,1.57,32.76,18.39,0.0,26.44,1.57,0.57,1.15,0.05,0.0,8.85,27.59,-0.57,2.0,11.9,0.0,2.59,-0.57,1.28,-0.57,1.0,0.55,0.0,1081.74,0.57,0.0,2.0,0.0,0
1.0,0.0,1.0,29.0,0.0,0.1,-9.38,1.0,-1.8,-1.8,2.21,0.0,-1.7,44.24,-0.8,54.86,-2.7,0.1,11.02,20.69,-2.82,0.1,1.0,-0.6,0.0,2.0,1.0,0.0,1.3,-2.7,0
0.36,1.0,0.36,-1.28,-1.28,5.0,201.75,0.36,0.0,9.0,1.25,-1.28,29.0,64.79,1.64,0.0,5.91,2.0,8.48,1.28,1.3,0.64,1.0,-0.47,0.0,0.0,1.0,0.0,1.09,1.09,1
6.26,1.0,1.0,2.55,9.7,0.0,-126.71,-8.37,-10.22,-6.81,-0.04,-0.85,-123.56,-7.66,6.7,-1.7,-22.61,1.0,3.24,1.0,5.23,2.85,1.0,0.73,0.0,92.92,0.31,0.0,3.55,0.85,1
4.69,9.37,1.0,3.12,1.56,0.0,36.56,18.19,0.0,25.0,-0.14,0.0,56.12,124.99,1.44,12.5,0.19,2.56,1.28,-2.25,2.43,-1.12,1.0,1.16,0.0,0.0,0.0,0.0,0.44,0.0,0
0.83,0.83,1.0,0.0,0.0,0.0,-6.66,1.83,0.0,0.0,0.02,0.0,0.33,5.0,0.17,0.0,1.17,1.0,0.46,0.17,1.5,1.0,1.0,-0.12,0.0,9.99,0.83,0.0,-0.67,-2.5,0
3.58,3.0,1.6,1.0,1.79,8.77,765.87,2.0,-0.6,0.81,1.84,0.0,62.84,-15.73,-0.19,0.0,85.06,2.0,2.1,0.4,1.88,1.0,1.0,0.24,0.0,4932.1,0.87,0.6,2.19,0.0,0
3.0,6.0,1.0,2.0,1.0,0.7,24.91,12.0,0.0,14.61,0.61,0.0,33.52,34.08,2.7,8.0,0.22,0.61,3.01,0.7,2.3,0.0,1.0,0.49,0.0,0.0,0.0,0.0,1.0,-0.7,0
0.0,-15.37,1.0,-6.29,-1.4,0.7,18.16,-5.29,0.0,-7.68,0.96,0.0,-14.37,-65.67,1.7,-6.29,1.0,1.0,0.7,1.7,2.17,1.7,1.7,-0.11,0.0,0.0,0.0,0.0,2.4,1.4,0
-90.47,-12.92,0.32,-5.44,-22.45,0.0,-231.48,-3.08,-2.04,-8.2,1.18,0.0,-332.74,-10.02,-0.36,0.0,-34.01,0.32,-2.47,0.0,-1.26,0.0,1.68,-0.35,0.0,-177.53,-0.27,0.0,1.32,-5.44,0
0.0,0.0,2.0,0.6,2.6,0.0,37.0,1.0,0.0,24.0,0.74,6.56,3.4,98.0,-0.19,0.0,3.6,2.0,0.74,-0.6,12.41,11.74,154.52,2.29,1.79,17.61,1.0,0.0,1.6,0.0,0
0.0,0.0,0.03,0.97,0.0,-1.93,-50.28,1.0,0.0,-3.87,-0.71,0.0,-5.74,29.98,1.0,0.0,-9.6,1.0,22.27,25.17,-0.29,1.0,1.0,-0.79,0.0,0.0,0.0,0.0,-0.93,-2.9,0
-0.98,4.0,1.0,1.0,0.05,-0.98,29.45,0.02,6.0,4.0,0.86,0.0,7.02,64.0,3.0,2.98,0.24,2.95,13.94,5.0,2.54,2.02,1.0,1.15,0.0,-17.23,0.12,0.0,2.95,2.95,0
-0.57,0.0,1.0,-0.57,-0.57,1.14,38.72,-0.14,0.57,-0.84,0.48,0.57,9.57,48.93,1.43,0.0,18.69,2.43,3.76,1.14,6.02,1.0,1.57,0.93,0.0,7.96,0.57,0.0,3.0,1.29,0
1.09,-4.91,1.0,0.0,4.37,0.0,8.55,1.0,0.0,3.0,0.31,1.0,-0.73,0.0,5.73,-1.09,14.91,1.55,9.03,5.55,8.36,5.09,1.0,0.17,0.0,78.63,0.55,0.0,1.45,0.0,0
-30.8,-12.47,1.27,-5.87,-39.6,5.67,74.2,-1.93,0.0,0.33,2.53,0.0,-25.46,67.53,0.53,1.47,-3.33,-0.47,0.17,1.0,-0.3,1.0,1.73,0.67,0.0,-65.26,0.43,0.0,3.0,-2.13,0
38.82,16.1,1.95,10.42,51.13,-0.95,130.72,3.84,0.0,7.63,-0.04,0.0,58.76,94.69,3.95,0.0,16.2,2.89,5.97,2.0,5.1,2.05,0.05,0.66,0.0,59.76,0.53,0.0,1.95,10.42,1
-2.9,-5.81,1.0,-1.94,-0.97,0.97,33.88,-9.65,0.0,-11.62,0.46,0.0,-21.27,-8.71,3.0,10.65,19.49,2.94,11.62,5.0,3.86,3.97,1.0,0.13,0.0,0.0,1.0,0.0,2.94,2.9,0
0.0,0.0,1.0,0.0,0.0,0.0,0.65,1.0,0.0,0.0,0.01,0.0,8.19,0.0,1.65,0.0,3.61,1.0,-2.21,-4.23,5.09,1.0,1.0,0.51,0.0,88.9,-0.13,0.0,1.65,0.65,0
4.85,0.0,2.0,-21.31,1.0,-0.77,113.02,15.23,10.0,14.54,-0.19,0.77,163.5,60.61,2.0,3.54,49.47,2.77,6.82,1.0,5.65,0.23,1.0,0.75,0.0,44.62,0.86,0.0,-1.31,0.77,1
1.05,8.0,1.05,22.1,0.1,0.0,-35.06,22.05,0.0,0.0,-0.45,-1.9,31.0,84.81,2.95,9.0,41.85,2.0,7.86,1.9,1.49,1.95,1.0,-0.48,0.0,94.0,1.0,0.0,-1.85,-2.85,0
0.0,-2.18,1.0,4.45,-1.09,2.0,92.82,1.0,-3.27,-2.18,2.16,0.0,27.73,65.1,0.55,-0.09,1.55,0.0,-3.0,-2.73,-0.96,-1.09,1.0,-0.41,0.0,-7.63,0.45,0.0,2.0,0.45,0
-7.19,3.0,1.0,1.0,-9.88,4.0,66.0,2.0,0.0,4.7,1.35,0.0,11.59,70.93,2.8,0.0,7.29,2.0,6.29,3.7,3.57,1.9,1.0,0.5,0.0,8.0,1.0,0.0,1.0,-2.7,0
0.71,0.71,1.0,0.0,0.0,3.57,161.54,1.0,0.0,6.43,1.11,0.0,-5.43,53.61,3.71,-0.71,6.86,2.43,9.24,5.0,4.01,2.29,1.0,0.07,0.0,0.0,1.71,0.0,2.43,2.14,0
0.59,0.0,1.0,1.17,0.0,0.0,27.0,1.0,0.0,3.0,0.82,0.0,9.17,93.97,2.17,0.0,-0.17,2.0,28.48,0.41,1.77,1.0,1.0,0.0,0.0,0.0,0.59,0.0,1.0,0.0,0
6.94,0.0,2.53,30.43,17.08,2.0,60.01,1.53,0.53,6.67,-3.36,0.0,9.53,121.32,3.07,-1.07,21.61,1.53,8.24,1.53,4.99,1.0,1.0,1.18,0.0,1004.67,0.53,0.0,3.0,3.0,1
0.0,22.0,2.02,9.0,2.51,-0.51,3.35,10.0,0.0,10.49,0.12,0.51,22.44,72.62,0.98,9.0,10.02,0.49,7.36,6.11,2.23,2.54,1.02,0.95,1.02,0.0,0.0,0.0,-0.53,-0.51,0
-28.06,-9.25,0.22,-7.57,-41.65,0.0,8.56,7.24,16.13,10.24,0.04,0.78,114.8,58.54,1.44,3.56,33.39,0.22,13.25,5.0,4.25,2.22,1.78,0.87,0.0,-11.72,1.31,0.0,0.22,-7.57,0
-0.8,0.0,1.0,-23.19,0.0,-0.8,28.8,1.0,0.0,1.0,0.72,0.0,8.6,-8.96,4.6,0.0,10.4,1.0,6.41,4.2,4.78,1.8,1.0,0.67,0.0,-1.6,-0.8,0.0,1.4,2.0,0
4.37,0.0,0.38,3.75,5.62,0.0,-5.0,1.0,0.0,1.0,-0.17,3.12,1.5,79.37,-0.87,0.0,-4.0,1.0,0.99,-0.62,1.17,0.38,1.0,0.21,0.0,0.0,0.0,0.0,1.0,0.0,0
1.0,0.58,1.0,29.0,0.0,0.42,-6.43,1.0,0.0,2.92,0.01,0.0,-0.17,133.85,-0.17,-1.75,-4.09,0.42,-2.38,-0.58,0.37,1.0,0.42,-0.22,0.0,-0.33,0.61,0.0,2.83,-1.17,0
0.0,0.0,1.0,1.87,0.94,2.81,18.44,1.0,1.87,-1.87,0.94,0.0,-2.62,12.19,5.81,1.87,5.19,0.06,5.15,4.0,2.8,2.0,1.0,0.31,0.0,69.36,0.94,0.0,0.13,-1.87,0
1.0,0.0,1.0,0.0,2.0,1.0,39.84,2.0,0.0,-0.81,1.11,0.0,9.0,0.0,2.0,0.0,18.0,1.0,1.6,0.0,3.64,2.81,1.0,0.36,0.0,32.0,0.9,0.0,1.0,1.0,1
0.0,0.0,1.0,0.0,4.0,0.07,0.82,1.0,-1.85,-1.85,-0.55,3.0,-2.78,-57.4,0.07,-12.03,6.3,1.0,-1.45,7.0,7.24,2.0,1.0,1.24,0.0,200.0,1.0,0.0,-0.78,1.22,0
-3.05,0.0,3.49,0.0,-1.52,-5.08,-578.32,1.0,0.0,1.02,0.13,0.49,-45.25,33.53,3.51,0.0,-64.16,2.02,3.85,4.49,4.61,2.0,1.0,1.4,0.0,-4203.73,-0.4,-0.51,2.0,1.52,0
8.05,0.0,2.0,2.2,1.46,0.0,19.43,1.73,0.73,5.12,-4.8,0.0,45.26,61.48,5.2,-1.46,26.91,2.46,6.6,0.27,8.32,2.0,1.0,1.69,0.0,0.0,0.0,0.0,3.2,2.46,1
-0.92,0.0,1.0,0.0,0.0,-5.55,17.79,1.0,0.0,0.0,0.96,-0.92,5.7,0.0,4.92,0.92,-9.25,1.92,0.04,0.0,-5.32,1.0,1.0,-1.72,0.0,-208.05,-0.92,0.0,2.85,2.77,0
0.0,0.0,1.87,-0.87,-0.87,2.73,90.88,1.0,2.0,5.47,1.61,-9.54,11.8,121.81,2.87,13.0,14.4,1.0,12.0,-1.73,-10.39,-15.47,-223.51,-0.75,-2.6,-1.73,-0.87,0.0,4.87,5.6,0
0.0,0.0,1.0,0.0,0.0,0.0,34.68,1.0,0.0,0.0,8.51,0.0,-16.75,0.0,3.41,1.32,4.78,0.68,5.15,3.05,4.95,0.68,1.0,0.54,0.0,92.86,0.55,0.0,1.68,0.68,0
0.0,0.0,1.56,0.44,1.12,0.0,14.0,1.56,0.56,0.56,0.26,0.0,3.8,132.48,4.24,0.0,4.48,2.12,27.6,26.56,3.4,1.56,1.56,0.22,0.0,0.0,0.0,0.0,1.0,0.56,0
0.0,0.0,1.0,-2.59,0.0,-1.03,-41.15,1.0,0.0,3.0,-0.77,1.0,-13.52,-51.73,4.55,-0.52,8.45,1.52,7.42,7.59,6.7,5.55,1.0,0.0,0.0,0.0,0.0,0.0,1.48,-0.52,0
-0.58,0.0,1.0,0.0,-0.58,0.0,-11.55,1.0,-0.58,1.0,0.89,0.0,4.85,0.0,-1.31,42.73,-4.2,1.42,11.7,13.7,1.91,0.85,1.0,0.0,0.0,0.0,0.0,0.0,2.0,-1.15,0
3.99,5.98,1.0,1.99,2.0,0.0,58.89,11.95,1.0,15.93,1.55,0.0,2.0,79.67,5.99,6.97,12.99,2.99,7.48,1.0,4.14,1.0,1.0,0.74,0.0,0.0,0.0,0.0,1.0,2.0,0
0.92,3.92,1.0,1.0,0.0,4.0,66.0,2.92,0.0,2.92,0.71,-0.92,13.51,86.62,-0.84,0.0,1.92,2.92,-1.78,-4.51,0.16,-2.67,1.0,0.75,0.0,19.02,1.92,0.0,0.08,0.0,0
0.0,0.0,1.0,-1.68,-1.12,-2.79,-96.67,1.0,0.0,-0.56,-1.44,0.0,-9.62,-40.79,1.0,-1.12,-3.91,1.0,0.22,0.0,1.17,1.0,1.0,-0.06,0.0,-2.24,-0.56,0.0,0.44,-2.79,0
-1.14,0.0,0.43,-1.14,-1.14,1.0,-2.28,0.43,1.0,0.0,0.36,-0.14,5.28,-9.13,3.43,0.0,2.29,1.57,20.19,2.0,2.46,3.0,1.0,0.09,0.0,4.0,1.0,0.0,-0.71,-1.71,0
0.0,0.0,0.08,0.0,0.0,-0.92,-4.59,1.0,0.0,-1.84,0.22,0.0,2.84,-53.3,0.08,0.92,-3.59,2.84,0.0,0.08,-0.57,1.0,1.0,-1.38,0.0,0.0,0.0,0.0,1.0,0.92,0
38.69,15.66,2.92,10.13,51.58,1.0,188.77,4.68,-0.92,8.45,0.89,0.0,68.64,150.11,4.84,0.0,43.4,2.84,8.57,1.0,7.35,1.0,0.08,1.73,0.0,85.66,0.38,0.0,3.92,13.05,1
0.0,-1.84,1.0,-0.61,0.0,-2.45,-16.54,0.39,0.0,-1.23,-0.03,0.0,-0.84,-15.93,2.23,0.0,5.9,1.0,1.29,1.0,1.12,1.0,1.0,-0.31,0.0,-4.9,-0.61,0.0,2.23,0.61,0
0.0,0.0,1.0,0.98,0.0,1.0,61.02,1.0,0.0,2.04,0.53,0.0,11.06,144.53,2.0,15.08,16.06,4.0,31.39,23.53,2.06,1.0,1.0,0.88,0.0,-11.77,-0.98,0.0,3.0,3.0,0
-1.95,-0.97,1.0,0.0,-7.79,3.95,44.42,1.0,1.97,3.95,0.31,1.97,14.87,138.15,1.05,0.0,17.95,1.0,6.16,2.97,10.3,0.03,1.0,1.52,0.0,-112.57,1.0,0.0,1.0,0.0,0
1.0,0.92,1.0,-0.92,1.0,0.0,4.51,1.0,1.0,1.83,0.94,0.0,-0.67,12.83,4.0,0.0,10.0,1.0,2.92,-0.83,2.86,2.0,0.08,-0.27,0.0,0.0,0.0,0.0,-1.75,1.08,0
2.42,5.77,1.0,0.0,25.85,-0.58,30.61,0.42,0.0,0.0,0.04,1.0,0.58,0.0,-0.15,1.15,1.5,0.42,3.48,2.0,6.24,1.85,1.0,0.54,0.0,47.54,-0.02,0.0,3.58,5.42,1
1.0,-2.85,2.0,0.05,1.0,-2.85,-18.87,5.05,0.0,2.05,-0.27,0.0,4.05,81.21,2.95,2.95,7.66,2.0,5.1,1.0,2.3,1.0,1.0,0.09,0.0,-7.61,0.05,0.0,3.85,0.95,0
1.88,0.0,1.0,1.77,1.0,5.0,39.16,5.0,0.0,0.0,-2.63,0.0,11.65,66.21,1.88,0.0,5.12,2.0,1.96,0.0,4.2,1.88,1.0,0.0,0.0,0.0,0.88,0.0,3.0,2.0,1
1.0,0.0,1.0,1.0,1.0,-0.54,3.96,3.0,0.0,6.46,0.05,0.0,5.79,77.5,4.54,-0.54,2.79,1.46,2.04,1.61,2.22,1.54,0.0,0.0,0.0,3.21,0.54,0.0,-0.61,2.46,0
1.04,0.0,0.48,3.12,3.12,-5.2,-621.91,1.0,0.0,0.0,-0.51,2.08,-51.99,45.2,3.0,0.0,-77.57,1.0,4.75,5.52,0.21,3.0,1.0,0.4,0.0,-4298.8,0.59,-0.52,-0.04,0.0,0
0.0,0.0,1.0,0.0,0.0,0.0,-21.46,1.0,1.0,0.0,1.35,0.0,-1.18,0.0,-1.38,58.81,-6.36,-0.59,16.71,17.48,-0.25,0.21,1.0,0.8,0.0,0.0,0.0,0.0,-0.59,-0.79,0
0.0,0.0,0.09,0.0,0.0,-0.91,31.91,1.0,0.0,1.0,0.55,0.0,12.54,13.81,2.0,17.23,10.63,3.72,9.9,1.09,2.03,1.0,1.0,-0.44,0.0,0.0,1.0,0.0,1.0,0.0,0
0.0,0.0,2.0,0.0,0.0,2.0,59.08,1.0,0.0,4.0,4.39,0.0,-24.66,69.0,3.92,0.0,15.96,1.96,4.44,1.0,2.58,1.0,1.0,1.36,0.0,0.0,0.0,0.0,2.04,2.04,0
1.77,0.0,1.0,0.0,15.97,0.0,39.0,1.0,0.0,-1.18,0.97,0.59,-0.32,-39.05,2.41,0.0,6.63,0.82,3.78,2.18,5.42,2.18,1.0,0.17,0.0,39.05,0.3,0.0,3.0,2.77,0
2.12,4.23,1.0,1.41,0.71,0.0,-0.41,8.76,0.0,13.29,-0.35,0.0,4.71,81.43,3.41,9.64,5.12,2.41,5.68,2.0,3.55,1.0,1.0,0.53,0.0,12.0,1.0,0.0,0.29,-0.71,0
7.69,0.0,1.0,0.0,9.4,0.0,31.0,1.0,0.0,1.0,0.66,0.0,6.29,12.0,2.0,0.0,5.29,1.0,5.56,1.15,2.73,1.0,1.0,0.0,0.0,0.0,1.0,0.0,1.0,2.56,0
0.98,0.0,1.0,1.97,0.0,0.0,-15.35,1.0,0.0,-0.95,0.57,0.0,0.09,72.77,1.98,0.0,-11.82,0.02,-1.78,-0.98,-0.62,0.0,1.0,-0.19,0.0,0.0,0.98,0.0,0.03,-2.95,0
-2.67,0.0,1.0,0.0,-1.6,-5.34,-598.73,1.0,0.0,0.0,1.62,-0.53,-50.32,0.0,4.6,0.0,-71.54,1.0,5.54,7.07,0.91,2.53,1.0,0.23,0.0,-4416.94,-0.42,-0.53,0.93,0.0,0
-2.67,0.0,1.0,0.0,-24.06,0.0,-36.53,1.0,0.0,0.89,-0.15,-0.89,4.56,22.28,1.0,0.0,-7.13,1.0,-2.99,-1.78,-5.09,-0.78,1.0,-0.58,0.0,-58.81,-0.45,0.0,-0.78,-5.35,0
14.73,0.0,2.0,57.0,47.61,-0.58,67.39,2.0,0.42,5.0,0.1,0.0,0.27,98.0,0.27,0.0,21.89,1.0,8.43,2.0,8.09,1.0,1.0,0.72,0.0,1917.85,0.71,0.0,2.16,3.47,1
0.0,0.0,1.0,0.0,0.0,0.0,47.05,1.0,0.0,0.57,5.37,0.0,2.15,18.91,1.43,0.0,5.01,1.0,-3.82,-5.73,1.72,1.15,1.0,0.0,0.0,0.0,-0.57,0.0,1.0,0.57,0
0.61,0.0,0.39,1.61,0.61,0.0,31.89,2.22,0.0,8.28,0.83,0.0,10.44,138.11,1.61,0.0,-1.28,1.61,1.59,1.39,-0.53,0.39,0.39,-0.49,0.0,0.0,0.0,0.0,4.0,2.22,1
0.0,0.0,0.01,0.0,0.0,0.0,-36.46,1.0,0.0,0.99,-0.85,0.0,0.01,24.63,2.03,0.0,-8.82,1.0,7.4,10.01,-1.45,1.01,1.0,-1.27,0.0,0.0,1.0,0.0,1.0,-0.99,0
0.0,0.0,1.0,0.0,0.0,0.0,13.96,1.0,0.0,0.0,2.95,0.0,-4.39,0.0,4.0,66.68,-1.83,1.0,19.11,21.01,0.7,1.0,1.0,0.75,0.0,0.0,0.0,0.0,1.0,0.0,0
0.0,0.0,1.0,0.0,3.68,1.92,47.6,1.0,0.0,1.0,0.37,2.76,0.57,42.0,1.08,1.0,12.6,2.0,12.41,7.43,11.3,2.84,1.0,1.71,0.0,183.86,0.0,0.0,4.92,4.68,0
14.14,0.0,1.0,10.6,15.91,0.0,-4.6,1.0,-0.77,-0.77,-0.38,8.84,-1.53,115.4,-0.53,-1.53,0.0,1.0,6.72,2.77,2.39,1.0,1.0,2.36,0.0,0.0,0.0,0.0,1.0,0.0,0
0.0,0.0,1.8,0.0,0.0,0.8,36.02,1.0,0.0,1.8,0.58,0.0,8.0,71.43,1.0,0.0,9.81,1.0,1.82,-0.8,1.77,-0.6,1.0,1.2,0.0,-1.6,-0.8,0.0,2.6,1.6,0
2.69,0.0,2.0,3.39,2.0,-0.69,11.6,2.0,-1.39,1.61,-0.22,2.0,4.0,75.03,2.69,-9.03,1.22,1.0,-4.95,1.0,3.42,1.0,1.0,0.43,0.0,0.0,0.69,0.0,1.92,0.92,0
0.76,0.0,2.0,0.76,0.76,1.0,62.74,2.52,0.0,7.32,1.23,0.0,-9.97,134.07,4.52,0.0,9.2,1.76,2.45,1.0,2.47,1.76,0.24,1.5,0.0,0.0,0.0,0.0,2.24,4.28,0
-0.61,-0.61,1.0,0.0,0.0,0.0,24.57,0.39,0.0,2.0,0.48,0.61,5.35,25.84,3.22,0.0,12.39,2.39,5.0,3.65,4.11,2.83,1.0,0.2,0.0,-7.3,-0.61,0.0,3.61,3.0,0
10.62,0.0,2.82,46.58,26.15,0.18,48.45,1.82,0.82,5.27,0.07,0.0,1.91,103.76,3.0,-0.82,21.99,0.18,6.67,1.82,6.46,1.0,1.0,2.06,0.0,1537.97,0.82,0.0,0.55,1.18,1
0.84,0.84,1.84,-1.68,0.0,4.2,189.7,1.0,0.0,8.55,1.3,0.0,30.34,62.95,1.84,0.0,4.36,3.68,6.14,1.0,5.53,2.0,1.84,0.08,0.0,0.0,0.84,0.0,3.68,2.52,1
1.0,1.0,1.0,0.0,0.0,0.0,10.14,2.0,0.0,3.0,0.12,0.0,-13.31,66.0,5.44,0.0,17.21,2.89,8.15,2.66,8.85,2.78,1.0,0.97,0.0,107.88,1.89,0.0,0.11,-0.89,0
0.0,0.0,2.0,1.55,1.04,2.59,126.58,1.0,0.0,0.52,2.2,0.0,14.84,37.8,3.0,1.04,16.62,1.0,4.2,1.0,4.84,2.0,1.0,1.34,0.0,2.07,0.52,0.0,1.52,3.59,0
1.0,0.0,1.0,-0.53,2.0,1.53,20.64,2.0,0.0,-1.58,0.29,0.0,7.95,-23.2,3.05,1.58,21.69,1.53,3.1,-0.53,4.27,2.0,1.0,0.4,0.0,34.11,1.26,0.0,0.47,1.53,1
42.0,17.0,2.0,10.01,55.01,0.0,189.58,5.0,0.0,8.98,1.47,-9.88,71.98,100.0,4.98,0.0,39.92,3.0,10.14,2.96,-8.47,-13.82,-255.91,-1.91,-2.96,91.02,-0.58,0.0,2.0,12.0,1
-8.21,0.0,1.0,-2.24,-1.49,0.0,10.75,0.25,-0.75,-2.98,0.74,0.75,-37.28,-62.66,3.0,0.0,0.54,0.25,7.57,7.73,2.31,4.24,1.0,-0.42,0.0,0.0,0.0,0.0,0.51,-1.49,0
3.0,0.0,1.0,0.0,27.0,0.0,-0.66,1.0,0.72,-2.87,-0.13,1.72,-7.9,-51.0,2.44,-13.65,-1.77,-1.15,0.83,3.44,9.33,4.44,1.0,0.46,0.0,68.87,1.22,0.0,1.56,3.85,0
1.0,0.0,1.0,0.0,1.0,0.0,37.57,1.0,1.0,0.8,1.65,0.8,1.41,-19.91,4.8,-3.19,15.57,1.0,7.34,3.39,5.34,4.39,1.0,0.0,0.0,-9.56,-0.8,0.0,1.8,2.0,0
-0.72,0.0,1.0,-1.44,0.0,0.0,20.39,1.0,0.0,1.44,0.89,0.0,13.44,-12.21,3.56,0.0,7.0,1.0,6.14,3.0,6.4,1.28,1.0,0.95,0.0,108.0,0.28,0.0,1.72,0.0,0
4.17,0.0,2.69,0.0,2.08,8.94,877.74,1.0,0.0,1.92,1.2,0.0,78.45,69.0,0.61,0.0,114.09,1.0,2.52,-2.47,3.79,-1.08,1.0,1.21,0.0,5746.16,0.54,0.69,3.69,3.0,1
0.0,0.0,1.0,0.0,0.0,0.0,41.79,1.0,0.0,0.0,1.06,0.0,16.7,0.0,2.79,1.0,11.16,3.0,-1.64,-6.33,6.57,1.0,1.0,0.62,0.0,107.61,-0.16,0.0,3.79,3.79,0
0.0,0.0,1.0,0.0,0.0,0.0,29.69,1.0,0.0,-0.99,7.59,0.0,1.0,0.0,-1.97,1.98,-0.99,0.01,-0.99,-0.99,-0.98,-0.98,1.0,0.0,0.0,-1.98,-0.99,0.0,1.0,0.0,0
-0.99,0.0,1.0,-0.99,-0.99,2.97,34.05,-0.97,0.99,-4.93,1.04,0.99,4.99,-29.61,2.01,0.0,18.87,0.01,5.36,2.97,8.18,1.0,1.99,0.99,0.0,13.82,0.99,0.0,3.0,-0.96,0
0.0,0.0,2.0,0.0,0.0,0.0,54.56,1.0,0.0,0.92,-1.3,0.0,11.47,11.09,4.85,-68.41,18.55,1.92,-12.01,-18.41,6.73,2.92,1.0,1.29,0.0,0.0,0.92,0.0,1.0,1.0,1
101.6,13.59,1.72,5.72,31.48,0.0,276.17,5.29,2.15,8.59,0.37,-0.72,357.89,71.55,3.0,0.0,36.62,1.72,4.42,-0.29,2.2,-0.15,0.28,0.6,0.0,186.75,0.28,0.0,2.0,7.87,1
9.53,0.0,1.0,41.8,23.47,-1.47,26.6,1.73,0.73,1.73,0.19,0.0,2.87,33.27,2.0,0.0,12.13,1.0,8.87,2.73,4.54,1.0,1.0,-0.1,0.0,1380.11,1.73,0.0,-0.47,-2.2,0
-4.37,0.0,0.13,-44.62,-20.12,0.0,-39.24,0.13,-0.87,-4.37,-0.07,4.37,10.25,-9.62,4.13,0.0,-9.62,1.0,2.54,3.0,3.3,2.0,1.0,1.35,0.0,-1538.4,0.13,0.0,1.0,0.0,0
-0.62,0.0,1.0,5.0,0.0,-1.73,96.24,1.0,0.0,1.86,2.43,-0.62,33.49,131.08,0.0,1.0,-3.57,0.0,20.28,0.62,-3.91,0.0,1.0,-1.66,0.0,-139.87,0.38,0.0,2.0,1.0,0
0.0,0.0,1.0,0.0,0.0,0.0,65.57,1.0,0.0,0.76,2.45,0.0,6.52,25.05,2.24,0.0,14.31,2.0,-2.46,-6.59,4.48,2.52,1.0,0.0,0.0,0.0,-0.76,0.0,3.0,1.76,0
0.0,0.0,1.0,0.0,0.0,0.0,32.4,1.0,0.0,2.52,1.72,1.0,1.48,-6.77,1.96,0.0,7.92,1.0,6.32,5.48,4.09,4.48,1.0,-0.23,0.0,0.0,0.0,0.0,1.48,-1.04,0
6.9,0.0,1.0,1.25,1.25,0.0,23.56,1.63,0.63,4.88,0.06,0.0,40.1,64.39,3.25,0.0,22.66,2.63,4.18,-0.25,5.66,1.0,1.0,0.58,0.0,0.0,0.0,0.0,3.0,3.63,1
0.0,0.0,1.0,0.0,0.0,0.0,31.3,1.0,0.0,0.0,7.83,0.0,0.08,0.0,0.08,1.84,-0.84,0.08,1.0,1.0,0.08,0.08,1.0,0.0,0.0,0.0,0.0,0.0,1.0,0.0,0
3.0,6.0,1.0,2.0,1.0,0.66,54.54,12.0,0.0,16.66,0.69,0.0,33.72,107.54,0.69,8.0,5.62,2.66,0.9,-1.97,-0.58,-0.66,1.0,0.52,0.0,-89.18,-0.52,0.0,2.31,0.66,0
0.0,0.0,2.82,-1.82,1.82,0.0,60.59,1.0,0.0,21.79,5.17,0.0,4.63,88.96,2.91,0.0,3.72,2.82,1.21,0.0,1.51,0.91,1.0,0.45,0.0,18.16,0.91,0.0,1.0,0.0,0
1.0,4.0,1.0,1.0,2.0,2.0,25.42,2.0,0.0,6.14,-5.27,0.0,12.42,97.82,4.43,-1.43,10.56,3.43,5.84,1.0,5.19,2.71,1.0,1.13,0.0,62.0,1.0,0.0,2.43,2.14,1
-0.95,0.0,1.0,0.0,-1.89,0.05,25.95,0.05,0.0,1.0,0.79,0.0,-0.58,42.0,2.95,1.0,-7.16,2.0,6.75,4.79,0.59,1.0,1.0,-0.34,0.0,-24.63,0.09,0.0,4.0,0.05,0
-0.89,0.0,1.0,0.0,0.0,-5.34,-10.58,1.0,0.0,2.0,2.51,-0.89,1.33,25.0,1.11,69.9,-12.14,-0.78,21.78,22.48,-5.77,0.11,1.0,-2.37,0.0,-188.38,0.11,0.0,1.0,0.0,0
-104.04,-13.92,2.27,-5.13,-31.24,0.0,-252.4,-3.4,-2.2,-10.99,0.91,1.0,-364.12,0.0,0.27,0.0,-23.63,0.27,26.49,31.05,2.84,6.0,3.73,1.38,2.0,-191.22,-0.29,0.0,0.27,-7.06,0
-0.44,-0.72,2.0,0.0,-2.88,0.72,33.2,1.0,0.0,0.0,0.54,2.16,0.4,0.0,1.12,0.0,5.12,1.0,7.3,7.32,6.36,2.0,1.0,2.0,0.0,40.33,0.0,0.0,1.72,2.88,0
1.0,0.63,0.37,0.0,0.0,6.0,1.61,1.0,0.0,0.0,-0.3,1.0,1.47,0.0,-0.9,8.85,11.05,1.37,3.13,2.53,6.47,0.37,1.0,1.85,0.0,225.0,1.0,0.0,1.0,-0.63,0
0.0,0.0,1.0,0.0,3.42,0.86,-4.28,1.0,0.0,-1.71,-0.29,2.57,-6.71,-56.51,3.14,0.0,0.43,-0.71,16.47,16.99,8.3,2.86,1.0,1.28,0.0,171.25,1.86,0.0,0.14,0.86,0
-0.55,0.0,1.0,0.0,-0.55,0.0,-17.56,1.0,-0.55,0.55,-0.8,0.0,8.55,13.72,-1.65,1.0,-1.94,0.0,0.43,-0.55,0.19,-0.55,1.0,0.0,0.0,0.0,0.0,0.0,1.0,-1.1,0
2.0,0.0,2.0,1.24,2.0,0.0,-17.2,1.24,0.0,-3.81,0.18,2.0,-36.07,-9.61,2.0,0.0,-2.81,1.0,-9.69,1.0,4.81,1.0,1.76,0.85,0.0,0.0,-0.76,0.0,2.49,0.73,0
0.0,0.0,1.0,0.0,0.0,0.0,0.8,1.0,0.0,-0.8,0.01,0.0,14.39,-19.97,3.2,1.0,7.79,0.0,6.89,2.4,6.27,0.8,1.0,0.63,0.0,108.66,0.64,0.0,1.8,0.8,0
35.46,14.35,2.84,9.29,47.28,0.0,167.87,4.38,0.0,5.07,0.94,0.0,60.73,63.32,4.69,0.0,40.02,2.69,8.99,1.0,8.68,2.0,0.16,2.17,0.0,78.52,0.35,0.0,1.84,11.13,1
2.0,0.62,2.0,2.0,2.0,0.0,31.78,2.0,0.0,3.0,0.14,2.0,2.76,66.0,0.14,8.7,0.27,0.38,1.79,1.62,4.67,0.38,1.0,0.89,0.0,0.0,0.0,0.0,3.38,3.0,0
-0.75,0.0,1.0,0.0,10.45,-4.48,-10.66,1.0,0.0,3.0,0.12,0.25,14.69,0.0,3.0,0.0,-3.44,0.25,5.45,6.0,-0.79,3.25,1.0,-1.99,0.0,-167.98,-0.75,0.0,2.75,0.75,0
2.0,8.0,2.0,24.0,15.74,-0.98,-41.19,23.0,0.0,-0.98,-0.98,0.0,44.74,58.79,1.02,8.02,31.15,1.02,-0.71,-0.98,1.61,0.02,1.0,0.37,0.0,94.0,1.0,0.0,-0.96,0.0,0
1.0,0.0,1.78,2.0,0.0,1.55,17.1,0.22,-0.78,3.11,0.13,0.0,7.89,128.64,2.22,0.0,7.77,1.0,3.47,0.78,0.73,1.78,1.0,0.19,0.0,0.0,0.22,0.0,2.55,1.55,0
-1.35,-5.38,1.33,-16.14,-1.35,0.0,36.33,-13.8,0.0,0.0,0.86,0.0,-10.47,-67.26,1.65,-5.38,-11.21,-0.35,3.43,1.0,3.47,1.33,1.0,1.04,0.0,-63.22,-0.67,0.0,1.0,1.0,0
0.0,0.0,2.0,-28.89,0.0,-1.0,0.03,1.0,1.0,1.0,0.36,0.0,5.0,-49.81,5.99,1.99,8.0,1.0,6.99,4.0,3.75,2.0,1.0,1.0,0.0,-1.99,-1.0,0.0,-1.99,0.0,0
-0.88,-6.15,0.12,-21.09,-1.76,4.39,205.67,-18.33,0.0,10.91,1.66,1.0,0.24,-21.96,2.12,-7.91,-20.75,1.0,8.64,5.0,4.85,3.12,1.0,-0.24,0.0,-82.58,0.0,0.0,3.76,2.64,0
-12.83,0.0,0.01,-56.24,-31.57,0.0,-3.91,0.01,-0.99,-4.93,1.4,0.0,4.96,-96.69,4.99,0.0,-9.87,1.99,-5.76,-0.99,-2.22,1.0,1.0,0.07,0.0,-1856.76,-0.99,0.0,2.97,0.99,0
0.93,0.0,1.93,0.0,0.0,0.0,-1.87,1.0,0.0,0.0,-0.24,0.0,38.93,0.0,0.93,1.0,0.0,0.0,-0.78,-0.93,1.39,1.0,1.0,0.93,0.0,0.0,0.0,0.0,0.07,0.0,0
2.85,8.0,2.0,25.71,2.0,0.0,1.0,23.0,0.0,0.0,0.0,0.0,32.71,164.01,3.71,9.0,37.29,2.0,3.85,-0.85,3.36,1.0,1.0,0.37,0.0,94.0,1.85,0.0,1.0,0.0,0
0.0,0.0,-0.92,2.92,0.0,-1.85,-21.25,1.0,0.0,0.0,0.28,0.0,-0.92,7.39,-0.92,0.0,-11.09,0.0,-1.57,0.92,-1.84,0.0,0.0,-0.98,0.0,0.0,0.0,0.0,1.92,-1.85,0
-1.03,-4.12,0.49,-9.36,0.97,5.0,173.0,-10.33,0.0,2.0,2.59,0.0,13.22,46.51,2.54,-2.63,-8.48,0.49,1.4,1.54,2.97,1.51,1.0,0.33,0.0,11.21,1.0,0.0,2.0,5.0,0
0.0,10.53,1.0,0.0,0.0,0.0,0.0,1.0,0.0,0.0,0.0,0.0,10.0,0.0,-0.53,9.42,5.53,-0.53,3.02,2.12,0.0,0.0,1.0,0.15,0.0,0.0,0.0,0.0,2.0,0.0,0
3.08,0.0,1.62,-1.23,1.85,7.15,774.61,1.0,0.0,0.0,2.06,0.62,64.31,-46.15,1.77,0.0,105.62,1.0,5.34,1.62,6.66,1.0,1.0,0.35,0.0,5091.68,-0.14,0.62,4.23,2.0,0
0.88,0.0,1.0,0.0,0.88,4.39,56.46,4.51,0.0,1.0,-5.63,0.0,15.02,12.0,2.88,-1.76,12.27,2.76,5.51,1.12,4.6,1.88,1.0,0.0,0.0,0.0,1.0,0.0,2.76,1.76,0
1.0,-3.1,1.0,29.78,-0.78,3.33,48.93,1.0,-3.1,-2.33,1.23,0.0,-2.1,106.99,2.55,0.0,-0.78,1.0,-8.15,-3.1,0.15,-0.55,1.0,-0.58,0.0,48.57,1.0,0.0,4.0,0.0,0
2.05,0.0,1.0,1.89,26.05,1.89,73.2,0.05,1.89,0.95,1.01,1.0,-4.74,69.13,3.84,1.89,0.48,1.0,5.25,2.95,8.11,2.05,1.0,1.03,0.0,105.78,0.59,0.0,3.0,6.0,0
0.0,0.0,1.0,0.0,0.0,0.0,-20.37,1.0,0.0,-1.57,-0.89,0.0,-2.13,-45.44,4.57,0.0,3.57,1.0,5.31,4.0,2.39,2.78,1.0,-0.17,0.0,13.05,1.78,0.0,0.22,0.0,0
6.0,0.0,2.0,0.0,3.0,10.0,1178.38,1.0,0.0,0.0,0.66,1.0,98.4,-42.65,1.0,0.0,155.8,1.0,5.28,1.6,7.17,2.2,1.0,0.17,0.0,8275.2,1.38,1.0,1.8,-1.2,0
10.24,0.0,1.0,3.76,2.0,-4.55,43.42,2.76,1.0,13.83,0.13,-0.76,93.94,159.88,3.0,0.0,13.17,1.24,13.65,0.0,0.15,1.0,0.24,-1.43,0.0,-170.73,0.0,0.0,5.52,4.28,1
-0.78,-3.13,1.0,0.0,-1.57,-1.57,72.3,2.0,1.0,3.92,0.61,0.0,41.6,35.25,1.43,0.0,7.48,0.22,9.38,-0.78,2.05,-0.78,0.22,-0.04,0.0,-48.56,1.0,0.0,2.57,3.35,0
0.0,0.0,1.17,0.0,0.0,0.17,12.66,1.0,0.83,1.17,0.55,0.0,2.67,51.33,3.0,1.67,2.16,1.0,2.64,1.0,2.22,1.0,1.0,0.25,0.0,0.0,0.0,0.0,1.33,0.33,0
0.0,0.0,2.0,0.0,0.0,2.0,57.8,1.0,0.0,4.0,1.31,0.0,5.16,69.0,2.64,-0.64,15.0,-0.28,6.85,4.84,4.31,1.64,1.0,1.36,0.0,0.0,0.0,0.0,2.36,1.08,0
-6.11,0.0,1.0,0.0,-4.75,0.68,55.45,1.0,0.0,1.0,0.92,2.04,8.0,12.0,2.0,0.0,13.79,1.0,10.1,6.75,7.48,1.68,1.0,1.26,0.0,135.84,1.68,0.0,1.68,0.68,0
0.0,0.0,4.0,0.0,0.0,0.0,-12.18,1.0,0.0,0.64,-0.01,1.64,-2.49,-42.37,3.64,0.0,7.07,-0.28,8.96,8.85,8.68,3.93,1.0,1.27,0.0,0.0,0.0,0.0,1.36,-1.93,0
0.0,0.0,1.0,-0.57,0.0,0.0,12.91,0.43,0.0,-3.96,7.94,0.0,-24.44,-19.22,0.57,2.0,3.26,1.13,-6.55,1.0,1.55,1.0,1.57,0.18,0.0,0.0,-0.57,0.0,1.0,0.0,0
-0.89,0.0,0.11,-0.89,-0.89,0.0,61.53,-3.44,0.0,-2.66,16.0,0.0,-2.55,-58.61,-1.78,2.0,-0.89,-1.78,-0.33,1.0,-1.92,-0.89,1.0,-0.5,0.0,0.0,-0.89,0.0,1.0,0.0,0
-0.79,0.0,1.0,1.0,0.0,0.79,103.06,2.0,0.0,10.58,0.82,0.0,55.58,145.88,0.21,0.0,12.96,1.0,14.54,-1.58,2.37,0.21,0.0,0.45,0.0,0.0,1.0,0.0,4.58,4.58,1
0.78,0.0,1.78,0.0,0.0,0.0,9.11,1.0,0.0,1.0,-0.69,0.0,9.56,12.0,2.78,0.0,7.0,1.0,4.08,-0.35,1.29,1.0,1.0,0.78,0.0,0.0,1.0,0.0,0.22,0.0,0
0.0,0.0,1.0,0.0,0.0,1.0,3.5,1.0,1.0,-0.5,0.13,1.0,3.0,0.0,3.5,-2.01,3.0,1.0,3.49,1.0,4.29,3.0,1.0,0.6,0.0,-2.03,0.5,0.0,1.0,0.0,0
2.0,8.0,2.0,24.63,2.0,0.0,20.02,23.0,0.0,0.63,0.44,-0.63,34.8,148.81,0.73,9.0,34.56,2.0,1.37,-1.9,0.38,-0.9,1.0,0.56,0.0,94.0,1.0,0.0,2.27,0.63,0
0.0,0.21,1.0,0.0,0.0,0.0,3.15,1.0,0.0,-4.72,2.02,0.0,-1.36,-71.64,-0.79,72.26,0.43,-0.79,22.52,23.11,0.02,0.21,1.79,0.0,0.0,0.0,0.0,0.0,1.0,0.0,0
0.78,0.0,1.0,-3.9,0.78,-1.56,-8.17,1.0,0.78,2.0,0.24,0.0,-12.85,-12.05,5.12,-0.78,15.34,3.78,2.55,0.78,4.51,2.56,1.0,0.36,0.0,0.0,-0.78,0.0,2.22,3.78,0
1.56,1.0,1.0,0.0,14.03,0.0,15.27,1.0,0.0,4.96,-0.11,0.52,0.88,60.86,1.0,0.0,7.68,1.0,2.45,1.04,5.06,2.56,0.0,0.22,0.0,34.29,0.26,0.0,1.52,3.12,0
0.0,2.88,1.0,0.96,0.0,3.84,63.37,1.96,-0.96,2.92,1.3,0.0,9.76,49.97,1.0,0.0,1.96,1.96,2.31,0.96,1.98,1.0,1.0,-0.29,0.0,7.68,0.96,0.0,1.0,0.0,0
0.0,0.0,1.0,0.0,0.0,0.0,0.0,1.0,0.32,0.0,0.0,0.0,1.32,0.0,1.0,0.0,0.68,1.0,0.84,0.68,1.16,1.0,1.0,0.26,0.0,0.0,0.0,0.0,1.0,0.0,0
0.0,0.0,1.0,-17.88,0.0,0.34,28.73,1.0,2.0,2.0,0.73,0.0,5.99,45.44,3.32,13.0,4.0,1.0,11.25,0.0,4.42,1.0,1.0,0.67,0.0,-1.32,0.0,0.0,2.01,3.0,0
0.0,0.0,1.0,3.0,2.0,5.0,165.54,1.0,0.0,2.0,0.72,0.0,23.0,98.0,2.86,-43.97,9.86,1.62,-10.82,-11.18,3.06,2.86,1.0,0.11,0.0,4.0,1.62,0.0,2.0,5.0,0
0.0,0.0,1.0,0.0,0.0,0.0,-20.35,1.0,0.0,5.58,-0.34,1.86,-3.15,0.0,3.86,-0.86,11.72,-0.72,11.58,10.3,8.83,6.58,1.0,0.0,0.0,0.0,0.0,0.0,1.14,-2.58,0
-0.51,2.04,0.49,0.51,1.02,0.0,-0.51,1.0,3.06,2.04,-0.11,0.0,4.04,32.64,0.49,1.02,1.02,1.0,5.19,1.02,2.39,1.51,1.0,0.25,0.0,7.14,0.51,0.0,1.0,0.51,0
0.0,0.0,1.0,0.0,0.0,2.0,154.26,0.0,0.0,0.0,6.13,4.0,0.0,0.0,-1.96,1.31,-2.62,-0.65,1.25,-1.62,2.37,-0.96,1.0,0.94,0.0,2.0,0.35,0.0,1.0,1.0,0
0.0,2.02,1.98,1.0,0.0,4.98,103.11,2.0,0.0,-1.91,1.71,0.0,9.95,-6.23,2.95,0.0,10.77,2.0,4.65,1.98,4.03,1.0,1.98,1.96,0.0,8.0,1.0,0.0,2.95,1.95,0
0.58,-1.73,1.58,0.0,0.58,-2.3,-35.26,3.3,0.0,2.58,-0.69,0.0,2.27,48.02,2.58,5.15,3.0,1.0,3.97,2.0,2.35,1.0,1.0,0.04,0.0,7.4,1.0,0.0,1.0,0.0,0
0.84,0.0,1.0,1.69,0.0,-0.84,-32.06,1.0,0.0,0.0,-1.23,0.0,1.0,63.27,3.0,0.0,-3.59,1.0,3.52,4.16,1.73,3.0,1.0,0.0,0.0,0.0,1.84,0.0,-0.69,-1.69,0
0.0,0.0,1.54,0.0,1.09,-0.54,60.92,1.0,-0.54,16.03,0.98,-0.54,10.54,113.22,0.37,0.0,11.46,2.54,1.41,-0.09,1.27,-0.09,0.46,0.36,0.0,8.69,0.0,0.0,3.0,3.0,0
0.0,0.0,1.0,0.0,0.0,0.0,29.83,1.0,0.0,0.0,1.25,0.0,1.57,0.0,3.7,-1.13,4.96,1.57,2.83,2.83,1.41,0.57,1.0,0.0,0.0,0.0,0.0,0.0,1.57,0.0,0
0.0,0.0,2.17,1.0,0.58,-0.58,52.02,2.0,0.0,6.67,0.61,0.58,45.84,58.62,0.42,-11.07,5.5,-0.75,16.88,6.99,3.49,3.91,1.17,0.71,1.17,0.0,1.0,0.0,1.83,1.83,0
0.0,0.0,1.0,0.0,0.0,0.0,-20.53,1.0,1.0,0.0,-0.71,0.0,-1.97,0.0,1.66,0.0,-1.99,1.0,2.96,2.65,2.64,2.32,1.0,0.8,0.0,3.97,0.0,0.0,1.0,0.0,0
1.0,0.0,1.0,2.53,0.0,7.01,73.12,1.0,0.0,-0.51,1.29,1.0,16.66,50.65,0.49,0.51,21.04,0.99,4.28,-0.51,7.57,-0.01,1.0,2.67,0.0,225.0,1.51,0.0,1.0,0.51,0
76.82,10.28,1.0,4.33,23.8,-0.54,183.68,4.25,1.62,7.03,-0.19,0.0,268.15,22.72,4.0,0.0,20.02,1.54,2.07,-0.54,2.57,1.0,0.46,0.39,0.0,141.19,0.21,0.0,0.46,4.87,1
0.0,0.0,1.0,0.0,0.0,0.0,29.14,2.0,1.86,0.0,0.55,0.0,-4.55,0.0,-0.42,0.0,-3.99,1.0,-4.28,-2.57,-2.77,-0.86,1.0,0.58,0.0,-116.33,0.32,0.0,0.14,0.14,0
-0.78,0.0,2.0,0.0,-1.55,0.22,52.98,0.22,0.0,3.55,1.59,0.0,3.67,103.0,2.22,0.0,-0.96,1.0,2.43,1.0,1.29,-0.55,1.0,1.4,0.0,-24.82,-0.7,0.0,3.78,1.22,0
0.0,0.0,1.0,3.62,14.0,1.45,68.69,1.0,0.0,0.0,1.5,0.0,42.69,72.3,-1.89,0.72,2.89,0.28,-4.92,-7.95,-0.38,-1.45,1.0,0.0,0.0,0.0,0.0,0.0,2.72,1.72,0
0.0,0.0,1.0,0.0,0.0,0.0,24.89,1.0,-0.71,0.71,0.16,0.0,5.98,11.38,2.29,-1.42,11.24,2.42,3.72,3.29,2.63,2.0,1.0,0.26,0.0,6.0,1.0,0.0,2.42,2.13,0
0.0,0.0,1.0,0.0,0.0,0.0,37.86,1.0,0.0,1.71,-1.22,0.0,8.0,41.57,3.0,0.0,14.29,1.0,8.08,2.43,6.34,4.71,1.0,0.0,0.0,0.0,0.71,0.0,1.0,1.0,0
0.0,0.0,2.0,0.0,0.0,-0.76,-34.69,1.76,1.53,1.53,1.2,-3.05,8.05,47.29,4.53,9.91,16.05,1.76,9.65,0.24,4.94,2.0,1.0,1.08,0.0,-1.53,-0.76,0.0,3.29,2.53,0
0.0,0.0,1.0,0.0,0.0,1.0,38.92,1.0,0.0,1.0,1.9,0.0,1.11,33.0,3.82,2.18,10.0,0.37,7.89,5.89,3.86,1.82,1.0,0.38,0.0,4.0,0.67,0.0,2.18,-0.45,0
0.6,0.0,1.0,0.0,0.6,3.02,33.78,3.41,0.0,0.0,-0.79,0.0,6.83,0.0,4.6,-44.66,3.02,2.21,-12.6,-13.88,3.37,1.6,1.0,0.75,0.0,0.0,0.0,0.0,2.21,1.21,0
-0.95,-0.95,1.0,0.0,0.0,-4.73,-132.05,1.0,0.0,-3.67,-0.11,0.0,-8.97,51.82,2.95,0.0,20.57,3.0,-0.28,0.95,3.35,1.95,1.0,0.67,0.0,0.0,-0.95,0.0,3.0,3.0,1
0.17,-0.83,1.0,2.0,0.0,-4.17,-187.78,1.0,0.0,-6.68,-1.23,0.0,-19.37,12.41,4.67,0.0,-1.67,0.17,-2.53,1.67,1.74,3.5,1.0,-0.08,0.0,1.67,1.0,0.0,-0.67,-2.5,0
0.0,-7.78,1.0,0.0,0.0,1.78,110.24,1.0,0.0,7.11,1.03,0.0,17.11,126.25,3.56,32.23,29.89,7.11,16.32,0.0,5.84,1.78,1.0,1.44,0.0,0.0,0.0,0.0,3.78,5.33,0
1.77,0.0,1.0,0.0,1.0,9.59,55.35,5.0,0.0,-1.53,0.45,0.0,10.53,0.0,-0.53,0.0,12.12,2.77,-1.95,-4.59,5.78,-2.06,1.0,2.04,0.0,172.18,0.77,0.0,2.23,2.0,1
0.0,0.97,1.0,0.0,-13.61,0.0,39.0,1.0,0.0,0.0,1.3,0.0,-14.44,0.0,2.03,13.61,10.94,1.03,7.46,5.86,2.62,1.97,1.0,0.0,0.0,0.0,0.0,0.0,2.03,0.03,0
0.0,0.0,1.0,-0.67,0.0,1.0,58.69,1.0,2.0,2.67,1.44,0.0,8.67,3.26,2.0,13.0,8.67,1.0,-3.1,-16.02,4.83,1.0,1.0,0.67,0.0,0.0,0.67,0.0,4.0,3.0,0
-0.59,0.0,1.0,0.0,-1.19,1.0,52.87,0.41,0.0,0.59,2.0,0.0,2.22,19.63,3.59,1.78,4.24,1.59,4.19,1.59,1.97,0.41,1.0,0.01,0.0,-16.65,-0.14,0.0,4.19,2.59,0
8.0,0.0,1.0,6.0,9.0,0.0,7.57,1.0,0.0,-0.63,1.89,5.0,-3.15,87.0,0.37,46.69,0.0,-0.26,18.66,15.88,0.01,-0.26,1.0,1.33,0.0,0.0,0.0,0.0,0.37,0.0,0
13.0,0.0,2.57,57.0,32.0,1.14,75.63,2.0,1.0,7.28,0.51,0.0,6.56,137.32,1.43,0.0,24.7,1.0,8.94,0.29,6.16,0.43,1.0,1.15,0.0,1878.58,0.43,0.0,2.14,1.71,1
0.0,0.0,1.0,1.0,2.0,0.0,6.76,2.0,1.0,1.0,-0.58,0.0,10.21,58.0,5.04,0.0,7.48,2.0,2.9,-0.56,6.76,1.0,1.0,0.81,0.0,70.87,0.42,0.0,1.0,1.52,0
0.0,0.0,1.0,0.0,0.0,0.0,11.14,1.0,0.0,0.0,2.99,0.0,-7.65,0.0,-3.46,74.0,-5.05,0.0,18.17,20.41,-4.39,-0.86,1.0,-0.68,0.0,-93.37,-0.86,0.0,1.0,0.0,0
0.0,0.0,1.0,1.0,1.0,0.0,21.71,1.0,0.0,0.0,0.23,10.38,4.96,37.22,0.38,0.0,4.24,1.62,0.77,0.52,18.39,18.14,260.0,3.26,3.0,2.0,1.0,0.0,2.62,1.86,0
1.71,0.0,1.0,0.0,1.71,8.56,78.68,7.85,0.0,-1.43,1.78,0.0,9.0,-47.03,0.29,0.0,1.01,1.29,0.72,0.0,3.25,1.0,1.0,-0.26,0.0,0.0,0.0,0.0,3.0,1.29,0
-1.83,-7.33,0.08,-22.0,-1.83,0.0,43.0,-19.16,0.0,3.0,0.75,0.0,-16.58,-31.65,2.92,-8.25,-21.91,1.08,1.97,1.0,1.39,1.0,1.0,0.08,0.0,-77.9,0.0,0.0,3.0,3.0,0
3.0,6.0,1.0,2.0,1.0,0.0,31.28,12.0,0.0,16.0,0.13,0.0,55.81,80.0,3.71,7.14,9.84,2.86,3.63,0.0,4.58,0.0,1.0,0.75,0.0,0.0,0.0,0.0,1.86,0.0,0
0.0,4.0,1.0,0.25,1.25,0.0,10.73,1.0,6.0,4.0,0.08,-8.2,30.37,64.0,3.75,2.0,15.97,1.0,14.2,2.76,-7.85,-11.92,-192.15,-0.74,-2.24,12.51,0.25,0.0,1.0,1.0,0
0.0,0.0,1.0,0.0,0.0,0.0,-23.11,1.0,0.0,2.11,-1.05,1.0,0.22,-29.33,1.22,0.0,2.0,1.0,4.54,6.0,1.95,1.33,1.0,0.0,0.0,0.0,0.0,0.0,2.0,-0.89,0
0.0,0.0,2.0,0.55,1.09,2.0,65.64,1.55,0.55,4.0,0.98,0.0,9.55,87.01,3.64,0.0,15.82,1.55,5.15,1.55,3.85,1.0,1.0,1.04,0.0,0.0,0.0,0.0,3.0,3.55,0
0.0,-1.65,2.65,1.45,1.0,0.8,20.64,0.45,2.0,-0.1,0.51,0.55,0.7,58.7,6.1,2.0,13.4,0.45,5.06,3.2,6.15,1.55,1.0,1.3,0.0,69.6,0.45,0.0,1.55,1.0,1
142.0,19.0,4.37,8.0,44.0,0.0,387.1,7.0,3.0,15.0,0.28,0.79,493.27,100.0,5.37,-0.79,54.73,2.79,8.49,3.94,10.15,2.58,0.0,2.02,0.0,261.0,0.39,0.0,2.79,11.0,1
-0.84,0.0,1.0,0.0,0.0,0.0,54.93,1.0,0.0,-2.51,1.56,0.0,38.51,-41.82,-0.84,0.0,-1.67,0.0,-4.78,-2.51,-2.34,-1.67,1.0,0.0,0.0,0.0,0.84,0.0,2.0,1.0,0
0.0,0.0,1.0,0.0,0.0,0.81,34.96,1.0,1.0,0.0,0.81,0.0,4.44,13.82,1.81,0.81,5.69,1.81,3.84,0.81,2.02,1.0,1.0,0.8,0.0,0.0,0.0,0.0,3.44,0.81,0
0.0,0.0,1.0,0.0,0.0,0.0,52.32,1.0,0.0,1.0,7.74,0.0,6.22,12.0,-0.66,1.78,-0.11,0.11,1.4,-0.66,-0.2,-0.78,1.0,0.0,0.0,0.0,1.0,0.0,0.11,0.0,0
0.0,7.19,1.0,0.0,0.0,0.28,15.69,1.0,0.0,1.0,-0.05,0.0,11.31,42.0,-0.16,2.44,5.13,1.28,3.71,0.28,0.17,0.28,1.0,0.11,0.0,0.0,0.0,0.0,3.28,-0.44,0
1.56,6.24,1.78,18.71,1.56,0.0,-25.73,18.16,0.0,0.0,-6.63,0.0,25.39,77.98,2.56,5.46,32.41,2.56,3.39,0.22,3.46,1.78,1.0,0.29,0.0,73.3,0.78,0.0,1.0,0.0,1
14.71,0.0,1.95,0.0,13.85,9.51,1109.2,1.0,0.0,0.0,-6.44,0.95,96.08,0.0,1.95,-1.9,148.4,1.95,5.51,0.0,8.28,1.0,1.0,0.54,0.0,7870.91,0.74,0.95,2.9,3.0,1
13.0,0.82,2.0,57.0,32.0,0.0,45.18,2.0,1.0,4.18,0.02,0.0,2.0,98.0,-0.46,11.5,19.0,0.18,11.41,4.46,4.33,-0.64,1.0,0.68,0.0,1880.36,0.18,0.0,1.0,0.0,0
0.0,0.0,1.0,0.0,0.0,-0.68,14.35,1.0,0.0,3.0,-0.05,0.0,6.59,37.49,2.0,-2.05,6.54,1.32,1.47,1.68,3.35,2.36,1.0,0.16,0.0,-1.36,0.23,0.0,1.64,1.64,0
0.57,0.0,1.0,15.99,0.0,1.57,29.29,1.0,0.0,-1.28,0.79,0.0,2.0,46.13,3.0,3.0,8.29,2.0,3.26,-0.14,2.26,1.0,1.0,0.2,0.0,5.14,1.24,0.0,3.0,1.43,0
0.48,0.0,1.0,0.0,-0.04,-0.52,22.63,0.48,1.0,0.0,1.34,0.0,-1.17,0.0,5.04,0.0,2.19,1.0,9.44,6.73,1.9,2.0,1.0,-0.19,0.0,-16.66,0.05,0.0,1.0,1.48,0
6.0,0.0,2.0,0.0,3.0,9.43,1172.45,1.0,0.0,-0.57,0.33,1.0,99.15,-18.84,1.57,-1.71,153.0,0.43,8.88,6.71,7.41,1.57,1.0,0.36,0.0,8271.72,0.97,1.0,1.86,-1.14,0
1.0,2.89,1.0,0.96,2.93,-2.89,-167.67,1.96,1.0,-4.82,0.26,0.0,-19.19,-19.29,5.93,0.0,8.07,1.0,3.01,1.96,3.44,3.93,1.0,0.71,0.0,59.81,0.0,0.0,-0.93,-0.89,1
-2.75,0.0,1.0,1.0,-24.73,0.0,-28.39,1.0,0.0,0.0,0.33,-0.92,3.75,100.0,3.83,0.0,-0.92,1.0,27.12,27.83,-4.5,0.08,1.0,-0.6,0.0,-60.45,-0.46,0.0,0.08,-5.5,0
-9.61,1.0,0.18,-46.54,-26.13,0.0,19.49,1.18,-0.82,1.37,1.3,0.0,12.9,26.81,0.18,0.0,-3.7,2.82,18.82,-0.82,-0.05,1.0,1.0,-0.29,0.0,-1524.61,0.18,0.0,1.0,0.0,0
-0.91,0.0,1.0,-1.82,0.0,0.0,6.91,1.0,1.0,1.0,0.58,0.0,0.18,-18.15,3.0,2.0,1.82,1.0,4.09,1.0,2.23,1.0,1.0,0.0,0.0,8.18,0.0,0.0,1.0,0.0,0
0.0,0.0,1.0,0.0,0.0,1.0,-1.8,1.0,0.03,0.0,-0.32,1.0,6.87,-48.33,2.07,-1.93,4.97,1.97,3.71,2.0,6.12,3.97,1.0,0.6,0.0,4.0,1.0,0.0,1.97,0.0,0
0.0,0.0,1.0,-0.95,0.0,0.0,-29.15,0.05,0.0,-5.57,8.03,1.0,-48.49,-95.26,2.05,1.91,1.43,0.05,-6.78,5.95,3.68,3.05,1.95,-0.05,0.0,0.0,-0.95,0.0,0.09,-2.86,0
0.0,0.0,2.0,1.0,1.0,3.0,64.0,0.0,1.0,24.0,1.39,0.0,3.0,113.0,2.0,2.0,4.0,1.0,1.68,0.0,0.78,1.0,0.0,0.85,0.0,93.99,2.0,0.0,1.0,0.0,1
4.15,0.0,1.83,-1.66,2.49,8.3,1024.97,1.0,0.0,1.0,1.47,0.83,89.38,-50.28,0.34,0.0,137.37,1.0,9.08,2.83,7.15,1.0,1.0,0.47,0.0,6870.59,0.82,0.83,2.66,0.0,0
-1.19,0.0,1.59,-1.57,-2.57,8.95,764.0,1.0,2.0,1.0,1.69,-2.38,64.67,21.25,5.0,2.0,102.39,1.0,3.48,0.41,6.6,1.0,1.0,0.3,0.0,4995.53,1.46,0.59,2.19,1.0,0
1.0,0.0,1.0,0.0,2.0,1.0,15.05,2.0,0.0,-0.98,0.26,0.0,37.52,-69.83,-0.95,0.0,14.07,0.02,-0.11,-0.98,0.53,1.02,1.0,-0.3,0.0,32.0,0.9,0.0,0.02,0.02,0
11.0,0.0,1.0,3.0,2.0,0.0,11.71,2.0,1.0,7.0,-4.99,0.0,60.71,84.0,4.34,-0.67,25.38,4.02,4.84,-0.67,6.63,1.67,1.0,0.56,0.0,0.0,0.0,0.0,5.34,4.02,1
0.0,0.0,1.0,-4.67,0.0,-0.87,-25.48,1.0,0.0,2.8,0.29,0.0,-17.47,-46.68,3.93,-0.93,3.4,2.87,25.31,1.93,3.63,1.93,1.0,0.0,0.0,0.0,-0.93,0.0,2.07,1.07,0
0.0,0.0,0.47,0.0,0.0,-0.53,-24.24,1.0,0.0,0.47,-0.43,0.0,6.0,-30.56,-0.05,0.0,-5.32,2.53,0.03,1.0,3.59,2.53,1.0,-0.79,0.0,0.0,0.0,0.0,1.47,-1.05,0
0.0,0.0,1.0,0.0,0.0,0.0,39.0,1.0,0.0,0.0,1.3,0.0,5.0,0.0,3.0,0.0,9.0,2.0,2.6,1.0,2.2,1.0,1.0,0.0,0.0,0.0,0.0,0.0,3.0,1.0,0
0.0,-0.58,4.0,0.0,0.0,0.0,4.36,1.0,0.0,-2.9,0.01,1.0,3.16,-52.73,3.0,0.0,7.84,1.58,5.74,5.58,8.3,2.58,1.58,1.5,0.0,0.0,0.0,0.0,2.58,0.0,0
1.88,2.06,1.0,1.0,25.43,4.0,71.65,1.06,0.0,-0.83,0.85,0.94,0.47,-36.16,1.0,0.0,-0.88,1.06,3.41,2.88,6.55,2.88,1.0,0.86,0.0,58.86,0.53,0.0,2.88,5.65,0
0.0,0.0,1.0,0.0,11.74,0.0,-28.51,1.0,0.0,0.0,-7.13,0.0,17.77,0.0,1.84,-1.68,0.0,1.84,-0.84,-0.84,1.48,1.0,1.0,0.0,0.0,0.0,0.0,0.0,1.84,0.84,0
0.0,0.0,1.0,0.0,0.0,0.0,12.34,1.0,0.0,-0.75,4.74,0.0,-2.24,3.04,1.0,0.0,-10.08,0.08,-2.28,-0.92,-1.66,-0.92,1.0,-0.16,0.0,0.0,0.0,0.0,0.17,-2.75,0
1.0,0.0,1.0,1.16,1.58,1.75,62.27,1.0,2.16,0.58,2.1,0.0,4.16,42.5,6.33,1.16,14.08,1.0,6.03,1.0,4.15,2.0,1.0,0.44,0.0,43.08,0.58,0.0,1.0,2.58,0
0.97,0.0,1.0,1.0,2.97,0.0,56.15,2.0,1.97,1.0,1.87,0.0,6.95,58.0,4.97,0.0,15.79,2.0,3.59,-1.92,5.02,1.0,1.0,0.4,0.0,-5.84,-0.97,0.0,1.0,2.95,0
0.0,0.59,1.0,0.0,0.0,2.0,114.26,-0.59,-0.59,0.0,0.23,4.0,-1.77,0.0,-1.77,8.28,0.0,-0.59,6.53,3.96,3.15,1.59,1.0,0.6,0.0,2.0,0.41,0.0,1.0,0.41,0
3.0,6.0,1.73,2.0,1.0,0.0,45.24,12.0,0.0,16.0,-1.46,0.0,39.92,80.0,4.19,-45.99,11.76,2.73,-10.83,-16.05,6.04,1.46,1.0,1.68,0.0,0.0,0.0,0.0,1.0,0.73,0
5.97,0.0,1.0,0.0,0.0,0.0,182.31,12.95,12.94,17.93,0.89,1.0,202.13,142.59,-2.98,1.99,56.75,3.0,28.16,-1.99,0.58,-0.99,1.0,-0.53,0.0,-47.79,-0.19,0.0,1.0,1.0,1
0.0,0.52,0.48,0.0,-1.03,0.0,11.88,1.0,0.0,-12.4,7.37,0.0,-0.55,-50.65,-0.52,9.24,0.48,-1.03,2.9,3.58,0.66,1.0,1.52,-0.26,0.0,-10.34,-0.52,0.0,1.0,0.0,0
-1.66,0.0,0.17,-1.66,-1.66,1.0,0.68,0.17,1.0,-2.49,6.82,-0.66,0.51,-54.73,2.34,1.66,0.68,0.17,4.17,2.0,0.11,2.17,1.0,-0.14,0.0,4.0,1.0,0.0,-1.49,-2.49,0
142.0,19.0,-0.59,8.0,44.0,0.0,372.22,7.0,3.0,15.0,-0.15,-0.86,497.14,100.0,3.0,0.0,45.68,2.0,5.79,0.0,1.86,1.86,0.0,-0.46,0.0,261.0,1.26,0.0,1.14,11.0,1
0.0,1.69,1.0,0.56,0.0,1.69,12.93,1.56,0.0,0.56,0.2,0.0,38.56,-9.0,-0.56,0.44,-3.94,0.0,-1.54,0.0,0.92,1.0,1.0,0.28,0.0,4.5,0.56,0.0,-0.69,-0.56,0
0.0,1.0,1.0,0.0,0.0,0.0,-17.57,1.0,0.0,0.61,-0.4,0.0,-18.39,15.15,0.61,14.0,2.61,0.61,5.45,5.0,1.57,1.61,1.0,0.0,0.0,0.0,0.0,0.0,0.39,-0.61,0
1.0,1.28,1.0,0.09,2.0,-1.63,-16.35,1.09,0.0,4.91,-0.16,0.0,6.0,76.76,3.0,0.0,2.0,2.0,28.15,1.0,2.79,2.0,1.0,0.38,0.0,54.75,0.09,0.0,1.0,0.0,0
0.0,0.0,1.0,0.0,0.0,0.94,13.11,1.0,0.0,0.94,0.44,0.0,-27.1,30.91,3.81,2.81,9.37,2.87,4.53,0.94,2.67,1.94,1.0,0.35,0.0,3.75,0.62,0.0,1.94,0.94,0
0.0,0.0,1.62,1.0,0.0,0.0,4.31,0.38,-0.62,0.0,0.18,0.0,1.62,100.0,2.0,0.0,6.77,1.0,28.4,26.62,2.23,2.23,1.0,0.44,0.0,0.0,-0.62,0.0,1.0,0.0,0
0.0,0.0,3.98,1.0,1.0,0.0,8.94,1.0,0.0,0.0,0.26,11.99,0.99,0.0,0.01,0.0,8.96,1.0,-2.46,-2.96,24.97,20.0,260.0,4.49,3.0,2.0,0.01,0.0,2.99,0.0,0
0.0,0.0,1.0,0.0,0.0,1.55,24.85,1.0,2.1,0.55,0.71,1.0,1.9,34.02,4.55,7.13,5.65,0.45,10.26,1.45,5.08,2.45,1.0,0.97,0.0,4.0,1.0,0.0,2.1,1.65,0
0.55,0.0,1.0,-2.19,0.55,-1.1,-37.24,2.1,0.0,4.83,-0.81,0.0,-6.05,0.0,3.19,-0.55,0.45,3.1,0.24,1.0,4.39,2.55,0.45,0.0,0.0,0.0,-0.55,0.0,1.45,1.1,0
0.74,0.74,3.26,-0.74,5.15,0.0,7.53,-2.68,0.0,-2.21,0.22,1.0,2.0,-48.58,5.21,-1.47,18.57,0.26,7.06,5.0,9.26,2.74,1.0,1.43,0.0,106.0,0.0,0.0,2.0,0.0,1
1.06,0.0,0.47,-0.53,13.78,0.0,23.14,-1.65,0.0,-1.59,0.27,0.53,-0.65,-34.97,3.47,-1.06,4.24,0.47,1.35,0.53,4.77,2.06,1.0,0.8,0.0,34.97,-0.26,0.0,2.06,3.18,0
0.0,0.0,1.0,0.0,0.0,-0.76,-32.66,1.0,0.0,-0.76,-0.76,0.0,-2.8,-31.9,3.24,-0.76,-1.56,0.24,8.07,11.0,1.13,2.0,1.0,0.0,0.0,0.0,1.0,0.0,-1.28,-0.76,0
0.0,0.0,1.0,0.0,0.0,-0.78,-25.09,1.78,0.78,-2.14,-0.02,0.0,-3.84,-30.67,1.78,-14.9,-12.33,-1.35,-6.36,0.0,1.28,0.22,1.0,-0.24,0.0,0.0,0.78,0.0,-0.57,-1.57,0
0.0,0.0,-0.05,0.0,-0.53,1.0,29.33,1.0,0.0,1.0,0.41,-0.53,7.53,42.0,3.0,0.0,4.69,2.0,-2.5,-5.78,1.09,-1.63,-0.05,-0.61,-1.05,0.0,0.0,0.0,4.0,1.47,0
-10.8,22.0,1.0,6.05,0.04,0.0,16.91,9.02,-0.98,4.13,3.02,0.0,-28.01,11.51,-0.95,81.67,-9.66,-0.96,21.59,22.59,-4.36,-0.98,0.0,-0.39,0.0,0.0,0.0,0.0,-1.95,-1.96,0
0.0,0.0,1.0,0.0,0.0,0.0,42.56,1.0,0.0,0.16,1.9,0.0,4.68,33.0,3.0,0.0,15.04,1.0,7.13,2.68,4.44,3.16,1.0,0.0,0.0,-1.68,-0.84,0.0,1.84,1.0,0
0.14,4.0,1.0,-23.85,2.0,1.14,33.57,2.0,0.0,4.86,0.53,0.0,12.0,-20.41,3.86,0.0,8.0,2.0,8.62,2.71,3.87,2.0,1.0,0.83,0.0,60.29,1.0,0.0,-1.57,0.0,1
0.0,0.0,1.0,0.0,0.0,0.0,15.57,1.0,0.0,1.57,0.25,0.0,-11.12,85.16,3.57,0.0,4.57,1.57,2.57,1.0,4.25,1.57,1.0,0.67,0.0,0.0,0.0,0.0,2.43,1.43,0
-11.21,0.0,0.07,-53.23,-29.88,0.0,-42.96,0.07,-0.93,-1.87,-0.08,0.0,39.87,-44.83,0.93,1.0,-11.21,0.0,-2.75,0.93,-1.07,1.93,1.0,-0.64,0.0,-1757.55,-0.93,0.0,1.0,0.0,0
0.0,0.0,1.0,0.0,0.0,0.0,16.13,1.0,0.0,0.66,7.77,0.0,1.0,0.0,0.0,2.0,0.0,0.0,1.0,0.34,0.0,-0.66,1.0,0.0,0.0,0.0,0.0,0.0,1.0,0.0,0
0.0,0.0,1.0,0.0,0.0,1.26,-0.05,1.0,0.63,1.26,-0.53,0.63,31.89,44.17,2.63,0.0,17.94,1.0,6.89,1.26,8.17,0.63,1.0,0.63,0.0,8.83,0.0,0.0,2.0,0.0,0
0.0,0.0,1.0,0.0,0.0,1.44,73.53,-0.44,-0.72,0.0,0.0,2.88,-1.88,0.0,0.84,0.0,0.56,0.28,6.43,4.72,2.96,2.72,1.0,0.26,0.0,7.44,1.0,0.0,1.0,0.0,0
9.0,0.0,1.0,0.0,18.88,0.0,0.0,1.0,0.0,0.0,0.0,0.0,11.26,0.0,1.0,0.0,0.0,1.0,1.36,0.0,1.76,0.44,1.0,0.0,0.0,0.0,0.0,0.0,1.56,3.56,1
9.0,0.0,1.67,-1.33,11.0,0.67,28.67,1.0,0.0,0.67,0.67,0.0,4.67,28.01,2.33,0.67,5.33,2.33,4.6,0.67,3.43,1.67,1.67,0.0,0.0,0.0,0.0,0.0,3.0,3.67,0
1.0,0.0,1.0,29.0,0.0,0.26,-17.83,1.0,0.0,-0.74,-0.33,0.0,-3.44,68.91,0.26,-0.74,-5.92,0.26,-3.6,-0.74,0.15,1.0,1.0,0.0,0.0,2.0,1.0,0.0,1.78,-0.74,0
4.08,0.0,1.0,0.0,0.0,0.0,109.75,9.16,8.84,10.2,0.26,0.68,142.07,63.23,4.0,1.36,42.84,1.68,4.32,0.0,4.58,0.32,1.0,0.92,0.0,40.8,0.55,0.0,1.0,0.68,1
1.59,0.0,1.0,0.0,1.19,6.59,19.67,1.59,0.0,-1.19,-0.36,1.0,5.78,-34.37,1.59,0.0,28.67,2.0,3.44,0.0,10.56,2.19,1.0,2.75,0.0,243.96,1.54,0.0,0.41,0.59,0
0.0,0.0,0.45,0.55,-0.55,0.0,27.34,-1.77,0.0,-1.66,0.63,0.0,35.45,4.98,0.55,-1.11,-0.55,-0.55,-0.97,-0.55,0.05,0.0,1.0,-0.31,0.0,0.0,0.0,0.0,2.0,1.0,0
0.0,0.0,3.0,0.0,1.0,0.0,26.0,1.0,0.0,0.84,0.96,1.0,1.67,20.88,1.0,0.0,12.16,1.0,11.79,11.16,6.42,6.0,3.0,2.0,2.0,0.0,0.0,0.0,1.0,1.0,0
0.0,-21.49,1.0,-8.79,-1.95,0.0,-10.74,-7.79,0.0,-9.77,-0.01,0.0,-22.42,-91.8,1.98,-8.79,-6.84,1.0,-0.41,1.95,3.38,3.93,1.98,-0.15,0.0,1.95,0.98,0.0,1.0,0.0,0
3.0,6.0,1.0,2.0,1.0,0.0,27.0,12.0,0.0,16.0,0.1,0.0,37.0,80.0,2.0,8.0,3.0,2.0,2.74,0.0,2.39,0.0,1.0,0.75,0.0,0.0,0.0,0.0,1.0,0.0,0
1.0,4.0,1.0,1.0,2.0,2.0,19.52,2.0,0.0,4.0,0.33,0.0,11.71,55.0,4.04,0.0,3.56,2.0,4.69,-0.04,5.85,1.48,1.0,1.24,0.0,132.58,0.9,0.0,1.52,0.52,1
0.0,0.0,2.0,0.0,0.0,2.0,52.0,1.0,0.0,4.0,0.73,0.0,15.36,69.0,1.09,0.91,14.73,0.09,6.38,1.0,2.22,0.09,1.0,0.82,0.0,0.0,0.0,0.0,3.0,3.0,0
-0.98,-3.94,1.0,-0.98,-1.97,-1.97,36.84,0.02,0.0,-0.94,1.15,0.0,37.53,-4.14,-1.95,0.0,-0.97,0.03,24.56,0.02,-0.9,-0.97,1.0,-0.82,0.0,-61.03,-0.98,0.0,1.98,0.98,0
42.0,17.0,4.62,11.0,56.0,0.0,132.3,5.0,0.0,5.25,-0.91,0.0,70.0,100.0,3.0,0.0,32.13,3.0,4.88,-0.87,7.17,-1.62,0.0,2.36,0.0,93.0,0.41,0.0,2.0,12.0,1
5.93,0.0,1.0,0.0,4.61,-0.66,-15.72,1.0,0.0,3.0,0.05,-0.98,2.0,0.0,3.0,0.0,3.41,1.0,2.3,0.39,0.06,3.34,1.0,-1.22,0.0,-131.76,-0.66,0.0,1.34,-0.66,0
-0.92,0.0,1.0,-0.92,-0.92,0.0,-12.66,-0.84,0.0,-6.45,0.15,0.0,-3.53,-92.13,3.08,0.0,1.84,0.08,3.11,3.69,1.53,1.92,1.92,0.75,0.0,0.0,0.0,0.0,1.92,-2.76,0
0.0,0.0,1.0,3.0,2.0,6.84,189.56,1.0,0.92,3.84,2.69,0.92,4.6,162.4,1.92,2.0,12.6,1.0,1.95,1.84,5.22,1.92,1.0,1.03,0.0,16.88,1.92,0.0,1.08,5.0,0
0.0,3.13,1.0,0.78,1.56,0.0,-14.63,1.0,4.69,3.13,-3.47,0.0,17.47,50.0,5.78,1.56,14.03,1.0,16.79,6.91,10.1,4.34,1.0,1.96,0.0,118.94,1.78,0.0,1.0,0.78,1
1.0,0.0,1.0,2.41,1.6,4.01,138.73,1.0,0.0,4.6,2.07,0.0,21.64,128.59,3.0,1.6,13.42,1.0,6.29,3.0,3.91,2.0,1.0,0.09,0.0,3.21,0.8,0.0,1.8,4.01,1
1.0,0.0,1.52,29.0,0.0,1.52,38.11,1.0,-0.52,1.05,0.83,0.0,3.1,130.4,2.05,0.0,6.81,1.0,1.49,0.52,1.96,1.0,1.0,0.37,0.0,2.0,1.0,0.0,5.05,1.05,0
-34.65,-14.37,1.0,-9.3,-47.33,0.0,-124.25,-2.38,0.0,-5.92,0.15,0.0,-53.78,-84.52,1.85,0.0,-21.13,-0.69,-0.93,2.54,-1.13,1.85,1.85,-0.04,0.0,-78.6,-0.35,0.0,0.15,-10.14,0
1.0,7.98,2.0,23.91,-5.98,0.0,35.0,23.92,0.0,3.0,0.69,0.0,33.91,165.64,-1.99,8.97,35.91,3.0,2.2,-1.0,1.43,0.0,1.0,0.17,0.0,-37.82,1.0,0.0,1.0,0.0,0
-0.71,0.0,1.0,0.0,-0.71,-2.12,-1.27,-1.83,0.71,1.41,3.67,0.71,1.71,49.47,3.41,0.0,8.07,0.29,2.9,1.41,3.32,0.0,1.0,0.71,0.0,9.89,0.71,0.0,-0.41,-1.41,0
-5.05,0.0,1.0,-3.79,-5.68,2.0,135.16,0.0,0.0,0.0,0.59,0.84,18.94,-54.93,0.63,0.0,6.95,0.0,3.09,-0.26,5.1,0.37,1.0,0.1,0.0,2.0,1.0,0.0,1.63,1.0,0
0.0,0.0,1.0,0.0,0.0,1.0,35.19,1.0,0.0,0.0,1.44,0.0,-8.64,0.0,5.11,0.0,6.19,1.0,4.2,3.11,6.13,2.4,1.0,0.55,0.0,95.5,0.56,0.0,3.0,2.7,1
0.0,0.0,1.0,1.7,0.85,1.7,-7.49,1.0,1.7,-2.55,0.46,0.0,3.51,1.7,7.55,-14.43,-1.49,-1.55,0.67,3.85,8.35,2.0,1.0,0.68,0.0,198.83,1.65,0.0,0.3,-0.7,0
9.0,0.0,1.0,0.0,11.0,0.62,4.31,1.0,0.0,0.0,0.24,0.0,-1.85,0.0,1.62,0.0,2.46,1.0,2.73,0.62,3.52,1.62,1.0,0.0,0.0,0.0,-0.62,0.0,2.23,4.23,0
-0.8,-3.2,1.0,-0.8,1.6,-0.8,14.6,0.2,0.0,-3.2,0.06,2.4,7.2,-44.0,3.4,0.0,13.4,0.2,9.58,7.8,12.28,2.0,1.0,1.6,0.0,218.39,1.0,0.0,1.8,3.2,0
142.89,19.89,2.0,8.0,44.0,0.0,410.32,7.89,3.0,17.68,0.69,0.0,494.43,158.86,-0.57,0.0,53.57,2.89,3.25,-2.68,1.08,0.11,0.0,0.38,0.0,150.42,0.57,0.0,1.11,10.11,1
-0.86,0.0,1.0,0.0,0.0,0.86,32.52,1.0,1.71,-0.86,0.86,0.0,2.0,10.27,0.14,11.12,-2.57,1.0,4.56,-2.57,1.93,0.14,1.0,0.57,0.0,0.0,0.0,0.0,3.57,2.57,0
0.0,0.0,1.0,0.0,0.0,0.0,8.0,1.0,0.0,3.0,0.3,1.0,-2.01,0.0,3.57,-0.57,8.28,1.57,6.0,6.0,5.57,4.57,1.0,0.0,0.0,0.0,0.0,0.0,2.0,0.0,0
0.0,0.0,1.0,0.0,0.0,0.0,-30.67,1.0,0.0,-2.19,-0.42,0.0,-3.84,-43.81,1.73,0.0,-7.3,0.27,-0.16,-0.73,0.48,1.0,1.0,-0.3,0.0,6.57,0.73,0.0,-0.46,-2.19,0
0.0,0.0,2.77,0.0,0.0,0.0,-5.3,1.0,0.0,-0.59,-0.21,0.59,2.41,-19.42,3.0,0.0,7.41,1.0,6.02,6.35,3.51,0.82,1.0,0.88,0.0,0.0,0.0,0.0,2.59,-0.59,0
0.0,0.0,1.0,-1.72,-0.86,-2.58,-42.92,1.0,-1.72,0.86,-0.82,0.0,2.0,-41.33,0.42,1.72,-3.17,1.0,2.97,0.86,0.51,1.0,1.0,-0.65,0.0,-44.39,1.0,0.0,1.0,-0.86,0
3.0,6.0,1.0,2.56,1.56,0.0,24.18,14.82,0.0,17.69,-0.02,0.0,37.56,117.22,0.87,9.13,-0.95,2.56,1.61,-1.13,2.07,-0.56,1.0,0.5,0.0,0.0,0.56,0.0,1.0,0.0,0
0.0,0.0,2.0,0.0,9.93,1.0,26.84,1.0,0.0,0.58,-0.06,0.0,16.64,16.84,3.0,0.0,13.0,1.0,2.74,1.0,3.03,1.0,1.0,1.34,0.0,0.0,0.0,0.0,3.0,2.71,0
13.0,-16.29,2.0,50.34,30.52,0.0,43.04,-4.66,1.0,-0.92,0.25,0.74,-15.77,28.39,2.74,-6.66,19.74,1.0,12.33,6.44,9.25,3.96,1.74,0.57,0.0,1882.0,1.0,0.0,1.74,0.0,0
1.0,0.0,2.59,27.41,1.59,1.0,43.36,1.0,0.0,19.04,1.0,0.0,4.17,177.76,1.79,0.0,2.38,2.59,1.06,0.0,2.32,1.79,1.0,0.4,0.0,17.87,1.79,0.0,4.0,0.0,1
1.0,1.0,1.0,0.0,0.0,0.0,35.0,2.0,0.0,3.0,0.7,0.0,8.0,66.0,1.0,0.0,11.0,2.0,2.75,0.0,3.5,1.0,1.0,0.27,0.0,12.0,1.0,0.0,1.0,0.0,0
0.0,0.0,1.0,3.0,2.0,5.64,200.57,1.0,-0.64,2.64,3.16,0.0,26.21,124.92,2.28,2.0,15.05,1.64,2.15,0.0,2.62,1.0,1.0,-0.12,0.0,4.0,1.0,0.0,3.92,6.28,0
43.52,15.95,1.0,8.44,50.65,0.0,266.75,15.81,13.0,18.75,-0.28,-0.88,268.91,124.89,1.94,2.0,90.2,3.88,9.55,-0.94,5.87,0.0,0.06,0.4,0.0,147.24,1.2,0.0,-0.88,9.44,1
0.0,0.0,1.0,0.0,0.0,1.0,18.83,1.0,2.0,2.0,-3.79,0.0,4.0,62.0,2.0,75.74,4.87,1.0,29.92,19.17,4.25,1.0,1.0,0.67,0.0,0.0,0.0,0.0,4.0,3.0,0
0.78,0.0,1.0,0.0,0.0,0.0,36.0,1.0,0.0,2.33,2.0,0.0,4.33,38.81,4.55,0.0,12.66,1.0,9.88,7.55,5.63,2.78,1.0,0.0,0.0,0.0,0.0,0.0,2.0,0.0,0
1.85,0.0,1.92,1.85,1.85,2.0,58.14,1.92,1.0,4.77,0.59,2.85,12.77,131.04,2.08,0.0,16.0,1.0,2.63,-1.7,10.11,-0.85,1.0,1.82,0.0,14.0,0.08,0.0,3.77,2.77,0
-3.31,0.0,0.45,0.0,-1.66,-5.52,-619.53,1.0,0.0,0.0,0.51,-0.55,-47.73,0.0,3.1,1.0,-76.43,3.0,2.05,2.21,-0.91,2.1,1.0,-0.31,0.0,-4565.77,0.12,-0.55,1.9,3.0,0
-1.26,-4.52,1.0,-0.51,0.25,0.75,35.3,-5.3,0.0,-5.07,1.62,0.0,-15.89,39.67,4.75,-6.03,10.52,1.25,2.32,0.75,2.57,1.75,0.0,-0.56,0.0,0.0,0.0,0.0,2.51,4.51,0
0.0,0.0,0.21,0.0,0.0,-0.79,15.09,1.0,0.0,2.21,0.7,0.0,9.59,13.47,0.21,0.0,-3.76,2.0,30.15,1.79,0.47,1.0,1.0,-1.19,0.0,0.0,0.79,0.0,-0.59,-1.59,0
-4.35,0.54,1.0,0.0,-5.98,0.0,55.01,1.54,0.0,1.63,2.38,0.0,6.35,35.85,3.0,0.0,13.98,1.54,6.75,6.0,4.31,2.0,1.0,0.15,0.0,6.52,0.54,0.0,2.0,-1.63,0
-1.76,-7.04,0.12,-21.12,-1.76,0.0,54.28,-18.36,0.0,2.88,1.78,0.0,-15.12,32.48,1.88,-7.92,-30.8,0.12,-0.85,0.88,1.5,0.0,1.0,0.48,0.0,-82.72,-0.88,0.0,3.76,1.76,0
0.87,-0.87,1.0,0.0,16.59,0.0,35.92,1.0,0.0,0.0,0.15,0.87,7.63,0.0,1.51,0.0,2.63,1.0,5.64,3.87,10.96,2.87,1.0,0.95,0.0,67.9,0.36,0.0,3.75,6.24,0
1.0,0.0,1.0,0.0,2.0,0.1,-11.71,2.0,0.0,-0.9,-0.12,0.0,5.4,-37.81,2.0,0.0,15.3,0.1,3.84,3.6,2.39,2.9,1.0,-0.04,0.0,32.0,0.9,0.0,-0.8,-0.8,1
1.0,0.0,1.0,0.0,0.0,6.0,19.82,1.0,0.0,-1.94,0.05,0.35,3.35,0.0,1.0,0.0,14.11,2.0,1.45,0.0,7.38,0.35,1.0,2.67,0.0,225.0,1.65,0.0,0.35,0.0,0
0.0,2.32,1.0,0.77,0.0,3.09,43.27,1.77,0.0,1.55,0.63,0.0,4.86,20.09,1.45,0.0,-3.41,1.77,1.52,1.68,1.74,1.23,1.0,0.39,0.0,12.18,1.77,0.0,0.23,0.0,0
1.0,0.0,1.0,0.0,0.0,0.0,-4.4,1.0,0.0,4.47,0.26,0.73,-0.4,50.0,3.73,-0.73,8.47,-0.47,9.48,7.4,6.59,4.93,1.0,0.0,0.0,0.0,0.0,0.0,0.27,-2.2,0
1.71,0.0,1.0,0.0,0.0,10.26,37.06,1.0,0.0,-2.13,0.2,1.0,5.42,0.0,-0.42,0.0,23.68,2.71,-0.62,-4.26,11.48,-1.13,1.0,4.56,0.0,384.64,1.71,0.0,0.29,0.0,0
0.0,-8.53,1.0,0.0,0.0,0.0,70.97,1.0,0.0,0.0,2.9,0.0,0.29,0.0,4.71,-0.85,10.56,3.56,7.15,6.0,4.89,2.85,1.0,-0.13,0.0,0.0,0.0,0.0,2.85,2.56,0
2.48,4.95,1.0,1.65,0.83,0.0,-2.48,9.26,-0.83,13.21,-0.38,0.0,28.24,66.05,2.17,6.6,2.83,1.83,5.85,4.0,1.5,2.0,1.0,0.14,0.0,6.0,0.17,0.0,1.0,-0.83,0
0.0,0.0,1.0,0.0,0.0,0.0,35.0,1.0,0.0,1.0,1.52,0.0,3.0,33.0,3.0,0.0,10.0,1.0,4.33,1.0,5.0,4.0,1.0,0.0,0.0,0.0,0.0,0.0,1.0,1.0,0
0.0,10.0,1.0,0.0,0.0,-0.96,-10.56,1.0,0.0,0.0,2.92,0.0,7.12,0.0,-0.96,2.0,-2.68,0.0,-1.5,-0.96,-2.64,-0.96,1.0,0.15,0.0,0.0,0.0,0.0,0.08,-1.92,0
0.0,0.0,1.0,0.0,0.0,0.0,25.19,1.0,0.0,1.87,1.15,0.0,5.67,54.12,0.2,0.0,-0.8,1.0,-5.49,-6.26,1.07,0.13,1.0,0.21,0.0,6.0,0.07,0.0,1.93,0.0,0
0.0,0.0,1.0,0.0,0.0,0.0,36.85,1.0,0.0,0.9,0.65,0.0,42.49,36.85,0.9,1.0,10.79,1.8,1.22,0.0,2.25,1.0,1.0,0.33,0.0,0.0,0.0,0.0,2.8,2.7,0
-3.93,0.0,0.35,0.0,-1.96,-5.89,-714.7,1.0,0.0,0.65,1.0,-0.65,-54.21,27.5,3.31,1.0,-87.61,3.65,0.89,-0.65,-0.92,1.0,1.0,-0.08,0.0,-5418.28,-0.51,-0.65,3.65,4.31,0
0.0,0.0,3.0,0.0,1.0,0.0,30.84,1.0,0.0,0.0,0.04,1.0,5.81,0.0,0.03,0.97,13.0,2.94,8.37,6.19,4.18,5.03,3.0,2.0,2.0,0.0,0.0,0.0,1.97,3.9,1
-116.05,-15.53,0.18,-6.54,-35.96,0.0,-257.04,-3.09,-1.63,-12.26,1.06,0.0,-367.72,-81.73,0.0,0.0,-39.23,-0.82,-4.68,0.0,-1.34,-0.82,1.82,-0.22,0.0,-213.3,0.5,0.0,1.18,-7.17,0
1.0,0.0,1.0,0.0,2.0,1.0,30.79,2.0,0.0,-2.74,0.43,0.0,9.0,-45.69,2.91,0.91,24.4,1.91,-22.1,-0.91,3.64,2.0,1.0,0.36,0.0,32.0,0.9,0.0,2.83,3.74,1
1.7,0.0,1.85,1.7,1.7,1.0,60.04,1.85,2.0,4.54,-1.14,1.7,6.54,117.94,3.7,-49.72,6.54,1.85,-7.05,-18.65,8.91,1.85,1.0,1.42,0.0,0.0,0.0,0.0,6.54,5.54,0
3.6,-1.08,1.52,-0.52,0.52,4.16,647.85,1.48,0.0,0.92,1.04,0.52,57.94,37.39,-0.04,0.0,91.64,1.48,3.39,0.0,5.83,0.48,1.0,0.14,0.0,4284.24,0.89,0.52,2.04,0.0,0
1.56,0.0,1.0,29.0,0.0,4.39,21.34,1.0,0.0,0.0,-1.15,0.56,2.69,100.0,1.56,-41.8,9.6,2.13,-11.44,-12.99,6.08,1.56,1.0,1.51,0.0,129.09,1.56,0.0,4.0,0.0,0
0.66,0.0,1.0,19.12,0.0,1.66,11.25,1.0,1.0,0.0,0.29,1.0,2.34,65.92,2.02,0.0,4.0,1.0,4.67,2.0,4.34,3.0,1.0,0.11,0.0,5.32,1.66,0.0,2.98,0.0,0
8.31,0.0,1.0,1.51,1.51,0.0,-17.88,1.0,0.76,-0.51,0.34,0.0,8.51,58.91,4.51,0.0,12.31,1.76,-6.52,1.0,6.46,1.0,1.76,1.05,0.0,0.0,-0.76,0.0,3.76,1.24,0
-1.18,-0.59,1.59,0.0,-4.7,0.59,26.45,1.0,0.0,2.18,0.47,0.0,6.59,34.09,-0.18,0.0,0.41,2.0,0.41,1.0,2.38,1.41,1.0,0.61,0.0,-84.63,-0.59,0.0,3.18,1.18,0
1.45,8.0,1.45,23.45,1.45,0.55,20.09,20.27,0.0,-1.64,0.76,0.0,30.45,64.0,2.55,7.91,43.36,1.45,4.06,0.0,3.47,1.0,1.0,0.06,0.0,94.0,0.45,0.0,2.09,1.09,0
0.0,0.0,1.0,0.0,0.0,1.0,25.67,1.0,0.0,0.0,1.38,0.0,-17.41,0.0,4.95,0.0,14.19,1.65,5.96,3.6,3.9,2.3,1.0,0.0,0.0,0.0,0.0,0.0,3.0,1.35,0
0.0,-8.97,1.0,0.0,0.0,0.0,55.69,1.0,0.0,0.9,5.06,0.0,-1.69,63.66,4.69,-1.79,0.1,1.9,1.11,0.9,3.33,0.9,1.0,0.46,0.0,0.0,0.0,0.0,1.9,1.79,0
-1.72,7.72,1.0,0.0,-6.86,0.0,26.14,1.0,0.0,0.0,4.49,0.0,5.29,0.0,-2.29,1.72,-6.72,0.14,-3.19,-0.86,-4.49,-1.72,1.0,-0.27,0.0,-123.55,-0.86,0.0,1.86,0.0,0
0.0,0.0,-0.84,0.0,-0.92,0.0,-23.94,1.0,0.0,0.92,-0.88,-0.92,6.53,0.0,4.0,0.0,-8.05,1.92,1.02,0.87,-0.3,-1.68,-0.84,-1.84,-1.84,0.0,1.0,0.0,1.92,-0.92,0
1.9,0.0,0.37,0.0,17.07,-1.26,-11.65,1.0,0.0,-2.53,-0.33,0.63,6.31,-43.63,4.37,0.0,3.21,1.0,5.87,3.63,9.89,3.26,1.0,0.34,0.0,149.73,1.32,0.0,1.0,1.9,0
-0.96,0.0,1.0,1.04,0.04,4.92,99.14,-3.81,2.0,1.96,1.75,0.0,7.85,75.89,5.0,0.08,19.58,0.04,4.64,1.0,3.56,1.0,1.0,1.0,0.0,74.0,0.04,0.0,2.92,3.89,0
7.12,-0.65,1.0,1.94,1.29,0.0,4.53,1.65,0.65,5.53,0.01,0.0,41.61,54.38,2.94,-9.06,12.65,3.29,0.52,-2.24,6.44,2.0,1.0,0.36,0.0,0.0,0.0,0.0,3.94,1.29,0
0.0,0.0,1.84,1.0,-3.35,0.0,46.38,1.0,0.0,5.68,1.36,-2.52,13.03,125.63,2.68,0.0,5.52,1.0,-1.58,-3.03,-4.67,0.16,1.0,0.0,0.0,-167.69,-0.84,0.0,4.84,-0.68,0
0.0,0.0,1.0,3.0,2.0,5.0,213.01,1.0,0.0,2.0,3.6,0.0,28.85,98.0,1.98,2.98,13.85,2.95,1.58,-0.98,1.81,1.0,1.0,0.11,0.0,4.0,1.0,0.0,3.95,7.93,0
0.0,0.0,1.0,0.0,0.0,-0.53,-31.41,1.0,0.0,-1.06,-0.19,0.0,-3.31,-24.44,3.0,-7.97,-6.5,-0.59,-0.59,1.06,0.95,1.0,1.0,-0.46,0.0,15.38,1.53,0.0,-0.06,-1.59,0
18.51,-20.2,2.0,48.74,30.16,0.0,179.14,4.75,12.94,8.67,0.08,0.92,168.2,97.08,1.08,-6.43,68.58,1.92,11.41,2.0,10.07,1.0,1.92,0.77,0.0,1937.09,1.75,0.0,1.0,0.92,0
47.64,17.0,2.0,12.54,57.03,-0.51,139.11,5.51,0.51,10.59,-0.65,0.0,96.65,143.05,3.0,0.0,38.64,3.51,6.96,-0.51,7.28,1.0,0.0,1.34,0.0,93.0,0.41,0.0,2.51,12.0,1
0.87,-0.87,1.87,0.0,0.0,0.0,0.0,1.0,0.0,-5.2,-0.15,0.0,2.0,-78.86,3.6,0.0,6.33,1.0,4.25,3.6,2.3,1.87,1.87,0.87,0.0,0.0,0.0,0.0,1.0,0.0,0
-12.88,0.0,1.01,-56.48,-29.71,0.0,-2.63,0.01,0.0,20.04,1.15,0.0,4.0,50.44,1.99,1.98,-15.83,2.0,-5.05,-0.99,-2.27,1.0,0.0,-0.18,0.0,-1844.73,0.01,0.0,1.0,0.0,0
142.0,19.0,2.0,8.0,44.0,0.88,433.44,7.0,3.0,16.75,0.53,0.0,506.76,140.3,3.0,13.14,64.02,4.63,11.33,-1.75,6.22,1.0,0.0,1.61,0.0,250.49,-0.48,0.0,3.75,13.63,1
0.0,0.0,1.0,0.78,0.78,-0.78,1.62,1.0,0.0,0.22,0.74,8.54,-2.43,0.4,2.22,-0.78,6.12,0.22,2.89,2.55,18.86,18.75,202.04,2.33,2.33,1.55,0.78,0.0,-0.55,0.22,0
0.0,0.0,0.33,0.0,0.0,0.0,-24.43,1.0,0.67,0.66,-0.31,0.67,4.67,25.67,2.67,4.0,3.67,1.0,4.39,2.67,5.39,1.0,1.0,-0.24,0.0,21.37,1.67,0.0,-0.34,-2.01,0
0.0,0.0,1.68,0.0,0.0,2.36,16.28,1.0,1.0,2.73,-5.14,1.0,8.46,47.06,5.36,-1.36,12.18,1.68,7.05,2.0,6.26,3.68,1.0,1.16,0.0,4.0,1.0,0.0,2.36,2.05,0
1.96,0.0,2.0,0.0,0.96,4.78,60.55,4.82,0.0,-2.87,1.26,-0.96,10.69,0.0,2.09,0.0,4.18,1.96,-0.95,-1.78,0.46,-0.87,1.0,1.0,0.0,0.0,0.0,0.0,1.96,1.91,0
0.0,0.0,0.0,2.0,0.0,0.0,19.29,1.0,0.0,0.6,0.37,0.0,3.62,42.79,0.0,0.0,1.21,0.0,-1.12,-1.81,1.03,-0.6,0.0,0.4,0.0,-3.62,-0.6,0.0,2.21,1.21,0
1.0,1.0,1.0,0.0,0.0,5.0,208.48,1.0,0.0,9.0,-1.42,0.0,29.67,75.0,1.67,0.0,4.67,2.0,7.62,0.0,3.42,0.67,1.0,0.1,0.0,6.06,1.67,0.0,3.0,3.0,1
-0.61,-0.61,1.0,0.0,-4.88,3.66,14.65,1.0,0.0,0.0,0.14,0.61,37.39,0.0,-2.44,1.0,2.44,0.61,-1.14,-0.61,3.3,0.39,1.0,1.34,0.0,49.45,0.0,0.0,1.0,0.0,0
0.0,0.0,2.0,0.0,0.0,1.81,96.46,1.0,-0.81,5.26,1.28,0.0,15.77,115.78,3.81,15.46,28.46,3.44,10.72,1.0,4.79,1.0,1.0,1.56,0.0,0.0,0.0,0.0,4.63,4.44,0
1.0,4.0,1.0,0.29,1.29,2.0,19.0,2.0,0.0,4.0,0.32,-7.81,7.42,55.0,3.0,0.0,1.29,2.0,2.7,-0.42,-10.37,-11.5,-183.0,-1.3,-2.13,60.58,0.29,0.0,0.29,0.0,0
0.0,0.0,1.85,1.0,-0.85,0.0,17.65,1.0,-0.85,4.0,-0.0,0.0,8.85,77.0,1.0,0.0,1.3,1.0,2.54,3.7,1.12,1.0,1.0,1.15,0.0,0.0,0.0,0.0,4.0,-0.7,0
-1.61,0.0,1.8,1.8,-18.89,0.0,-5.53,6.02,1.0,3.41,0.37,-0.8,9.02,111.03,4.8,1.61,1.57,2.8,1.56,0.2,-0.67,-0.61,1.0,0.33,0.0,-53.03,0.4,0.0,-0.61,-3.82,0
1.0,0.29,1.0,0.0,0.71,0.0,-80.84,4.84,0.0,-3.4,0.55,0.0,-6.21,12.7,1.0,0.0,12.42,2.0,-0.54,0.0,3.99,1.71,1.0,0.2,0.0,12.0,0.29,0.0,1.0,-0.71,0
0.93,0.0,1.0,0.0,0.0,0.07,-2.13,1.0,0.0,1.87,0.53,0.0,1.2,7.47,3.93,-0.93,8.07,0.07,3.57,2.87,4.25,1.93,1.0,0.0,0.0,0.0,0.0,0.0,0.2,1.07,0
0.0,0.0,1.0,0.0,0.0,-0.56,8.33,1.0,-0.56,-1.11,0.72,-0.56,-1.33,-38.87,1.0,0.0,-3.89,1.0,-1.11,-0.56,-1.3,1.0,1.0,-0.56,0.0,-7.77,-0.56,0.0,2.11,1.11,0
142.0,19.0,2.0,8.0,44.0,1.76,369.45,7.0,3.88,15.88,-1.13,0.88,504.15,132.53,3.0,0.0,55.28,2.0,7.16,0.88,7.78,-1.64,0.0,1.72,0.0,273.31,1.27,0.0,2.0,10.12,1
0.0,0.0,2.0,0.0,0.0,2.0,61.62,1.0,0.0,4.0,0.75,0.0,5.92,69.0,3.23,0.0,15.62,0.38,4.96,1.62,2.8,1.62,1.0,1.36,0.0,1.23,0.62,0.0,2.38,3.0,0
0.0,0.0,1.0,0.0,0.0,0.0,49.26,1.0,0.0,1.62,1.0,0.0,9.32,20.52,2.46,8.64,13.86,3.08,5.16,0.46,2.71,1.0,1.0,0.27,0.0,-2.16,-0.36,0.0,3.0,1.54,0
0.92,0.0,1.0,0.0,0.0,0.0,30.0,2.0,1.0,2.76,0.56,0.0,6.76,45.96,4.84,0.0,8.43,1.0,6.01,2.76,5.53,0.92,1.0,0.57,0.0,0.0,1.0,0.0,1.0,1.0,0
1.26,5.03,0.37,15.09,0.63,0.0,19.28,14.83,0.0,1.0,0.92,-0.63,22.49,95.86,3.63,5.66,26.34,1.63,-0.66,-6.54,3.21,0.86,-0.26,-1.03,-1.26,59.09,0.63,0.0,1.0,0.37,1
0.0,0.0,1.0,26.16,4.0,1.97,49.56,1.0,0.0,0.0,0.78,3.0,-2.91,24.22,-0.94,0.0,10.0,1.0,7.77,7.0,10.01,2.0,1.0,1.86,0.0,201.94,1.0,0.0,4.91,4.0,0
0.0,0.0,1.0,0.0,0.0,-0.98,1.48,1.0,-1.97,0.98,0.38,0.98,5.03,-61.01,2.98,-12.79,10.9,1.0,-2.91,5.9,1.52,2.95,1.0,-0.66,0.0,0.0,1.0,0.0,-0.97,-2.95,0
142.0,19.0,2.0,8.0,44.0,-0.77,311.35,7.77,3.0,15.77,0.41,-3.09,503.4,132.4,4.54,0.77,56.17,3.54,6.99,0.0,3.63,1.0,0.0,0.12,0.0,259.46,-0.38,0.0,4.31,11.0,1
0.6,0.0,1.0,0.0,0.6,2.99,20.16,3.4,0.0,0.0,-3.75,0.0,6.79,0.0,3.6,-1.2,4.99,2.2,2.68,-0.6,2.76,1.0,1.0,0.0,0.0,9.0,1.0,0.0,2.2,1.2,0
8.0,0.0,1.0,2.14,9.0,0.0,-55.57,1.0,0.77,1.54,-1.47,5.77,-16.21,63.85,3.32,-0.77,6.95,1.77,5.82,3.54,7.72,1.77,1.0,2.11,0.0,10.81,0.0,0.0,0.23,-0.77,0
0.72,0.72,1.0,0.0,0.0,0.0,36.67,1.72,0.0,2.72,0.71,0.0,8.28,66.0,1.28,0.0,11.56,2.28,2.57,0.0,3.33,1.0,1.0,0.3,0.0,8.66,0.72,0.0,1.56,0.84,0
0.0,0.0,1.78,0.0,1.56,0.0,22.63,1.0,0.0,16.39,0.34,-0.78,9.56,76.49,-1.56,1.0,-2.46,0.78,-2.19,-4.68,-2.12,-2.34,0.22,0.39,0.0,15.61,0.78,0.0,0.22,0.0,0
4.04,0.0,1.0,3.03,18.55,-1.01,-66.66,1.51,0.0,0.0,-0.28,0.51,21.0,43.94,1.51,0.0,0.0,1.51,0.52,0.51,-0.49,0.0,1.0,0.2,0.0,-1.01,-0.51,0.0,2.0,0.49,0
0.0,0.0,1.0,0.0,-12.46,0.0,63.48,1.0,0.0,2.0,2.16,0.0,-5.57,58.0,1.89,0.89,7.12,2.78,2.84,0.0,1.94,0.89,1.0,0.22,0.0,0.0,0.0,0.0,2.89,1.78,0
-1.14,0.0,0.43,-1.14,-1.14,0.0,-20.02,0.43,0.0,0.3,-0.21,-1.14,8.55,-12.5,3.7,4.0,4.7,1.0,6.07,3.14,3.81,1.57,1.0,-0.06,0.0,89.27,1.45,0.0,-0.14,-1.14,0
1.0,0.0,1.0,0.0,1.0,0.0,36.09,1.0,1.0,-0.68,1.13,0.0,6.41,-22.5,3.32,0.68,8.64,2.36,3.33,0.32,0.45,-0.05,1.0,0.0,0.0,0.0,0.0,0.0,2.36,3.36,0
-100.52,-10.45,0.29,-4.66,-31.15,4.0,-202.3,-2.25,-2.12,-8.62,1.31,0.0,-336.05,-44.79,2.42,0.0,-29.44,1.29,2.02,3.12,4.08,1.71,1.71,0.46,0.0,-80.49,1.29,0.0,1.0,-7.08,0
0.0,0.0,1.0,3.0,2.0,5.0,201.39,1.0,0.83,3.67,3.28,-0.83,23.83,149.76,-0.67,12.85,8.0,1.0,5.16,-1.67,0.85,-0.67,1.0,0.17,0.0,0.66,0.17,0.0,4.5,7.5,0
-4.77,0.0,1.0,-4.86,19.23,0.0,41.0,1.0,0.0,0.0,0.17,6.83,0.0,-84.53,1.0,0.0,11.91,1.0,2.28,2.97,25.61,21.46,252.64,2.27,2.91,67.94,1.47,0.0,3.97,6.0,1
0.0,0.0,1.0,-1.75,-0.87,-2.62,-37.8,1.0,-1.75,-0.87,-0.75,0.0,28.25,-63.77,1.13,-1.75,3.14,1.0,1.31,-0.87,1.77,0.0,1.0,0.0,0.0,-64.64,-0.87,0.0,2.0,-0.87,0
-0.79,0.0,3.0,0.0,1.0,0.0,50.34,1.0,0.0,-2.36,7.05,1.0,-2.36,-39.26,-1.36,1.57,8.29,0.21,8.07,10.43,3.84,5.21,3.0,2.0,2.0,0.0,0.0,0.0,1.0,1.0,0
0.0,0.0,1.0,0.0,0.0,0.0,8.56,1.0,0.0,2.44,0.35,1.0,-0.26,0.0,4.13,0.0,10.56,0.44,8.25,5.44,4.37,3.44,1.0,0.0,0.0,5.08,0.56,0.0,1.44,0.0,0
0.0,0.0,1.0,0.0,0.0,0.62,41.47,1.0,0.62,0.0,1.4,0.62,5.62,0.0,4.85,0.0,10.24,2.0,5.07,1.62,4.46,2.24,1.0,0.37,0.0,2.47,0.62,0.0,3.0,1.0,0
0.0,-2.17,3.72,-0.72,1.0,-2.89,5.05,0.28,0.0,-1.45,0.61,1.0,-2.17,-18.79,2.45,0.0,21.67,0.28,13.64,12.0,8.17,6.72,3.0,2.57,2.0,-5.78,-0.72,0.0,1.0,1.72,0
0.0,0.0,1.0,0.0,0.0,0.86,36.72,1.0,0.0,1.14,1.64,1.0,0.28,-20.67,3.0,0.86,5.69,0.14,9.36,6.86,4.86,5.0,1.0,-0.31,0.0,0.0,0.0,0.0,2.86,-1.72,0
7.38,0.0,1.0,-12.01,9.0,-0.62,8.07,1.0,0.0,1.24,0.51,5.0,3.11,60.91,1.0,0.0,0.0,1.0,5.41,2.0,2.22,0.38,1.0,1.47,0.0,-1.24,-0.62,0.0,-0.24,0.0,0
1.0,0.0,1.81,0.0,2.0,2.62,60.09,2.0,0.0,3.24,0.81,0.0,14.67,55.85,2.81,0.0,26.09,1.0,4.43,0.0,4.72,2.0,1.0,1.02,0.0,32.0,0.9,0.0,2.62,3.43,1
49.17,17.0,2.0,11.0,64.96,0.0,126.32,5.0,-0.9,7.0,-1.21,0.0,67.31,100.0,0.31,0.0,24.04,3.0,3.15,-0.9,5.18,0.1,0.0,1.05,0.0,93.0,0.41,0.0,2.0,12.9,1
0.0,0.0,1.0,0.0,0.0,1.89,30.87,1.0,2.89,2.0,-1.53,0.89,5.78,62.0,5.56,-52.91,6.67,1.89,-5.28,-18.7,8.41,3.67,1.0,1.2,0.0,3.56,0.89,0.0,4.0,3.0,0
11.0,0.0,1.0,3.88,2.0,0.0,35.19,2.88,1.0,14.93,-0.56,0.0,96.53,172.1,2.12,-0.88,20.88,0.24,15.64,0.0,5.78,1.0,0.12,0.6,0.0,0.0,0.88,0.0,4.0,2.0,1
6.85,0.0,1.76,-1.52,8.37,1.0,38.0,1.0,2.0,2.0,1.0,0.0,4.0,62.0,2.76,13.0,4.0,1.76,11.79,0.0,5.77,1.76,1.76,0.67,0.0,0.0,0.0,0.0,4.0,5.28,0
1.0,0.0,-1.78,29.0,0.0,1.0,43.68,1.0,0.0,0.0,1.14,-0.93,6.57,100.0,0.07,0.93,-0.93,2.86,-3.01,-4.64,-3.99,0.07,1.0,-1.39,0.0,2.0,1.0,0.0,4.93,2.78,0
0.0,0.0,2.62,0.0,0.0,0.0,-10.79,1.0,0.0,0.0,-0.22,0.54,-17.34,0.0,5.62,0.0,7.85,1.54,13.97,13.7,5.48,3.08,1.0,0.81,0.0,0.0,1.0,0.0,1.0,-0.54,0
0.0,0.0,1.0,0.0,0.0,0.0,31.0,1.0,0.0,0.0,1.07,0.0,7.0,0.0,2.0,0.0,4.21,1.0,-0.51,-0.79,0.29,0.0,1.0,0.0,0.0,0.0,1.0,0.0,1.0,0.0,0
-3.31,0.0,1.0,0.0,-1.65,-5.51,-639.28,1.0,0.0,1.0,-0.07,-0.55,-47.46,0.0,2.1,0.0,-78.36,2.0,0.64,1.0,2.07,2.55,1.0,0.39,0.0,-4559.86,-0.43,-0.55,0.9,0.55,0
0.77,22.0,-0.55,9.0,2.0,0.0,11.23,10.0,0.0,11.0,0.1,-0.77,27.55,94.0,2.77,9.0,8.23,1.0,2.16,-1.55,-2.22,0.0,0.0,-0.23,0.0,0.0,0.0,0.0,0.23,0.0,0
-0.91,0.0,1.0,0.0,-6.66,5.0,69.7,5.0,0.0,5.74,1.75,0.0,8.04,87.09,-2.83,0.0,-4.53,2.0,-2.4,-0.96,-0.71,0.04,0.04,-0.45,0.0,-137.82,-0.96,0.0,3.0,2.0,0
-1.36,-0.68,1.0,0.0,-5.43,0.0,8.0,1.0,0.0,3.0,0.35,1.0,-0.04,0.0,1.64,0.0,1.86,1.0,5.56,4.32,2.97,3.32,1.0,-0.32,0.0,-91.59,0.0,0.0,2.0,0.0,0
0.0,0.0,1.0,0.0,0.0,0.0,12.0,1.0,0.0,0.0,3.0,0.0,1.0,0.0,0.0,74.0,1.0,0.0,23.0,23.0,0.0,0.0,1.0,0.0,0.0,0.0,0.0,0.0,1.0,0.0,0
0.0,0.0,1.0,0.0,0.0,0.0,45.8,2.0,1.0,2.63,-0.02,0.0,10.58,46.73,2.34,12.51,8.58,2.97,5.15,-0.66,3.35,0.0,1.0,1.15,0.0,0.0,1.0,0.0,1.0,1.66,0
0.0,1.0,1.0,0.0,0.0,-1.14,-13.11,1.0,-0.57,-1.14,-0.09,-0.57,16.96,-39.89,-1.71,14.57,-7.12,-0.57,1.92,3.86,-2.88,1.0,1.0,-0.57,0.0,-7.98,-0.57,0.0,1.0,0.0,0
0.62,0.0,1.0,0.62,0.62,-0.62,21.04,2.25,0.0,3.74,7.41,0.0,2.87,41.71,0.62,0.13,-1.49,0.0,-0.45,0.38,0.98,1.0,0.38,-0.23,0.0,-2.49,-0.42,0.0,-0.25,0.62,0
0.0,-3.13,1.0,-0.78,-1.56,0.0,18.77,1.0,-4.69,-3.13,0.8,0.0,0.22,-50.05,3.22,-1.56,-0.91,1.0,0.51,7.09,-1.3,-0.35,1.0,-1.17,0.0,-10.95,1.0,0.0,1.0,-0.78,0
81.75,10.94,1.58,4.61,25.33,-1.15,205.53,4.45,1.15,7.48,-0.05,-0.58,282.94,17.27,1.0,0.0,21.57,1.58,1.48,-0.15,-0.43,1.0,0.42,-0.09,0.0,142.2,-0.35,0.0,1.58,6.33,1
-0.7,0.0,1.0,-18.12,1.39,3.79,114.8,1.0,1.0,1.39,1.67,1.0,18.33,-1.39,4.0,1.39,9.57,1.0,5.25,2.0,4.81,3.0,1.0,0.68,0.0,5.39,1.0,0.0,-0.39,3.48,0
0.0,0.0,1.0,0.0,0.0,0.0,62.24,1.0,0.0,0.89,2.43,0.0,2.54,29.46,4.68,-0.89,11.25,1.89,1.81,0.89,3.97,3.57,1.0,0.0,0.0,0.0,1.0,0.0,1.0,0.89,0
0.0,0.0,1.0,1.6,1.6,0.0,-16.33,1.0,0.0,-1.21,-0.74,17.65,-3.63,-35.09,1.0,0.0,4.81,1.0,4.31,4.81,31.49,32.1,416.69,4.68,4.81,3.21,1.6,0.0,2.0,0.0,0
1.0,4.0,1.0,1.0,2.0,2.0,38.95,2.0,0.0,5.14,1.12,0.57,6.57,55.0,4.14,0.0,7.7,2.0,8.12,4.42,5.69,4.28,1.0,0.83,0.0,62.0,1.0,0.0,1.57,0.0,1
-113.41,-15.18,0.2,-6.39,-23.96,0.0,-303.5,-3.79,-2.4,-10.98,-0.06,0.0,-376.98,-54.87,-0.6,0.0,-38.93,0.2,-4.22,0.0,-2.29,0.2,1.8,-0.67,0.0,-208.46,-0.31,0.0,1.0,-7.99,0
0.94,4.0,1.94,1.0,2.0,0.0,-13.62,0.06,5.06,4.0,-0.22,0.0,8.0,64.0,3.94,2.0,15.62,1.0,17.45,7.81,4.27,4.87,1.0,1.9,0.0,14.0,0.06,0.0,1.0,0.06,1
0.0,1.0,1.0,0.0,0.0,0.0,6.18,1.0,0.0,6.0,0.59,0.0,-21.44,91.0,2.82,0.0,-7.0,1.0,-2.13,0.0,-0.51,1.91,0.0,0.68,0.0,0.0,0.0,0.0,0.09,0.0,0
15.42,0.0,2.0,47.09,28.69,10.0,1203.85,1.0,0.86,1.71,0.65,-0.71,100.29,27.4,1.0,0.0,169.84,1.0,11.31,1.86,8.0,1.0,1.0,0.39,0.0,9885.47,1.64,1.0,0.43,-2.57,0
0.0,0.0,3.6,0.0,2.8,-0.8,27.38,1.0,-1.6,22.4,0.71,0.8,0.79,48.28,0.2,-10.42,10.22,2.0,2.34,9.62,3.07,5.01,1.6,1.57,1.6,20.0,1.0,0.0,-1.41,-1.6,0
1.0,4.0,1.0,1.0,2.0,2.0,19.0,2.0,0.0,4.63,0.32,0.0,9.14,55.0,1.74,0.0,0.11,2.63,1.72,-1.51,3.44,1.37,1.0,0.83,0.0,62.0,0.37,0.0,1.63,0.0,1
0.0,0.0,0.43,1.0,-0.14,0.0,-5.69,1.0,0.0,-12.52,0.28,11.0,1.14,-22.75,1.0,0.0,1.29,0.43,2.72,3.0,19.62,19.43,260.57,2.84,3.0,-9.38,0.43,0.0,2.57,0.0,0
1.0,1.0,1.0,0.0,0.0,5.0,244.76,1.0,0.0,9.0,7.02,0.0,10.24,75.0,-0.29,1.29,-3.12,1.35,4.21,0.65,0.19,0.0,1.0,0.1,0.0,0.0,1.0,0.0,2.35,3.0,0
0.0,0.0,1.0,3.0,2.0,5.0,177.32,1.0,0.72,2.72,2.94,0.0,23.0,134.02,2.44,3.44,6.56,1.0,1.44,0.0,1.92,1.0,1.0,0.11,0.0,4.0,1.0,0.0,2.0,5.0,0
4.33,0.0,2.72,0.0,2.17,9.22,924.63,1.0,0.0,4.0,1.34,0.72,81.21,69.0,0.56,0.0,126.92,1.0,6.51,1.72,7.52,1.0,1.0,1.78,0.0,5968.12,-0.16,0.72,4.44,3.0,1
0.0,0.0,1.0,-0.77,0.0,0.0,-46.03,0.23,0.0,-3.95,0.16,1.0,-38.14,-77.19,5.32,0.0,3.05,1.0,-4.55,5.0,5.19,4.0,1.77,0.54,0.0,0.0,-0.77,0.0,0.46,-2.32,0
0.0,0.0,1.0,3.0,2.0,5.0,148.33,1.0,0.0,2.0,2.02,0.0,-6.77,98.0,1.85,2.0,8.85,1.85,1.21,0.85,1.58,1.85,1.0,0.11,0.0,4.0,1.0,0.0,1.15,4.15,0
0.0,-1.75,1.0,0.58,0.58,-0.58,23.81,0.42,1.17,0.42,0.48,0.0,4.66,98.48,5.34,1.17,8.68,0.42,2.77,1.0,4.53,1.0,1.0,0.81,0.0,38.59,0.0,0.0,3.0,2.58,0
0.0,1.0,1.0,0.0,0.0,0.0,0.59,1.0,0.0,1.18,0.03,0.0,2.77,14.79,-1.18,16.37,2.0,0.0,0.71,-0.32,1.15,0.41,1.0,0.0,0.0,7.1,0.0,0.0,1.0,0.0,0
1.67,0.83,1.0,0.0,6.67,0.0,1.83,1.0,0.0,0.0,0.1,0.0,4.5,0.0,6.33,0.0,12.0,1.0,5.51,0.0,5.03,1.83,1.0,0.39,0.0,128.99,1.83,0.0,1.0,0.0,1
5.53,0.0,2.0,0.5,2.5,-1.51,14.39,1.5,-0.5,27.01,0.19,0.0,30.13,103.53,-0.0,-1.0,8.53,2.5,1.74,-0.5,2.74,1.0,0.0,0.4,0.0,-17.18,0.5,0.0,2.51,0.5,0
0.0,-11.18,1.0,-4.07,-1.02,0.0,44.21,-3.57,0.0,-3.56,1.53,0.0,-2.15,-8.64,1.49,-4.57,1.95,1.0,0.19,1.02,0.31,0.51,1.51,0.07,0.0,0.0,1.0,0.0,2.52,0.51,0
0.0,0.0,2.0,0.0,0.0,1.06,54.42,1.0,0.0,4.94,-0.05,0.0,12.76,80.28,1.06,0.0,13.12,1.0,7.03,1.94,2.29,1.0,1.0,1.36,0.0,0.0,0.94,0.0,1.12,1.12,0
0.0,0.0,1.0,-2.08,2.0,-1.23,-11.95,2.0,1.0,1.62,0.12,0.0,-12.24,16.74,5.85,-0.62,9.85,2.62,2.94,1.62,6.95,3.46,1.0,0.4,0.0,0.0,-0.62,0.0,0.38,1.0,0
0.0,4.0,2.52,1.0,2.76,-1.52,9.29,1.0,5.24,2.48,0.66,0.0,0.38,10.65,1.48,2.0,7.71,1.0,18.73,12.62,3.13,6.81,2.52,2.26,1.52,3.33,0.24,0.0,1.0,1.76,0
-4.53,0.0,1.0,-3.4,-5.09,0.0,31.0,1.0,0.0,1.0,0.66,-2.83,12.53,-37.24,1.43,0.57,8.7,0.43,3.97,0.87,1.11,0.43,1.0,-0.75,0.0,0.0,1.0,0.0,1.0,0.0,0
0.74,0.0,1.0,21.45,0.0,0.74,-15.53,1.0,0.0,-0.48,-0.73,-0.74,5.26,73.97,-0.48,0.0,-6.4,2.0,-4.01,-3.44,0.17,-0.96,1.0,0.0,0.0,1.48,0.74,0.0,3.48,0.0,0
3.0,0.0,1.0,0.0,27.0,0.0,37.57,1.0,0.0,0.0,0.14,1.0,-19.89,0.0,0.31,0.0,1.46,1.0,1.6,2.0,6.66,3.69,1.0,0.66,0.0,66.0,0.5,0.0,2.31,6.0,1
0.0,-0.99,1.0,0.0,0.99,-2.94,-59.6,0.0,0.99,-8.89,0.46,4.0,-25.68,-74.07,2.96,0.0,5.93,-0.99,2.7,1.99,4.67,2.98,1.0,0.84,0.0,2.0,0.01,0.0,-0.98,0.01,0
1.72,0.0,1.86,1.72,1.72,0.0,63.75,1.86,0.0,2.59,8.16,1.72,-28.3,56.88,1.72,1.14,4.45,0.86,2.72,1.86,4.88,1.0,1.0,0.77,0.0,0.0,0.0,0.0,3.59,2.59,0
0.0,-1.82,1.0,-0.91,0.0,-3.64,-23.98,0.09,0.0,-1.82,0.77,0.0,-4.36,-23.63,2.09,12.72,8.91,-0.82,8.61,9.64,2.59,2.0,1.0,-0.45,0.0,-7.27,-0.91,0.0,2.0,0.0,0
6.0,0.0,2.0,0.0,3.0,10.0,1226.43,1.0,0.0,0.0,1.75,1.0,99.06,0.0,-1.21,0.74,157.74,2.47,2.54,-1.21,3.95,0.26,1.0,-0.01,0.0,8194.53,0.04,1.0,4.47,2.21,1
-8.81,0.0,1.0,1.0,-10.76,0.98,110.18,2.0,0.0,9.0,1.82,0.0,57.91,100.0,2.96,0.0,17.81,1.0,16.57,0.98,2.64,1.0,0.0,0.05,0.0,0.0,1.0,0.0,4.96,2.02,1
0.0,4.0,1.0,1.0,2.0,0.0,31.3,1.0,6.0,5.7,0.43,0.0,13.09,97.91,3.57,2.0,16.78,1.57,15.62,5.57,5.57,3.0,1.0,1.74,0.0,14.0,1.0,0.0,2.13,2.7,1
2.0,0.0,2.0,2.0,2.0,0.0,32.71,2.0,0.0,3.0,4.73,2.0,1.36,66.0,0.02,1.32,-1.29,-0.32,0.94,1.0,4.71,1.0,1.0,0.89,0.0,0.0,0.0,0.0,2.68,2.34,0
0.78,0.0,2.0,22.55,0.0,-0.78,30.0,1.0,-0.78,-1.56,1.05,-0.78,-2.0,23.33,1.44,0.0,0.56,1.0,0.2,-0.56,-0.29,2.0,1.0,0.51,0.0,-9.33,0.0,0.0,3.33,1.0,0
1.0,0.0,1.0,3.52,0.76,2.28,8.38,1.0,1.52,0.76,0.05,0.0,0.95,130.6,5.28,0.76,0.76,-0.52,1.47,0.76,2.6,1.0,1.0,0.57,0.0,56.36,1.76,0.0,-0.52,-1.52,0
0.0,-0.73,1.0,0.73,0.0,0.0,92.32,1.73,0.0,6.57,1.58,0.0,43.71,73.04,3.73,-10.23,14.11,2.73,10.24,-2.65,2.86,1.0,0.27,0.04,0.0,0.0,0.73,0.0,4.46,3.19,1
0.0,0.0,1.0,0.0,0.0,1.0,59.01,1.0,0.0,0.6,2.3,0.6,2.8,-15.0,4.2,0.0,14.4,1.0,6.25,4.6,5.15,3.4,1.0,0.0,0.0,0.0,0.0,0.0,3.6,2.0,0
0.0,1.84,1.0,0.61,1.22,1.22,31.21,1.0,0.0,0.61,0.82,0.0,6.78,-6.73,3.22,1.0,2.49,3.0,3.09,0.61,1.4,1.61,1.0,0.34,0.0,30.59,0.0,0.0,3.0,3.0,0
-0.97,0.0,1.0,-0.97,1.95,0.0,51.35,1.97,0.97,2.97,1.68,0.0,6.97,41.44,1.97,0.0,7.79,1.97,2.89,0.97,3.96,0.0,1.0,0.61,0.0,0.0,-0.97,0.0,2.0,0.97,0
0.0,0.0,1.0,2.3,1.53,3.83,105.81,1.0,0.0,0.77,0.81,0.0,17.34,49.84,-0.53,1.53,0.47,1.0,-2.05,0.23,-1.91,-1.3,1.0,0.09,0.0,3.07,0.77,0.0,1.77,3.07,0
10.11,10.0,1.0,2.76,1.84,0.0,-25.74,1.92,0.92,5.52,-1.38,0.0,58.73,46.89,0.0,2.0,14.19,0.92,0.59,-0.92,0.49,-2.76,1.0,0.67,0.0,0.0,0.0,0.0,4.76,0.92,0
0.0,0.0,1.0,0.0,8.59,0.0,-22.93,1.0,0.0,0.0,-0.79,0.0,21.82,0.0,3.77,0.0,1.48,0.39,4.49,2.39,5.58,1.39,1.0,0.79,0.0,108.0,1.0,0.0,0.39,0.0,0
0.0,0.0,2.0,0.0,0.0,1.6,45.4,1.0,1.2,3.2,0.63,0.0,5.4,95.11,2.4,7.78,10.01,0.4,8.21,0.4,4.56,1.0,1.0,1.9,0.0,0.0,0.0,0.0,3.6,3.2,0
0.63,0.0,1.0,0.63,0.63,0.0,43.96,2.26,0.0,4.4,4.87,0.0,5.4,62.82,3.88,0.0,4.77,1.63,1.26,0.0,0.5,0.0,0.37,0.0,0.0,0.0,0.0,0.0,1.0,1.88,0
0.0,0.0,1.0,0.0,0.0,0.62,-1.24,1.0,0.0,-0.62,-0.21,0.62,8.62,-30.94,0.62,-0.24,5.47,0.0,4.17,0.62,2.52,1.24,1.0,0.37,0.0,2.47,0.62,0.0,1.0,0.0,0
1.78,4.0,1.0,-2.89,2.0,5.12,-35.53,2.0,0.0,4.0,-1.11,0.78,-15.03,-22.9,3.78,-0.78,10.57,3.56,3.0,1.0,9.61,2.78,1.0,2.91,0.0,237.27,1.0,0.0,0.22,-0.78,0
1.0,0.0,1.0,0.0,0.0,6.89,35.67,1.0,0.0,0.0,0.46,1.0,3.11,26.69,1.89,0.0,21.56,2.89,1.0,-1.78,10.64,1.0,1.0,3.06,0.0,225.0,0.11,0.0,3.67,1.78,0
1.0,0.0,2.0,0.0,0.0,0.0,8.9,1.0,0.0,0.9,0.34,0.0,4.0,0.0,5.8,0.0,8.9,1.0,5.4,3.9,4.55,3.8,1.0,1.0,0.0,1.8,0.9,0.0,1.0,0.0,0
0.0,-12.12,1.0,-4.96,-1.1,0.0,34.39,-3.96,0.0,-4.06,0.67,0.0,-4.77,14.23,3.1,-4.96,9.7,3.0,6.56,6.06,3.4,2.1,1.55,0.28,0.0,0.0,0.55,0.0,3.0,3.0,0
1.55,0.0,2.0,-0.77,20.1,2.0,62.83,-0.55,0.0,-1.41,0.41,0.77,2.04,-8.33,-0.32,0.0,14.32,0.23,5.25,2.55,7.0,2.55,1.77,1.32,0.0,51.04,0.39,0.0,4.55,5.32,1
0.0,0.0,1.0,0.0,0.0,0.0,0.0,1.0,0.0,0.0,0.0,0.0,2.0,0.0,1.0,0.0,1.03,1.0,0.03,0.03,1.0,1.0,1.0,0.0,0.0,0.0,0.0,0.0,1.0,0.0,0
6.39,1.0,-0.8,0.0,6.59,5.0,220.61,1.0,0.0,9.0,1.39,-0.6,27.8,75.0,-0.2,0.0,-1.39,2.0,3.45,-3.0,-0.58,-0.6,1.0,-0.8,0.0,0.0,1.0,0.0,2.4,4.8,1
0.0,0.0,0.19,0.0,11.27,-0.81,-37.04,1.0,0.0,-1.61,-0.65,0.0,13.08,-46.7,-0.61,0.0,-9.47,1.0,-1.68,0.19,-1.22,0.19,1.0,-1.21,0.0,0.0,0.0,0.0,0.19,-0.81,0
6.0,0.0,2.0,0.0,3.0,10.0,1200.89,1.0,0.0,0.65,1.3,1.0,102.0,32.45,2.3,1.3,157.0,1.0,6.66,1.65,7.92,1.0,1.0,0.05,0.0,8274.0,0.78,1.0,3.0,0.0,0
0.85,25.41,1.0,9.85,3.71,1.71,28.21,10.85,0.0,14.41,0.36,0.0,30.26,140.91,2.0,9.0,7.29,1.85,2.18,-3.41,1.18,-0.85,0.0,0.86,0.0,52.88,0.0,0.0,1.0,0.0,0
118.83,16.13,1.0,5.09,35.65,0.0,290.28,5.24,2.55,10.19,-0.34,-1.7,421.29,28.86,1.85,0.0,39.04,1.85,4.09,-0.85,1.34,1.0,0.15,-0.04,0.0,221.53,0.33,0.0,-0.7,6.79,1
0.0,0.0,1.52,0.0,0.0,1.05,43.42,1.0,0.0,2.09,4.43,0.0,5.19,36.11,1.05,0.95,6.28,0.52,2.57,1.0,1.22,0.52,1.0,0.43,0.0,0.0,0.0,0.0,2.05,1.57,0
0.0,4.0,1.0,1.0,2.0,0.0,-16.36,1.0,6.0,4.0,-0.48,0.0,-20.19,64.0,5.42,2.0,13.22,1.81,17.73,9.03,6.47,5.42,1.0,1.5,0.0,14.0,1.81,0.0,0.19,0.19,1
0.0,0.0,1.0,1.0,0.0,0.0,14.16,1.0,0.0,0.71,-1.68,0.0,5.25,150.25,4.12,-52.38,2.12,1.71,11.24,10.43,3.63,1.71,1.0,0.47,0.0,0.0,0.0,0.0,2.42,1.42,0
0.0,0.0,3.07,0.0,0.0,0.0,5.52,1.0,0.0,0.0,0.17,0.69,31.1,0.0,-1.38,1.0,1.38,0.0,-0.4,1.38,0.14,1.0,1.0,0.49,0.0,-93.91,-0.55,0.0,1.0,-0.69,0
6.98,0.0,1.0,4.49,3.74,-0.75,-26.93,1.0,0.0,3.0,-0.28,1.5,4.0,115.09,3.0,0.0,-0.48,1.0,3.3,-0.74,-2.26,1.25,1.0,-0.39,0.0,-149.62,-0.75,0.0,0.25,-2.99,0
3.0,0.0,1.0,1.69,27.84,2.53,78.07,1.0,1.69,-1.69,0.85,0.16,1.69,61.51,2.69,1.69,8.16,1.0,0.49,-2.21,6.56,0.47,1.0,1.29,0.0,128.35,1.34,0.0,2.16,6.84,0
1.0,0.0,1.0,0.59,2.0,1.0,38.66,2.0,0.0,2.36,0.69,0.0,12.54,45.45,0.23,0.0,19.77,1.0,3.33,1.18,3.42,2.0,1.0,0.09,0.0,32.0,0.9,0.0,2.77,1.59,1
2.98,-0.99,1.0,0.0,26.83,0.0,68.79,1.0,0.0,-5.96,1.73,0.99,-1.97,-90.43,3.0,0.0,13.96,1.0,9.34,7.99,10.54,3.99,1.99,0.65,0.0,65.58,0.5,0.0,3.99,5.96,0
0.0,0.0,1.0,0.0,0.0,0.0,-33.32,1.0,0.0,-1.96,-1.28,-0.98,1.02,0.0,1.04,0.0,-7.81,1.0,-4.36,-5.88,-2.91,-2.92,1.0,0.0,0.0,9.0,1.0,0.0,0.02,0.0,0
-5.25,0.0,1.0,-3.94,-5.9,0.0,34.66,1.0,0.0,0.0,8.56,-3.28,2.31,-57.07,1.31,2.0,1.31,0.0,-0.57,-0.31,-0.47,0.0,1.0,-0.87,0.0,5.9,0.66,0.0,1.0,0.0,0
4.9,0.0,1.0,1.0,0.82,8.17,1021.09,2.0,0.0,-10.62,0.59,0.82,134.1,19.9,1.0,0.0,134.87,0.18,18.76,0.82,6.76,1.0,0.82,0.11,0.0,6746.16,0.82,0.82,4.63,3.0,1
0.0,0.0,1.0,0.0,0.0,0.0,35.0,1.0,0.0,2.0,1.4,1.0,2.0,0.0,3.0,0.0,10.0,1.0,7.0,6.0,5.5,5.0,1.0,0.0,0.0,0.0,0.0,0.0,2.0,0.0,0
0.0,0.0,2.0,0.0,2.0,0.0,12.67,1.0,0.0,23.28,-0.2,-0.72,3.28,98.0,1.0,0.0,-2.72,2.0,-2.24,-2.86,-0.12,-0.43,0.0,0.5,0.0,21.43,1.72,0.0,0.28,0.0,0
0.0,0.0,3.0,0.0,1.0,0.86,57.7,1.0,1.71,1.71,1.81,1.0,-6.85,53.12,-1.57,11.14,10.43,1.0,16.0,9.43,4.0,5.14,3.0,1.9,2.0,-92.53,-0.86,0.0,3.57,3.57,0
-0.61,1.0,1.0,-1.22,0.0,0.0,0.61,1.0,0.0,0.0,0.01,0.0,5.89,-45.83,1.22,14.0,6.28,0.0,8.26,6.83,4.26,1.61,1.0,0.48,0.0,66.0,0.0,0.0,1.0,0.0,0
0.0,0.0,1.0,0.0,0.0,-0.8,-16.69,1.0,0.0,-0.19,0.69,1.0,-3.57,-56.54,3.0,-15.13,-1.15,-1.39,-0.4,5.0,3.11,3.2,1.0,-0.7,0.0,0.0,0.8,0.0,0.41,-2.39,0
0.0,0.0,0.47,0.0,-1.06,0.53,27.53,1.0,1.06,-8.71,0.96,0.0,8.0,30.84,1.53,6.92,1.53,1.47,33.64,1.0,3.0,1.0,1.53,0.09,0.0,-10.65,-0.53,0.0,2.6,1.6,0
0.0,0.0,1.0,0.6,0.0,0.0,53.95,1.0,0.0,1.81,8.35,0.0,2.21,46.51,0.0,2.0,2.21,-0.6,1.96,1.6,-0.43,0.4,1.0,0.18,0.0,0.0,0.0,0.0,2.21,0.6,0
0.0,0.0,1.0,-2.65,-1.77,-4.42,-150.0,1.0,0.0,-1.77,-2.07,0.0,15.27,-86.67,3.12,-0.88,-7.08,0.12,0.18,0.0,1.32,1.0,1.0,0.65,0.0,-3.54,-0.88,0.0,0.12,-4.42,0
2.0,8.0,2.0,24.0,2.0,0.0,1.63,23.0,0.0,0.0,0.01,0.0,37.29,100.0,4.52,9.0,43.4,2.0,7.57,1.89,7.4,1.63,1.0,0.86,0.0,179.58,1.5,0.0,1.63,0.63,1
5.58,0.0,1.93,0.0,2.79,10.3,1126.03,1.0,0.0,0.0,-1.81,0.93,97.92,0.0,2.07,0.0,154.07,1.0,7.49,1.93,9.82,1.93,1.0,0.53,0.0,7694.33,0.73,0.93,4.86,2.0,0
-0.79,0.0,1.0,0.0,0.0,0.79,34.78,1.0,0.0,-0.57,0.79,0.0,3.36,-6.28,3.0,0.0,5.14,1.79,-0.13,-0.36,2.97,2.21,1.0,0.35,0.0,2.0,1.0,0.0,3.36,1.57,0
-6.7,0.0,1.0,-1.83,-1.22,0.61,38.48,0.39,-0.61,-1.83,0.38,0.0,4.43,-7.91,1.39,11.57,10.39,2.22,7.06,0.0,2.06,0.0,1.0,0.19,0.0,0.0,0.0,0.0,1.39,0.61,0
0.0,0.0,0.3,1.4,0.7,2.4,42.21,1.0,3.4,1.3,1.21,0.0,2.6,72.53,3.4,14.4,1.19,1.0,10.66,0.0,4.3,1.0,1.0,0.14,0.0,51.93,0.7,0.0,2.6,2.3,0
0.73,3.73,1.0,1.0,0.0,7.67,231.82,2.0,0.0,8.6,2.49,0.0,23.41,81.03,1.73,-0.73,1.73,3.47,4.55,1.0,3.13,1.0,1.0,0.57,0.0,8.0,1.73,0.0,2.47,2.2,0
0.0,0.0,2.0,0.0,0.0,2.0,91.25,1.0,0.0,6.8,1.27,0.0,16.48,125.07,1.07,0.0,21.34,1.93,4.84,1.93,3.64,1.0,1.0,1.21,0.0,-8.41,-0.93,0.0,4.87,5.8,1
0.0,-0.95,1.0,0.95,0.0,1.0,35.4,1.0,0.0,-4.7,0.58,0.0,4.15,50.55,2.95,1.0,5.15,2.0,28.83,25.69,1.91,1.0,1.95,0.0,0.0,0.0,0.0,0.0,4.0,1.0,0
0.0,0.0,1.0,0.0,0.0,0.0,29.74,1.0,0.0,0.74,0.72,0.0,36.0,0.0,0.0,0.0,0.0,0.0,-1.49,-1.49,1.3,0.74,1.0,0.0,0.0,-2.97,0.0,0.0,2.0,1.0,0
0.0,10.0,-0.05,0.0,-0.53,0.0,5.26,1.0,0.0,0.0,0.55,-0.53,11.05,0.0,1.05,2.0,2.37,0.0,-2.25,-3.15,-1.31,-2.1,-0.05,-0.9,-1.05,0.0,0.0,0.0,2.53,-0.53,0
9.0,0.0,1.0,0.0,11.0,0.0,-7.54,1.0,0.0,-1.89,2.92,-0.94,-0.94,0.0,0.06,0.0,-8.49,1.0,-5.24,-5.66,-3.19,-3.71,1.0,0.0,0.0,0.0,0.0,0.0,0.06,3.0,0
0.0,-18.65,1.0,-7.63,-1.7,0.85,27.28,-6.63,0.0,-8.48,0.71,0.0,-4.11,-44.09,5.85,-7.63,8.7,1.85,6.39,3.0,8.82,2.85,1.85,1.03,0.0,108.0,1.0,0.0,3.54,1.7,0
0.0,0.0,0.36,0.0,0.0,-0.64,2.24,1.0,0.0,1.08,0.42,1.0,0.72,-17.28,3.64,0.0,9.36,1.64,7.04,5.36,6.38,4.0,1.0,-0.24,0.0,0.0,0.0,0.0,2.64,-0.64,0
0.0,0.0,-0.94,0.0,0.0,1.0,32.17,1.0,2.0,2.65,0.83,-0.65,5.3,78.19,0.7,13.0,-1.18,1.0,7.67,-3.24,0.69,0.35,1.0,-0.3,0.0,0.0,0.0,0.0,3.35,3.0,0
1.56,0.0,1.0,0.56,1.0,0.0,10.55,1.0,1.0,-2.26,0.89,0.0,0.74,-1.13,5.13,0.0,8.31,1.0,3.62,-0.13,2.82,2.0,1.0,-0.17,0.0,0.0,0.56,0.0,-0.69,1.44,0
1.52,0.0,1.76,1.52,1.52,0.0,21.29,1.76,0.0,2.28,-0.05,1.52,1.76,50.17,3.24,0.0,-0.04,1.0,8.47,8.72,4.41,1.24,1.0,0.68,0.0,0.0,1.0,0.0,2.52,2.28,0
0.0,0.0,1.0,1.0,0.0,0.0,81.26,2.0,0.0,9.0,2.45,0.0,53.31,100.0,0.31,50.91,9.69,0.31,30.94,15.82,0.88,0.31,0.0,0.05,0.0,0.0,1.0,0.0,3.0,3.0,0
24.67,9.99,-0.17,6.46,32.9,0.0,86.77,3.35,0.0,4.11,-0.01,-0.59,41.95,58.75,3.0,0.0,16.1,2.17,2.91,-2.94,0.83,0.41,0.41,-0.26,0.0,63.63,1.24,0.0,1.0,7.05,1
8.0,0.0,1.0,6.0,9.0,0.0,-5.49,1.0,-0.92,0.0,-0.46,5.0,1.83,64.11,-0.83,-1.83,0.92,1.0,3.29,1.08,1.76,1.0,1.0,1.33,0.0,0.0,0.0,0.0,1.0,0.0,0
0.0,1.92,1.0,0.64,0.0,2.56,30.93,1.64,1.0,0.36,0.84,0.0,2.0,34.66,3.0,2.0,0.0,1.0,-14.44,1.0,2.24,1.0,1.0,0.32,0.0,5.11,0.64,0.0,1.0,0.0,0
0.99,0.99,2.0,0.0,2.0,0.0,40.94,1.99,0.0,25.97,0.78,0.0,4.0,151.24,0.01,0.0,6.94,2.99,-1.13,-1.97,3.27,1.0,0.0,0.77,0.0,31.83,1.0,0.0,1.0,0.0,1
0.0,0.0,1.0,0.0,0.0,2.0,23.0,1.0,1.0,2.0,0.16,1.0,10.0,70.0,3.0,0.0,16.0,1.0,5.4,2.0,7.8,1.0,1.0,1.0,0.0,14.0,1.0,0.0,1.0,0.0,0
1.24,4.97,1.62,14.92,1.24,0.0,-13.27,14.68,1.0,0.38,0.11,0.0,16.92,68.03,2.38,7.6,21.76,1.62,3.69,0.38,1.65,1.0,1.0,-0.19,0.0,58.44,0.62,0.0,-0.24,-1.24,0
98.98,13.24,1.7,5.58,30.67,0.0,295.88,5.18,2.09,10.46,1.12,0.0,353.43,69.7,3.39,0.0,39.85,1.7,4.63,0.0,3.3,0.0,0.3,0.59,0.0,181.93,1.27,0.0,1.7,7.67,1
6.0,2.71,1.0,0.9,0.0,3.61,216.51,13.9,13.0,16.8,1.3,1.0,179.95,116.44,1.9,1.1,63.9,3.8,7.53,0.9,6.43,0.0,1.0,0.7,0.0,67.21,1.71,0.0,1.0,1.0,1
0.0,0.0,4.0,0.0,0.0,0.0,9.0,1.0,0.0,0.0,0.26,1.0,-27.15,0.0,6.15,-0.79,11.36,1.79,14.17,13.67,7.79,2.79,1.0,1.5,0.0,0.0,0.79,0.0,2.0,0.0,0
0.0,-0.91,1.0,0.0,0.0,0.91,-3.66,1.0,0.91,-5.48,-0.26,0.91,0.09,-83.17,3.74,0.0,1.91,1.0,4.88,2.83,4.12,2.83,1.91,0.55,0.0,3.66,0.91,0.0,1.0,0.0,0
29.75,11.64,1.0,7.53,37.97,5.0,143.78,7.74,0.0,-11.64,0.9,0.0,54.18,1.37,2.37,0.0,26.54,2.68,4.63,0.0,5.97,1.0,1.0,0.38,0.0,49.98,-0.4,0.0,3.68,10.22,1
-0.9,0.0,1.1,0.0,0.0,2.0,64.62,1.0,0.0,4.0,3.17,0.0,6.29,69.0,-1.62,66.97,8.67,0.1,21.19,19.1,0.62,-0.81,1.0,0.46,0.0,0.0,0.0,0.0,3.0,3.0,0
2.98,4.93,1.0,0.98,9.96,1.96,19.66,1.98,0.0,2.95,0.32,0.0,6.96,29.46,6.96,0.0,14.98,1.98,7.93,1.98,6.83,2.98,1.0,1.28,0.0,204.88,1.98,0.0,1.0,0.0,1
0.0,0.0,1.0,0.0,0.0,-0.76,-25.98,1.0,-0.76,-1.53,-0.55,0.0,0.47,-47.28,3.24,-9.91,-3.05,1.0,-7.32,0.0,-0.6,1.0,1.0,0.85,0.0,0.0,0.0,0.0,-1.29,-2.29,0
7.89,0.0,1.0,0.0,23.64,0.0,0.0,1.0,0.0,0.0,0.0,0.0,13.99,0.0,1.88,-0.88,-2.63,1.88,-1.11,0.0,1.56,0.88,1.0,0.0,0.0,0.0,0.0,0.0,2.0,3.63,0
3.0,0.0,1.0,0.0,23.49,-0.88,9.39,1.0,0.0,0.0,-0.16,-1.63,33.37,0.0,0.12,0.88,0.22,0.12,-3.35,-4.15,0.21,2.12,1.0,-0.98,0.0,-109.62,-0.38,0.0,2.12,2.49,0
-10.67,0.0,1.0,-2.91,-1.94,1.0,62.4,0.03,-0.97,-3.85,2.08,0.0,-41.51,16.77,1.06,0.0,-8.4,1.03,0.21,0.0,-0.69,0.03,1.0,0.12,0.0,0.0,0.0,0.0,2.06,0.06,0
0.0,0.0,1.92,0.0,0.0,1.0,39.09,1.0,0.08,1.85,0.66,0.08,2.08,-0.92,3.08,0.0,3.08,1.0,4.12,1.08,0.34,3.0,1.0,0.94,0.0,-8.93,0.08,0.0,2.85,2.77,0
0.0,0.0,0.0,0.82,-0.59,-1.76,-6.46,1.0,-1.18,0.59,-0.23,0.0,2.94,-4.11,-1.76,-1.18,2.35,1.18,-0.64,-0.59,-0.3,0.0,0.0,-0.23,0.0,-43.48,-0.59,0.0,2.18,1.18,0
0.0,1.0,1.0,0.0,0.0,-1.96,-83.27,1.98,0.0,6.0,1.17,-3.93,8.91,91.0,3.94,0.0,11.83,2.96,-0.49,0.0,-0.84,1.0,0.0,-0.92,0.0,-1.96,-0.98,0.0,2.96,0.0,0
1.0,0.0,1.0,0.0,0.0,6.0,45.68,1.0,0.0,1.18,1.07,1.59,4.59,0.0,2.18,0.0,23.91,2.0,6.89,3.55,11.66,3.36,1.0,2.67,0.0,225.0,1.0,0.0,1.59,0.0,0
0.0,0.0,1.0,5.0,0.0,2.0,126.81,1.0,-0.91,0.91,3.45,0.0,31.91,130.0,1.82,1.0,16.09,0.0,7.68,0.91,3.86,2.73,1.0,-0.73,0.0,0.0,1.0,0.0,2.0,1.91,1
0.0,1.0,1.0,0.0,0.0,0.0,0.96,1.0,0.0,0.0,0.01,0.0,10.62,0.0,3.85,14.0,8.73,0.0,10.37,7.89,5.89,1.96,1.0,0.76,0.0,103.9,0.96,0.0,1.0,0.0,0
2.0,8.0,2.0,24.0,2.0,0.0,-17.54,23.0,0.64,0.0,-0.42,0.0,9.26,100.0,2.64,9.0,39.0,2.64,4.38,0.0,3.76,1.64,1.0,0.88,0.0,94.0,1.0,0.0,0.36,-0.64,0
0.0,0.0,1.0,0.0,0.0,0.86,19.7,1.0,1.0,-0.71,0.77,0.0,0.29,35.45,4.71,4.57,7.7,1.0,-17.87,1.0,2.61,1.0,1.0,0.32,0.0,3.42,0.57,0.0,2.71,1.71,0
0.92,0.92,1.0,0.0,0.0,4.6,237.03,2.0,1.0,8.28,1.98,0.0,19.64,69.01,-0.68,0.0,-0.76,1.92,0.36,-2.76,-0.84,-1.84,1.0,-0.06,0.0,-99.38,1.0,0.0,2.84,3.76,0
0.0,6.13,0.39,1.0,2.0,-1.23,-12.41,2.0,1.0,-1.45,0.03,0.0,5.61,15.68,2.77,1.23,1.87,1.39,0.68,0.39,2.38,0.39,1.0,-0.34,0.0,0.0,0.0,0.0,0.39,-0.84,0
0.0,0.0,1.0,0.0,0.0,-0.57,8.21,1.0,0.0,-0.57,4.23,0.0,-1.28,-23.91,2.57,-0.57,1.0,0.43,0.27,1.71,0.11,0.57,1.0,0.0,0.0,0.0,0.0,0.0,-0.14,-0.57,0
87.8,11.75,1.62,4.95,27.21,0.0,277.96,4.71,1.85,12.27,0.71,0.0,317.3,121.83,2.0,0.0,41.68,2.62,4.78,-1.47,4.95,0.38,0.38,0.94,0.0,157.67,-0.38,0.0,3.62,9.8,1
0.0,0.0,1.0,0.0,-13.11,0.0,2.81,1.0,0.0,0.0,0.2,0.0,-16.79,0.0,6.81,0.0,3.0,1.0,11.47,11.0,2.87,2.94,1.0,0.7,0.0,0.0,1.0,0.0,0.06,-0.94,0
1.0,4.54,1.0,1.0,2.0,2.0,5.0,2.0,0.0,7.23,-4.02,0.0,7.62,103.99,3.54,-1.08,3.62,2.54,3.99,0.46,3.8,2.54,0.46,0.83,0.0,62.0,1.0,0.0,1.0,0.0,1
-0.61,-2.43,1.0,-0.61,-1.22,-1.22,42.68,1.0,0.61,-2.43,2.15,0.0,0.78,-33.42,3.0,0.0,8.0,0.39,3.8,5.39,3.42,0.78,1.0,-0.16,0.0,-37.67,0.0,0.0,2.0,0.61,0
-1.04,-4.15,1.0,-12.45,-1.04,0.0,19.68,-10.41,0.0,2.0,0.5,0.0,-9.49,-26.88,2.52,-0.67,-10.49,0.48,3.93,2.52,3.21,1.52,1.0,0.48,0.0,-36.77,0.48,0.0,1.0,0.52,0
8.28,0.0,1.0,-1.44,21.05,0.0,0.0,1.0,0.0,0.0,0.0,0.0,12.21,-53.87,-0.44,0.0,0.0,1.0,0.82,0.0,1.51,0.28,1.0,0.0,0.0,0.0,-0.72,0.0,1.72,3.72,0
1.95,3.91,1.0,1.3,0.65,0.0,16.94,8.17,0.0,10.42,0.01,0.0,23.8,52.12,2.35,5.21,2.65,1.65,4.15,4.0,2.58,1.35,1.0,0.49,0.0,0.14,0.35,0.0,1.0,0.0,0
39.26,15.89,1.93,10.28,52.35,0.0,140.56,4.74,0.0,4.67,7.91,0.0,58.02,31.78,0.93,2.0,18.69,0.0,4.81,1.0,2.77,0.0,0.07,0.64,0.0,86.93,0.38,0.0,0.07,8.41,1
0.0,16.66,2.0,6.82,1.51,0.0,46.09,7.82,0.0,8.33,0.93,0.0,23.93,71.19,2.24,6.82,16.79,1.0,2.83,-2.79,3.54,-0.27,0.24,1.4,0.0,0.0,-0.76,0.0,1.0,1.0,0
92.54,12.38,1.65,4.56,28.67,0.0,247.63,4.91,1.95,9.77,0.05,0.0,325.88,0.0,1.65,0.0,34.58,1.65,-11.89,-15.94,3.81,1.0,0.35,0.55,0.0,170.08,0.26,0.0,1.65,7.17,1
6.0,0.0,1.0,0.0,0.0,-0.51,135.27,13.0,13.0,14.49,-0.49,1.0,204.47,76.32,-0.01,0.48,57.95,1.49,3.18,-0.51,4.86,0.0,1.0,0.06,0.0,57.98,0.48,0.0,-0.01,-0.01,0
0.0,1.0,1.0,-0.93,0.0,0.0,-19.94,0.07,0.0,0.41,0.7,0.0,-36.98,53.75,1.93,0.0,5.79,1.93,-10.48,0.93,2.17,1.0,0.93,0.34,0.0,0.0,-0.93,0.0,1.0,0.0,0
8.21,6.0,1.87,2.0,3.6,7.81,1032.81,12.0,0.0,16.0,-0.32,0.87,122.05,80.0,0.26,8.0,131.44,2.0,5.22,0.0,6.6,0.0,1.0,1.24,0.0,7180.36,0.68,0.87,1.0,-1.74,0
0.0,0.0,1.0,0.0,0.0,0.0,-4.96,1.0,0.0,-1.13,-0.21,-0.71,13.08,0.0,2.42,0.0,-1.13,2.0,0.16,-1.13,5.45,0.58,1.0,0.56,0.0,96.34,0.57,0.0,2.0,0.71,0
0.0,0.0,1.0,1.51,0.75,1.51,6.78,1.0,1.51,0.0,-0.02,0.0,-0.51,30.12,2.51,-0.75,-0.75,0.25,-1.23,0.0,1.8,1.0,1.0,0.28,0.0,52.71,0.25,0.0,-0.51,-0.75,0
0.0,0.0,1.0,0.0,0.0,1.0,43.0,1.0,0.0,1.0,1.0,0.0,25.93,42.0,1.49,1.51,8.0,1.49,4.86,1.0,2.14,1.0,1.0,0.0,0.0,0.0,0.0,0.0,4.0,1.0,0
0.0,0.0,1.0,0.0,0.0,0.0,56.33,1.0,0.0,5.1,1.28,0.0,6.6,91.91,-1.1,0.0,4.49,2.7,26.75,-0.4,-2.11,0.3,1.0,-0.26,0.0,-94.99,-0.56,0.0,1.7,1.4,0
0.0,-1.56,1.0,-0.52,0.0,-2.07,-32.67,0.48,0.0,-1.04,-0.59,0.0,4.89,-13.48,1.56,1.0,2.48,-0.52,1.78,-0.52,0.62,0.0,1.0,0.13,0.0,-4.15,-0.52,0.0,1.0,0.0,0
-22.45,2.67,0.47,3.93,-28.86,2.0,18.58,3.67,0.0,2.14,2.07,0.0,7.48,96.79,-0.53,5.81,-5.83,-1.07,2.45,0.0,-1.88,-0.53,1.0,-0.48,0.0,-49.7,0.78,0.0,1.47,-5.41,0
-3.28,1.0,1.0,0.0,0.0,0.0,-52.1,-6.57,-9.28,-7.0,1.73,-0.71,-137.65,23.16,2.43,-1.43,-26.84,1.29,1.83,0.71,3.12,3.86,1.0,0.1,0.0,-30.84,0.42,0.0,1.0,0.0,0
1.0,0.0,2.0,0.0,0.0,0.74,-8.96,1.0,0.74,-1.47,-0.52,0.74,1.79,-42.77,6.21,0.0,10.95,1.0,7.57,4.47,5.45,4.21,1.0,1.28,0.0,2.95,0.74,0.0,0.26,0.0,0
-0.69,0.0,0.31,-0.69,-0.69,0.0,50.51,-2.44,0.0,-2.06,11.55,0.0,-1.75,-45.4,0.0,0.62,0.0,-0.69,-0.72,0.31,-1.49,-0.69,1.0,-0.39,0.0,0.0,-0.69,0.0,1.0,0.0,0
0.0,0.0,1.0,0.0,0.0,0.0,-23.04,1.0,0.0,-0.12,-0.4,0.0,1.5,-37.09,0.44,0.0,-6.31,0.88,-0.02,1.0,2.44,2.0,1.0,-0.2,0.0,0.0,0.0,0.0,0.88,-1.69,0
0.0,0.0,1.0,0.0,0.0,0.99,37.53,1.0,0.0,-0.99,1.44,0.0,-0.98,0.0,2.98,0.0,8.9,0.01,2.32,1.0,0.26,0.01,1.0,0.0,0.0,0.0,0.0,0.0,1.99,1.98,1
1.0,0.0,1.0,2.0,0.0,0.0,0.0,1.0,0.0,0.0,0.0,0.0,4.0,75.0,1.53,0.0,-2.21,1.0,-2.2,-2.95,-0.22,-0.47,1.0,0.0,0.0,0.0,0.26,0.0,1.0,0.0,0
0.0,0.0,1.0,0.0,-1.83,0.0,-22.94,0.08,-0.92,-0.92,-0.42,0.0,-2.67,38.53,-0.83,0.0,-6.34,0.08,22.23,23.94,-2.01,1.0,1.0,-0.37,0.0,0.0,0.0,0.0,1.0,-0.92,0
0.0,0.0,1.0,1.0,0.0,0.0,0.0,1.0,0.0,0.0,0.0,0.0,26.46,100.0,1.29,0.71,0.0,0.29,25.65,26.0,0.65,1.0,1.0,0.0,0.0,0.0,0.0,0.0,1.0,0.0,0
0.0,0.0,1.0,-0.66,-1.31,1.31,41.69,0.34,0.0,3.66,0.47,0.66,13.28,67.88,1.34,0.0,17.25,1.34,5.07,1.66,5.21,1.0,1.0,0.81,0.0,9.19,0.66,0.0,3.0,2.34,1
2.25,0.0,1.63,1.25,2.25,0.0,55.8,1.63,1.0,1.88,1.74,1.25,-18.3,41.34,5.25,-0.63,12.51,1.63,6.0,1.63,5.57,2.0,1.0,0.56,0.0,0.0,0.0,0.0,2.88,3.88,0
0.0,0.0,1.0,-0.94,0.0,1.94,11.01,1.0,0.94,-2.76,0.34,0.94,1.3,-39.46,5.82,3.0,10.94,2.0,6.95,1.0,5.67,2.88,1.0,0.66,0.0,7.76,1.61,0.0,0.18,1.06,0
0.0,0.0,1.84,-0.84,0.0,1.0,62.0,1.0,0.0,4.0,0.58,0.0,14.84,155.03,3.68,19.0,19.0,4.84,31.42,21.85,4.13,1.84,1.84,0.88,0.0,0.0,0.0,0.0,3.0,3.0,0
0.0,0.0,1.0,0.0,0.0,0.0,39.18,1.0,0.0,0.0,0.68,0.0,34.32,0.0,0.18,1.0,3.46,2.09,1.99,0.0,1.87,1.0,1.0,0.0,0.0,0.0,-0.91,0.0,3.91,3.91,0
0.08,0.0,1.0,1.08,-0.92,0.0,14.73,-0.84,0.0,-3.68,0.07,0.0,4.92,38.17,1.16,0.0,5.52,1.0,1.58,0.92,1.8,1.0,1.92,0.38,0.0,0.0,1.0,0.0,2.84,0.0,0
2.0,1.0,0.03,0.0,8.0,-0.97,-7.71,1.0,0.0,-2.9,0.18,0.0,3.06,-26.14,5.97,0.0,13.03,1.97,3.92,0.03,6.57,2.0,1.0,0.1,0.0,144.0,1.0,0.0,1.97,-0.97,1
0.0,0.0,1.0,0.0,0.0,1.0,1.63,1.0,1.0,0.0,-0.55,1.0,6.16,29.99,4.0,0.0,-0.73,1.0,3.27,2.0,3.65,0.63,1.0,1.13,0.0,4.0,1.0,0.0,2.58,0.79,0
35.11,11.78,2.69,4.16,41.81,8.61,1238.58,3.77,0.0,4.85,-0.39,1.0,129.03,0.0,3.08,-0.69,175.02,3.08,6.75,1.0,11.19,1.69,0.31,1.3,0.0,8338.45,0.37,1.0,3.0,7.62,1
0.0,0.0,1.0,0.0,0.0,0.0,62.66,1.0,0.0,2.63,2.02,0.0,11.14,43.82,3.0,0.0,9.88,2.88,27.69,1.88,2.75,1.0,1.0,0.0,0.0,0.0,0.0,0.0,3.0,1.0,0
8.0,0.0,1.0,6.0,9.0,-1.0,-41.9,1.0,0.0,0.0,-0.92,5.0,-5.99,45.1,2.0,-1.0,-5.99,0.0,2.04,3.0,3.08,3.0,1.0,1.33,0.0,2.0,1.0,0.0,-1.99,-1.0,0
7.73,0.0,1.0,0.0,15.6,0.0,173.76,13.0,13.0,15.0,-1.56,1.58,206.42,93.0,1.58,-40.76,67.62,2.58,-5.3,-12.13,10.35,1.73,1.0,0.63,0.0,98.13,1.1,0.0,2.16,4.47,1
1.0,0.0,1.0,0.96,2.96,-0.93,-4.17,2.0,-0.96,-1.93,0.07,9.64,-0.64,-67.49,0.07,0.0,5.47,1.0,-0.31,0.96,15.4,20.32,250.7,2.29,2.89,20.43,0.9,0.0,1.96,1.0,0
0.0,9.08,1.0,0.0,0.0,0.0,-7.34,1.0,0.0,-5.5,-0.4,0.0,8.17,-83.48,0.0,2.0,2.25,0.0,0.67,0.0,0.23,0.0,1.92,0.15,0.0,0.0,0.0,0.0,2.0,0.0,0
1.59,1.0,1.79,1.59,1.59,0.0,1.59,1.79,0.0,2.38,-1.21,1.59,2.59,52.35,-0.79,14.0,-1.17,0.0,1.83,1.03,2.59,0.21,1.0,0.71,0.0,0.0,0.0,0.0,2.59,2.38,0
-1.02,-1.07,1.51,-11.2,-0.51,4.0,78.71,-9.18,0.0,2.0,1.84,0.51,-7.76,-24.83,0.49,-4.57,-12.22,1.49,6.16,7.1,3.45,3.54,2.02,1.33,1.02,-39.78,0.49,0.0,1.0,0.51,0
2.0,1.0,1.0,0.0,8.0,0.0,-12.96,1.0,0.0,-1.55,-0.41,0.0,20.52,-25.86,4.48,0.52,13.48,-0.03,-10.19,0.48,4.91,2.0,1.0,0.47,0.0,144.0,1.0,0.0,1.0,0.0,1
0.72,0.0,1.72,0.0,0.0,0.0,7.24,1.0,0.0,-0.44,0.34,0.0,4.4,-35.51,3.44,0.0,3.4,-0.44,6.97,4.16,1.78,1.72,1.0,0.46,0.0,0.0,1.0,0.0,-0.44,-2.16,0
0.0,0.0,1.0,0.0,0.0,0.0,27.05,1.0,0.0,2.99,1.11,1.0,4.98,24.84,1.01,0.0,0.06,1.0,3.52,5.01,1.53,1.03,1.0,0.22,0.0,0.0,0.0,0.0,2.99,-0.99,0
-0.8,0.0,0.2,0.0,0.0,0.0,25.19,1.0,0.0,0.0,3.91,0.0,0.6,0.0,1.4,0.0,2.4,1.0,1.74,1.6,0.14,0.4,1.0,-0.8,0.0,0.0,0.0,0.0,2.0,0.0,0
2.94,4.0,0.02,1.0,28.45,-1.96,-12.59,1.0,6.0,0.08,-0.47,0.98,-0.82,-3.59,2.02,2.0,4.12,1.0,13.37,5.98,9.62,4.96,1.0,0.81,0.0,78.65,1.49,0.0,1.0,3.94,0
0.0,0.0,1.0,0.0,0.71,-2.83,-0.85,-1.12,0.0,1.0,-0.13,0.0,8.0,12.0,2.71,0.0,15.49,0.29,5.75,2.0,2.25,1.71,1.0,0.25,0.0,22.65,1.64,0.0,-0.42,-0.71,0
0.0,19.57,1.0,8.01,1.78,0.0,10.67,9.01,0.0,9.78,0.08,0.0,-9.67,83.61,4.78,7.12,10.01,1.89,6.6,4.0,2.06,1.11,0.11,0.14,0.0,6.0,1.0,0.0,1.0,0.0,0
0.0,0.0,1.0,0.0,0.0,0.0,-22.12,1.0,0.0,-1.7,-1.04,0.0,6.1,-49.34,4.4,0.0,5.95,1.0,4.47,2.55,5.75,2.7,1.0,0.48,0.0,91.87,0.85,0.0,0.15,0.0,0
2.46,4.91,1.0,1.64,3.35,0.0,22.12,10.01,0.0,13.11,0.08,0.0,34.11,65.53,1.82,6.55,2.46,1.82,2.24,0.0,2.06,0.0,1.0,0.61,0.0,0.0,0.0,0.0,1.18,0.18,0
6.17,0.0,0.0,6.63,6.95,0.0,-27.01,1.0,0.0,-1.54,-1.08,3.09,-1.54,67.14,-1.54,0.0,-7.72,0.0,-1.63,-3.09,-2.53,-3.09,0.0,1.03,0.0,0.0,0.0,0.0,0.23,0.0,0
0.0,22.0,1.0,9.94,2.0,0.0,48.64,10.94,0.0,19.46,-7.53,0.0,75.8,187.96,2.94,7.12,17.46,1.94,16.52,-0.94,2.86,0.94,-0.94,0.2,0.0,0.0,0.94,0.0,2.88,2.82,1
-0.5,0.5,0.5,-1.01,-1.01,0.0,30.49,1.0,0.0,1.0,0.74,-1.01,9.02,71.0,2.5,0.0,7.53,1.5,2.52,0.5,2.71,1.0,1.0,0.36,0.0,6.05,0.5,0.0,1.49,0.49,0
0.0,0.0,-0.52,0.0,0.0,1.52,73.5,1.0,0.0,3.04,8.83,-0.76,6.32,52.42,-0.76,2.0,4.56,0.0,0.2,-2.04,-2.95,-0.76,1.0,-0.1,0.0,0.0,0.0,0.0,1.76,2.28,0
44.66,17.0,2.0,11.0,79.98,0.0,190.52,5.0,0.0,7.0,0.23,0.89,59.34,100.0,-0.55,0.0,34.78,3.0,4.44,-0.89,5.93,1.89,0.0,0.94,0.0,30.84,0.15,0.0,2.89,16.44,1
-0.67,-0.67,1.67,0.0,0.0,-2.69,-89.05,1.0,0.0,-3.71,0.12,0.0,-8.47,59.57,4.34,0.0,10.05,0.33,0.4,1.67,4.33,1.67,1.0,1.61,0.0,0.0,-0.67,0.0,3.0,1.33,0
0.0,6.14,1.0,1.0,1.0,0.0,0.0,1.0,0.0,0.0,0.0,11.0,4.91,0.0,0.39,1.23,4.84,0.39,2.94,2.39,19.39,19.39,260.0,3.09,3.0,2.0,1.0,0.0,2.61,0.0,0
0.0,0.0,0.36,0.0,0.0,0.36,8.37,1.0,0.0,-1.29,0.94,0.0,0.78,-37.36,3.64,0.0,2.56,1.0,7.44,7.44,1.89,1.64,1.0,-0.97,0.0,0.0,0.64,0.0,1.71,0.71,0
0.0,0.0,1.0,0.0,0.0,0.0,-1.7,1.0,0.0,0.0,-6.67,0.0,17.4,0.0,6.8,-1.8,11.5,1.9,5.44,2.1,6.84,2.0,1.0,0.79,0.0,108.0,1.9,0.0,1.0,0.0,0
0.0,0.0,2.41,0.0,0.7,2.0,144.68,0.0,0.0,-2.11,1.02,4.0,-1.41,0.0,-1.41,0.0,2.11,0.0,7.04,5.23,4.69,2.41,2.41,2.35,1.41,2.0,1.0,0.0,0.3,1.7,0
0.0,0.0,1.0,0.0,0.0,0.0,44.52,1.0,0.0,0.0,4.32,0.0,-6.52,0.0,-0.87,57.31,3.35,0.23,19.1,21.49,-2.89,0.45,1.0,-0.61,0.0,-105.33,-0.62,0.0,1.23,-0.77,0
3.77,11.37,1.77,20.42,2.54,-3.84,-145.72,28.89,0.0,9.09,-1.09,0.0,38.54,99.19,2.77,14.91,29.87,2.0,1.3,0.0,2.96,0.77,1.0,0.95,0.0,72.16,0.0,0.0,-0.54,-2.3,0
2.0,8.0,2.0,24.56,2.56,0.0,0.44,23.0,0.0,0.0,-0.05,6.13,29.89,100.0,0.89,9.0,39.56,2.0,4.34,1.67,13.46,11.59,145.3,2.04,1.67,90.1,1.0,0.0,1.56,0.0,0
0.0,3.0,1.0,1.0,0.0,4.0,84.59,2.0,0.0,3.06,2.09,0.53,8.0,26.0,2.06,0.0,5.25,2.0,5.31,3.66,4.39,3.12,1.0,0.5,0.0,8.0,1.0,0.0,1.53,0.0,0
0.0,0.0,2.0,0.0,0.0,2.0,19.88,1.0,-0.94,2.11,-0.06,0.94,8.06,10.43,3.89,-12.28,12.0,1.0,-1.43,2.89,2.73,2.89,1.0,0.76,0.0,3.78,0.94,0.0,0.17,0.17,0
1.0,0.0,1.99,0.99,2.0,1.0,-10.82,6.97,-0.99,2.98,-1.16,0.0,10.99,65.6,0.01,1.99,9.05,1.99,-0.24,0.0,3.06,1.01,1.0,0.92,0.0,32.0,1.9,0.0,1.0,-0.99,0
0.0,0.0,1.0,0.0,0.0,0.93,84.76,1.0,0.0,5.73,1.77,0.0,17.18,124.15,1.93,17.7,15.84,3.79,8.82,-0.93,3.13,0.0,1.0,1.04,0.0,0.0,0.0,0.0,3.86,2.79,0
5.21,-8.69,1.0,1.0,0.0,0.0,136.39,11.42,11.29,13.03,0.07,0.87,172.14,180.79,2.87,0.0,50.39,2.74,30.1,26.0,5.81,1.0,1.0,0.08,0.0,52.12,0.71,0.0,0.13,0.87,1
-0.59,0.0,1.0,-1.19,0.0,0.0,45.97,1.0,0.0,3.0,0.69,0.0,25.46,15.4,1.41,0.0,18.54,2.0,5.13,1.0,4.2,0.41,1.0,0.42,0.0,0.0,-0.59,0.0,3.59,3.0,0
142.0,19.0,1.26,8.0,44.0,-1.48,347.54,7.0,3.0,14.26,-0.25,0.74,492.84,49.09,3.74,0.0,48.52,2.0,8.44,2.95,7.65,3.21,0.0,0.24,0.0,261.0,0.39,0.0,1.26,8.79,1
0.0,0.0,1.0,0.0,0.0,1.75,67.94,1.0,2.0,2.75,1.59,0.0,7.74,93.44,0.5,13.75,9.99,1.75,14.01,0.75,4.73,1.0,1.0,0.11,0.0,0.0,0.0,0.0,6.25,3.75,0
0.0,0.0,2.0,0.0,0.0,1.0,38.13,1.0,0.0,2.0,0.39,0.0,9.93,58.0,0.64,0.79,9.07,0.21,1.2,-2.15,2.19,-0.57,1.0,1.5,0.0,0.0,0.0,0.0,2.21,2.0,0
0.0,0.0,1.0,0.0,0.0,0.6,22.07,1.0,0.0,-0.6,0.82,0.0,2.79,0.0,1.0,0.0,4.18,1.0,0.3,-0.6,0.85,-0.19,1.0,0.0,0.0,-1.19,-0.6,0.0,2.19,1.19,0
0.0,0.0,1.0,0.0,0.0,0.0,59.99,1.0,0.0,0.0,4.22,0.0,7.3,0.0,2.7,1.0,8.7,3.0,1.9,0.0,0.57,0.3,1.0,0.0,0.0,0.0,0.0,0.0,3.0,3.0,0
1.0,0.0,1.0,0.0,0.0,0.0,34.29,1.0,0.0,4.59,0.53,0.0,7.19,97.85,3.8,0.0,15.77,1.0,7.78,3.0,3.27,1.2,1.0,0.33,0.0,0.0,0.0,0.0,1.8,2.39,0
0.0,0.0,1.0,0.0,4.0,0.4,29.42,1.0,0.0,0.0,2.2,3.0,-1.79,0.0,0.4,0.0,5.22,1.0,7.01,6.4,8.61,1.4,1.0,1.86,0.0,200.0,1.0,0.0,0.8,2.8,0
-0.07,0.0,2.07,-0.07,-0.07,0.0,11.46,2.46,0.0,5.39,0.48,-0.54,7.93,64.63,4.54,0.0,8.68,2.0,4.38,2.14,3.1,1.54,0.0,0.33,0.0,0.0,0.0,0.0,-0.07,1.39,0
-5.9,0.0,1.0,-0.61,-1.07,0.0,-3.76,0.46,-0.54,-3.76,-0.01,0.0,-28.51,54.93,0.93,0.0,-10.73,0.46,23.85,26.0,-1.43,1.0,1.0,-0.3,0.0,0.0,0.0,0.0,-0.61,-1.07,0
9.0,0.0,1.0,0.0,11.0,0.0,-28.82,1.0,0.0,-0.82,-1.25,0.0,-1.65,-27.17,1.82,0.0,-5.76,1.0,6.85,8.23,-0.47,-0.65,1.0,0.0,0.0,0.0,0.82,0.0,1.0,2.18,1
0.0,0.0,1.0,0.0,2.14,0.53,27.25,1.0,0.0,3.0,0.5,2.6,1.47,0.0,3.0,0.0,14.81,1.0,11.01,8.21,10.45,4.53,1.0,0.99,0.0,106.96,0.53,0.0,2.53,2.14,0
-0.77,2.31,1.0,0.77,1.54,0.0,7.49,0.23,4.61,0.77,0.16,0.0,36.0,-1.54,1.54,1.54,-0.77,-0.77,8.41,3.84,1.32,1.54,1.0,0.94,0.0,1.54,0.0,0.0,2.0,1.77,0
0.0,0.94,1.0,1.0,0.0,0.0,7.01,1.0,0.0,9.63,0.43,0.0,4.24,162.46,0.06,-0.94,-1.7,-0.88,1.34,2.0,0.77,1.0,0.06,0.3,0.0,0.0,0.0,0.0,2.12,-1.82,0
86.45,11.82,1.62,4.98,10.57,2.0,342.84,3.73,1.87,9.33,0.5,3.38,309.73,62.19,1.24,0.0,25.5,0.62,5.18,-0.24,2.46,-0.24,0.38,1.05,0.0,123.28,0.93,0.0,0.38,4.11,1
97.16,13.0,2.68,5.47,30.11,2.0,312.01,5.11,2.05,13.58,0.78,0.0,347.01,120.32,3.37,0.0,45.53,1.68,7.75,1.0,4.95,1.0,0.32,1.39,0.0,178.58,0.27,0.0,3.68,10.53,1
-128.83,-16.5,0.08,-7.37,-38.67,5.92,-107.33,-3.6,-2.76,-4.81,1.69,0.0,-421.27,-17.08,0.08,0.0,-25.47,1.08,2.04,0.0,0.87,0.92,1.92,-0.35,0.0,-210.86,1.47,0.0,2.08,-6.21,0
1.0,-1.89,1.0,28.37,0.0,-1.52,-10.59,0.37,0.0,-1.26,2.4,0.0,-3.41,83.61,1.63,0.0,0.0,0.37,-1.34,-0.63,-0.26,0.37,1.0,-0.32,0.0,-3.04,0.37,0.0,4.0,0.0,0
45.54,11.11,2.59,11.0,57.77,5.89,860.36,5.0,0.0,7.0,0.67,0.59,124.21,100.0,3.59,-1.18,122.57,3.59,8.82,0.59,10.34,1.59,0.0,1.3,0.0,4968.67,0.87,0.59,2.59,12.0,1
0.0,1.0,1.0,0.0,0.0,0.98,19.81,1.0,0.0,6.0,0.69,0.0,3.02,120.52,1.98,0.0,6.94,1.98,-1.18,-1.97,3.06,1.0,0.0,0.44,0.0,0.0,-0.98,0.0,3.95,1.97,0
0.0,0.0,1.0,-1.33,-0.66,-1.99,33.7,1.0,-1.33,2.66,0.46,0.0,12.32,61.35,0.01,-1.33,15.66,4.33,1.39,-0.66,2.55,1.0,1.0,0.11,0.0,-49.14,-0.66,0.0,4.33,4.33,0
0.0,0.0,1.0,0.0,0.0,1.13,32.03,0.43,0.0,1.13,1.77,0.57,5.4,39.65,3.0,0.0,15.93,1.0,8.78,7.13,6.22,2.57,1.0,0.24,0.0,7.93,0.0,0.0,2.0,-0.57,0
0.0,0.0,1.0,0.0,0.0,0.0,63.0,1.0,0.0,1.0,2.49,0.0,-25.0,33.0,4.81,-0.9,14.52,1.9,4.59,1.0,4.35,3.1,1.0,0.0,0.0,0.0,0.9,0.0,1.0,1.0,0
142.0,19.0,2.0,8.0,44.0,-0.97,338.12,7.0,3.0,14.03,-0.9,0.0,492.16,59.1,4.95,-0.97,45.13,1.03,12.21,9.74,5.18,1.97,0.0,0.84,0.0,261.0,1.37,0.0,-0.92,10.03,1
5.89,0.0,1.45,25.81,14.49,0.0,35.6,1.45,0.45,3.36,0.71,0.0,4.19,76.11,1.45,0.0,8.6,1.0,4.5,0.91,3.25,0.45,1.0,0.43,0.0,852.19,0.45,0.0,1.55,0.0,0
1.0,2.19,2.0,-0.73,-0.73,0.73,18.22,1.73,-1.46,0.73,0.45,0.0,6.92,-34.3,1.08,-1.46,2.16,1.73,3.72,3.0,1.73,2.0,1.0,0.82,0.0,-48.16,0.0,0.0,1.0,-0.73,0
0.0,0.0,0.0,2.0,0.0,0.0,25.02,1.0,0.74,1.47,0.62,-0.74,0.74,45.63,-1.47,9.57,0.0,0.0,4.23,-1.47,-0.31,-1.47,0.0,0.05,0.0,-2.94,-0.74,0.0,3.21,2.21,0
-0.78,0.0,2.0,0.0,-0.78,2.78,60.59,1.0,-0.78,4.78,0.38,0.0,12.12,101.79,0.44,0.78,10.44,1.78,4.08,1.0,1.86,0.22,1.0,0.82,0.0,0.0,0.0,0.0,5.34,2.22,0
0.0,0.0,1.0,0.0,0.0,0.53,-15.56,1.0,0.53,-1.07,-0.57,0.0,2.53,0.0,3.53,0.0,-1.21,1.0,1.43,-2.14,1.05,-0.07,1.0,0.32,0.0,11.14,1.53,0.0,0.47,0.0,0
-0.96,0.0,1.96,1.0,1.0,-4.8,20.16,1.0,0.0,1.92,0.55,10.04,1.92,55.68,2.92,0.0,-1.8,0.04,3.56,3.96,14.56,20.0,260.0,1.88,3.0,-213.98,0.04,0.0,3.92,1.92,0
0.0,0.0,1.0,0.0,0.0,0.0,24.32,1.0,0.0,2.8,1.11,0.0,8.5,77.24,-0.8,0.0,-2.6,1.0,-3.0,-4.5,-0.3,-1.7,1.0,0.2,0.0,0.0,-0.9,0.0,1.9,0.0,0
0.0,0.0,1.0,0.0,0.0,1.0,46.0,0.47,-0.53,4.53,0.28,0.0,15.07,71.0,0.93,19.0,18.47,4.53,9.93,0.53,3.55,2.07,1.0,0.57,0.0,0.0,-0.53,0.0,3.53,2.47,0
4.3,0.0,2.0,1.0,1.0,0.0,72.31,12.6,7.15,10.7,-0.26,0.55,114.46,110.55,1.45,3.1,31.8,2.55,2.7,-0.1,4.18,0.45,1.0,0.7,0.0,33.0,0.9,0.0,1.0,0.55,1
2.05,0.0,1.0,0.0,26.05,0.0,10.67,1.0,-0.95,0.0,-1.2,1.0,-1.9,0.0,0.05,0.0,3.31,1.0,4.35,5.79,8.57,3.95,1.0,0.66,0.0,66.0,1.45,0.0,3.0,4.1,0
6.89,-4.21,1.0,-0.7,10.3,0.0,32.31,-6.02,0.0,-4.92,0.2,0.0,11.94,14.05,0.3,-5.62,4.21,0.3,10.3,0.0,1.66,1.7,0.3,-0.49,0.0,0.0,0.7,0.0,2.4,5.11,0
-88.13,-11.79,0.38,-4.97,-27.31,0.0,-208.84,-2.72,-1.86,-7.31,1.19,0.0,-279.5,-4.06,-0.86,0.62,-31.03,-0.24,-3.03,0.0,-1.68,0.0,1.62,-0.3,0.0,-161.99,-0.24,0.0,1.38,-6.83,0
0.0,0.0,1.0,0.0,0.0,0.0,29.75,1.0,0.75,0.75,1.0,0.0,15.03,37.45,0.75,1.5,-8.24,0.0,-0.87,0.75,-0.52,0.75,1.0,0.0,0.0,0.0,0.0,0.0,1.25,1.0,0
0.0,-14.05,1.0,-5.75,-1.28,1.0,52.58,-4.75,0.0,-4.75,1.73,0.0,-5.77,19.01,1.36,-4.75,2.25,2.0,3.52,1.0,2.1,1.0,1.64,0.04,0.0,0.0,0.0,0.0,4.64,1.0,0
3.05,4.11,1.0,1.37,0.68,6.0,43.49,8.53,-0.68,10.95,0.31,1.0,27.96,54.77,1.68,5.48,20.05,2.68,4.28,0.0,9.61,0.32,1.0,2.63,0.0,225.0,1.0,0.0,1.0,0.0,0
0.0,0.0,4.0,0.0,0.0,0.0,8.26,1.0,0.0,0.0,0.25,1.0,-6.16,0.0,1.52,0.0,5.29,1.0,3.95,5.74,3.6,2.0,1.0,0.92,0.0,-75.65,0.0,0.0,2.0,0.0,0
0.0,0.0,1.0,0.0,0.0,1.0,24.59,1.0,0.0,2.78,0.32,0.59,5.22,42.0,3.0,0.0,11.59,1.41,6.2,2.97,5.67,2.78,1.0,0.44,0.0,0.0,0.0,0.0,3.41,1.41,0
0.0,-9.33,1.0,2.8,1.87,4.67,196.42,1.0,0.0,3.87,3.81,1.0,14.13,91.44,3.93,0.0,12.8,1.93,6.5,6.0,6.62,5.93,1.0,-0.04,0.0,3.73,0.93,0.0,2.0,4.67,0
1.0,-9.69,1.0,0.0,0.0,6.0,25.0,1.0,0.0,0.97,0.24,1.0,0.13,0.0,1.97,-1.94,14.13,3.94,3.01,0.97,12.39,2.94,1.0,2.52,0.0,225.0,1.0,0.0,1.0,0.0,0
3.0,0.0,1.0,0.0,27.0,0.0,41.0,1.0,0.0,0.0,0.17,1.0,0.0,0.0,1.0,0.0,9.0,1.0,4.11,2.0,8.33,3.0,1.0,0.66,0.0,66.0,0.5,0.0,3.0,6.0,1
0.0,0.0,1.0,-2.85,-1.9,-3.76,-89.22,1.0,0.0,-0.9,6.63,0.0,-13.93,-51.22,1.05,1.0,0.39,1.05,5.47,1.95,1.0,0.05,1.0,-0.11,0.0,-3.81,-0.95,0.0,3.05,-3.76,0
0.0,0.0,1.0,0.0,14.0,-1.13,4.51,1.0,-0.56,-0.56,0.28,-0.56,19.87,-32.67,0.44,0.0,-5.07,1.0,-0.08,0.0,-2.77,0.0,1.0,-0.56,0.0,-7.89,0.0,0.0,2.0,1.0,0
0.0,0.0,1.5,1.0,0.0,0.5,79.02,2.0,0.0,10.0,-3.47,0.0,56.51,129.1,2.51,-1.0,15.52,1.5,16.63,0.0,3.58,1.5,0.0,0.81,0.0,0.0,1.0,0.0,4.0,4.0,1
110.8,14.93,1.0,6.29,34.57,1.0,335.31,5.71,2.36,12.79,0.97,0.0,394.18,111.58,2.21,3.0,43.0,2.79,6.19,-1.36,4.35,0.21,0.21,0.25,0.0,209.09,0.98,0.0,3.79,10.64,1
5.08,0.0,1.0,0.0,0.0,0.0,131.99,11.15,11.0,11.0,0.03,0.85,172.75,57.53,2.15,-1.69,54.76,1.85,6.58,3.31,5.78,2.15,1.0,0.21,0.0,40.61,0.84,0.0,1.0,0.85,1
0.0,0.0,1.0,0.0,0.0,0.0,-21.06,1.0,0.0,2.0,-1.18,0.0,3.39,25.0,0.77,4.0,-1.9,1.0,0.07,-1.68,0.72,0.39,1.0,0.0,0.0,12.0,1.0,0.0,0.39,0.0,0
0.0,0.0,1.0,0.0,0.0,0.82,-16.42,1.0,0.82,0.82,-0.62,0.82,4.46,22.99,1.0,0.0,6.1,0.18,2.74,2.64,4.35,1.0,1.0,0.46,0.0,11.49,0.82,0.0,-1.46,-1.64,0
3.0,6.0,1.0,2.0,1.0,0.0,27.0,12.0,0.0,14.41,0.36,0.0,36.2,27.49,2.0,8.8,-0.98,2.0,2.85,0.0,1.39,0.0,1.0,0.46,0.0,0.0,0.0,0.0,1.0,0.0,0
0.64,2.58,1.0,0.64,1.29,0.64,-7.47,1.64,0.0,4.93,-0.22,1.0,2.0,14.18,3.0,-1.93,4.84,1.0,6.54,5.0,6.01,4.64,1.0,0.3,0.0,37.39,0.21,0.0,0.71,-1.29,0
2.0,1.0,1.0,3.17,8.0,1.27,61.17,1.0,-0.63,0.0,1.32,0.0,23.37,63.34,4.37,0.63,18.43,0.37,6.95,1.0,4.71,1.37,1.0,-0.04,0.0,144.0,1.63,0.0,1.63,0.63,1
0.0,3.0,1.0,1.0,0.0,4.0,66.0,2.0,0.0,2.0,1.35,0.0,8.0,26.0,1.0,0.0,1.0,2.0,2.12,1.0,2.0,1.0,1.0,0.5,0.0,8.0,1.0,0.0,1.0,0.0,0
2.22,0.0,1.0,0.0,20.01,1.0,50.41,1.0,0.0,1.0,-4.49,0.74,5.26,33.0,3.74,1.52,15.93,2.74,7.14,1.74,7.77,2.48,1.0,0.86,0.0,52.91,1.04,0.0,4.48,6.45,1
0.0,0.0,1.0,0.0,0.0,0.0,-12.47,1.0,0.0,0.0,-0.05,0.0,-0.84,0.0,2.45,-0.55,4.16,-0.1,4.65,4.55,1.99,2.0,1.0,0.0,0.0,0.0,0.0,0.0,0.9,-1.64,0
0.52,0.0,1.52,0.0,0.0,1.48,25.08,1.0,0.48,2.0,0.22,0.48,10.52,70.0,3.0,0.0,18.08,1.0,5.14,2.52,6.8,0.48,1.0,1.21,0.0,11.92,0.48,0.0,1.0,0.0,0
1.0,0.0,1.23,1.0,1.0,-1.55,-3.97,6.0,0.0,2.23,0.01,0.0,5.77,59.03,2.0,2.0,1.0,2.77,2.04,1.0,2.61,1.0,1.0,0.25,0.0,0.0,1.0,0.0,1.0,0.0,0
0.0,0.0,2.27,-3.16,0.63,-1.27,-2.64,1.0,0.0,0.0,0.35,0.63,-11.61,-63.25,2.63,0.37,11.8,3.63,7.19,7.59,4.99,4.8,2.27,1.27,1.27,0.0,-0.63,0.0,2.37,3.0,0
-0.77,0.0,1.0,29.0,-15.96,1.0,-9.65,1.0,0.0,0.0,0.32,-0.59,8.1,100.0,3.37,0.0,-1.18,1.0,1.17,0.59,0.95,0.41,1.0,0.08,0.0,43.39,1.18,0.0,3.41,-2.96,0
-3.94,0.0,1.0,-3.37,-4.5,1.0,56.0,1.0,2.56,2.0,1.82,-2.81,5.69,13.06,3.69,13.0,9.62,1.0,10.67,-0.56,4.55,1.56,1.0,-0.08,0.0,0.0,0.0,0.0,4.0,4.12,0
0.0,0.0,1.0,0.91,0.0,0.0,35.46,1.0,0.0,3.63,1.0,0.0,8.35,69.82,3.0,0.0,3.81,1.0,4.09,0.91,1.61,1.0,1.0,0.27,0.0,9.0,1.0,0.0,3.72,0.91,0
0.0,0.0,1.0,-0.92,0.0,0.0,-59.55,0.08,0.0,-5.5,-0.08,0.92,-45.64,-91.62,2.83,0.0,0.92,1.0,-7.25,4.58,4.79,3.75,1.92,-0.05,0.0,0.0,-0.92,0.0,0.08,-2.75,0
11.0,2.87,1.0,3.96,3.91,-2.87,-190.92,2.96,1.0,2.22,-1.16,0.0,34.01,64.88,4.91,0.0,18.09,2.0,2.27,0.96,6.21,2.91,1.0,1.26,0.0,59.28,0.0,0.0,2.09,-0.87,1
0.0,1.0,2.26,-1.26,1.26,0.0,23.27,1.0,0.0,15.09,0.47,0.0,3.52,61.63,0.63,14.0,3.89,1.26,5.84,5.0,2.05,1.63,1.0,0.31,0.0,12.58,0.63,0.0,1.0,0.0,0
0.0,0.0,1.0,0.0,0.0,2.84,-7.07,1.0,1.92,0.0,-0.98,1.0,10.38,64.56,4.0,0.0,9.53,1.0,3.52,-1.69,6.79,-0.69,1.0,1.52,0.0,16.91,1.92,0.0,0.08,0.0,0
2.57,1.0,1.0,16.5,8.0,0.57,-6.4,1.0,0.0,-1.71,-0.22,0.0,1.02,28.45,5.0,0.0,13.43,0.43,-11.68,0.43,4.88,2.0,1.0,0.47,0.0,145.14,1.57,0.0,2.71,0.0,1
11.0,0.0,1.0,3.0,2.0,0.0,-10.95,2.0,1.0,7.0,1.15,0.0,53.34,84.0,1.01,49.2,14.68,0.67,17.56,14.63,4.07,0.34,1.0,0.56,0.0,0.0,0.0,0.0,2.67,1.34,0
0.0,0.0,1.0,1.0,2.0,0.0,25.0,2.0,-0.39,-0.39,0.78,0.0,5.0,15.0,4.69,-9.02,11.47,2.0,-2.86,1.69,3.25,1.0,1.0,-0.06,0.0,0.0,0.0,0.0,0.31,0.31,0
5.29,-0.71,2.0,0.0,3.0,6.44,1061.14,1.0,0.0,-4.98,0.87,1.71,82.8,-53.35,2.42,0.0,161.27,0.29,6.12,5.27,9.8,4.56,1.0,0.5,0.0,8274.0,0.07,1.0,2.29,-2.13,0
0.0,0.0,1.0,-0.56,0.0,0.0,-8.66,0.44,0.0,-5.03,3.9,0.0,-28.03,-55.84,1.12,74.0,0.44,0.0,17.72,26.35,0.89,0.56,1.56,-0.03,0.0,0.0,-0.56,0.0,0.44,-1.68,0
4.67,0.0,1.61,0.0,3.83,7.12,750.07,2.0,-0.61,0.0,0.82,0.61,70.16,0.0,2.0,0.0,114.02,1.0,4.97,0.61,7.37,2.0,1.0,0.22,0.0,5092.24,1.38,0.61,2.22,1.0,0
1.0,0.0,1.0,1.0,1.0,-0.78,10.55,3.0,0.0,3.87,0.96,0.0,4.3,44.37,4.0,-14.1,-2.62,1.22,-3.24,0.0,1.0,1.0,0.0,-0.69,0.0,0.0,0.0,0.0,1.0,3.0,0
-138.44,-18.52,0.03,-7.8,-42.9,1.95,-214.79,-5.82,-2.92,-11.62,1.3,3.9,-477.53,-47.5,-1.92,0.0,-47.75,0.05,26.32,1.97,0.67,1.0,1.97,0.1,0.0,-252.51,0.59,0.0,0.03,-9.75,0
-0.73,0.0,1.0,1.0,-0.73,-2.19,123.36,-1.65,0.0,9.0,-0.18,2.92,47.43,100.0,0.27,0.0,4.62,-0.46,17.34,0.73,2.81,1.0,0.0,0.74,0.0,1.46,1.73,0.0,1.54,2.27,0
0.0,0.0,1.0,0.0,0.0,0.0,5.71,1.0,0.95,0.0,0.48,0.0,-2.81,47.59,4.9,1.9,3.05,0.05,6.27,5.0,1.57,2.05,1.0,0.0,0.0,0.0,1.0,0.0,0.05,0.0,0
2.14,0.0,2.0,0.43,15.77,0.0,10.95,4.86,0.0,-0.98,-0.18,0.57,-0.11,9.19,0.3,2.0,2.7,1.43,3.42,2.14,5.59,2.14,1.57,0.93,0.0,37.5,1.28,0.0,2.14,1.7,0
0.0,0.0,1.0,-0.94,-1.88,0.0,5.64,0.06,-0.94,-0.94,6.85,0.0,-1.76,-54.54,-2.76,1.88,-4.58,-0.88,-0.75,1.0,-2.09,1.0,1.0,-0.38,0.0,0.0,0.0,0.0,1.0,-0.94,0
0.1,0.0,2.0,2.0,-15.14,0.0,31.02,2.63,0.63,3.0,0.72,1.37,6.54,66.0,3.27,0.0,-0.44,1.0,-0.29,-0.27,2.11,-0.9,1.0,0.84,0.0,-41.9,0.32,0.0,2.73,-0.17,0
0.0,0.0,-0.9,0.0,0.0,0.0,42.37,1.0,0.0,1.26,1.68,-0.63,9.53,36.65,0.74,0.0,-0.69,1.0,-2.66,-3.16,-3.51,-1.26,1.0,-0.81,0.0,0.0,1.0,0.0,1.0,0.0,0
0.0,2.14,1.0,0.53,1.07,0.0,-1.6,1.0,3.21,2.14,-0.26,0.0,3.67,34.24,3.0,1.07,3.07,1.0,8.48,4.53,3.16,2.53,1.0,0.8,0.0,13.49,1.53,0.0,0.47,0.53,0
-2.12,-4.25,1.0,-1.42,-0.71,0.0,-10.4,-6.78,0.0,-8.32,0.29,1.0,-22.76,-56.6,3.71,-5.66,9.29,0.29,7.33,6.0,4.87,4.71,1.0,-0.53,0.0,6.37,0.71,0.0,2.0,0.0,0
0.0,0.0,1.0,0.0,0.0,-0.7,21.62,2.0,1.0,-0.7,5.34,0.0,-0.19,-29.33,0.9,1.4,-4.98,-0.4,-1.1,0.7,1.1,0.0,1.0,0.26,0.0,0.0,1.0,0.0,-1.1,-0.4,0
2.0,8.0,2.0,24.0,2.0,-1.67,-18.24,23.0,-0.84,-1.67,-0.13,-0.84,24.31,41.46,0.33,9.0,27.29,2.0,0.38,-0.84,-2.54,1.0,1.0,-0.47,0.0,82.29,0.16,0.0,1.0,0.0,0
2.95,6.9,1.0,1.97,0.98,0.0,33.57,11.82,0.0,21.74,0.53,0.0,28.59,169.69,-1.95,7.87,-0.93,1.98,-2.54,-2.95,-4.51,-0.97,0.0,-0.04,0.0,-133.77,-0.79,0.0,0.02,-0.98,0
3.72,1.0,1.0,-4.54,24.52,-1.82,-14.04,2.0,0.0,3.0,-1.03,0.91,-20.15,-24.82,1.91,-0.91,12.82,2.91,2.68,1.82,10.45,3.72,1.0,0.87,0.0,71.94,0.55,0.0,1.91,4.54,1
0.0,0.0,0.19,0.0,0.0,0.0,9.78,1.0,0.81,1.81,1.23,0.0,0.56,73.68,3.0,1.63,-0.58,1.0,2.79,1.0,2.56,3.19,1.0,-1.05,0.0,0.0,0.0,0.0,1.0,0.19,0
0.0,0.0,1.0,0.0,0.0,0.0,-3.61,1.0,0.0,-1.73,-0.08,-0.58,22.76,0.0,1.27,0.58,-3.77,0.42,-1.54,-2.88,-1.09,-0.73,1.0,0.0,0.0,9.0,1.0,0.0,0.42,0.0,0
2.41,0.0,1.0,0.0,21.69,0.0,38.64,1.0,0.0,0.0,0.27,0.8,7.08,0.0,0.8,0.0,7.23,0.8,3.3,1.61,6.8,2.41,1.0,0.53,0.0,53.01,0.4,0.0,2.8,5.02,0
0.63,0.63,0.0,2.0,0.0,-0.63,-5.05,1.63,0.0,1.26,-0.13,0.0,0.63,15.16,-1.26,0.0,0.0,0.0,-0.34,0.0,-0.14,0.0,0.0,-0.11,0.0,7.58,0.63,0.0,-0.89,-1.26,0
0.0,0.0,1.0,1.7,0.85,2.54,17.81,1.0,1.7,0.85,0.03,0.0,-1.54,61.92,3.54,1.7,3.39,1.0,2.47,0.85,3.64,1.85,1.0,0.64,0.0,62.77,0.0,0.0,1.0,0.85,0
-0.75,0.0,1.0,-1.5,0.0,1.0,61.3,1.0,0.0,0.0,7.28,0.0,1.75,-56.37,0.75,1.5,9.75,0.25,2.69,1.75,2.56,1.0,1.0,0.0,0.0,0.0,-0.75,0.0,3.0,2.0,0
0.0,0.0,1.0,0.0,0.0,0.0,0.0,1.0,0.0,1.0,0.0,0.0,4.0,25.0,1.0,0.0,1.0,1.0,0.75,0.0,1.5,1.0,1.0,0.0,0.0,0.0,0.0,0.0,1.0,0.0,0
1.87,0.93,2.0,0.0,9.46,0.0,26.74,1.0,0.0,24.0,-2.05,0.0,7.73,98.0,5.66,-69.03,15.13,2.93,-15.82,-20.52,6.55,2.87,0.0,0.94,0.0,154.32,1.93,0.0,1.0,0.0,1
0.0,0.0,1.0,0.0,0.0,0.0,-30.12,1.0,0.0,2.86,-1.68,0.0,5.73,46.61,0.27,4.0,-3.05,1.0,-0.79,-3.19,0.52,0.14,1.0,0.0,0.0,12.0,1.0,0.0,0.14,0.0,0
1.0,0.0,1.0,0.71,2.43,5.0,58.72,5.71,0.71,0.71,-3.86,0.0,11.85,41.39,3.85,-1.43,11.0,3.43,2.63,0.0,5.44,1.0,1.0,0.29,0.0,0.0,0.0,0.0,3.0,2.71,0
-6.26,0.0,1.0,-5.45,-8.17,0.0,0.91,1.0,0.0,3.0,0.01,-4.54,14.9,-28.99,6.63,0.0,13.36,1.0,7.08,3.91,9.22,2.91,1.0,-0.5,0.0,123.48,0.73,0.0,1.91,0.91,0
0.0,2.46,-0.23,0.61,0.61,0.0,31.34,1.0,3.68,5.46,0.11,-0.61,14.91,99.28,3.23,1.23,10.16,2.0,4.44,-3.3,1.98,-0.84,-0.23,0.11,-1.23,8.59,0.61,0.0,3.0,3.0,0
6.0,0.0,2.0,0.0,3.0,10.0,1192.68,1.0,-0.86,0.86,0.59,1.0,103.73,-21.59,0.14,1.73,159.59,1.0,6.44,1.86,7.82,1.0,1.0,0.57,0.0,8284.36,1.64,1.0,3.0,0.0,0
0.0,-0.96,1.0,0.0,0.0,1.96,90.86,1.0,1.92,0.15,1.12,0.0,14.0,43.1,2.96,31.51,19.96,4.0,19.19,0.0,6.17,1.0,1.96,1.52,0.0,0.0,0.0,0.0,5.89,5.89,0
0.0,0.0,1.0,0.72,0.72,3.16,14.09,1.0,2.44,-2.16,0.24,1.0,0.12,-2.88,6.88,1.44,8.33,1.0,5.32,1.28,6.31,3.0,1.0,0.92,0.0,57.35,1.72,0.0,-1.16,0.0,0
0.0,0.0,1.0,-0.68,0.0,0.0,-23.16,0.32,0.0,-1.06,0.59,1.0,-29.16,-33.87,3.0,0.0,4.58,1.68,15.92,5.68,5.31,4.0,1.68,-0.04,0.0,0.0,-0.68,0.0,0.65,-2.03,0
2.64,5.28,1.0,1.76,0.88,0.0,54.77,10.68,0.0,14.09,1.16,0.0,38.69,70.43,2.88,7.04,6.76,1.88,1.81,-0.88,1.51,-0.88,1.0,0.66,0.0,0.0,1.0,0.0,1.0,0.0,0
0.0,6.4,1.0,-0.9,-1.8,0.0,28.77,1.0,-5.39,-3.6,1.12,0.0,7.3,-57.54,0.0,0.2,4.1,0.9,-9.08,-3.6,-2.07,-1.8,1.0,-1.19,0.0,-12.59,-0.9,0.0,3.8,0.0,0
3.77,0.0,2.63,0.0,1.89,6.29,765.34,1.0,0.0,0.0,0.66,0.63,66.01,0.0,1.74,0.0,106.09,0.37,6.14,1.0,8.4,2.0,1.0,1.64,0.0,5204.02,0.49,0.63,1.0,0.37,0
0.0,10.0,1.0,0.0,0.0,0.0,-11.68,1.0,0.0,0.0,-2.92,0.0,10.0,0.0,0.0,46.26,5.0,0.0,14.43,13.53,-0.61,-0.61,1.0,0.15,0.0,0.0,0.0,0.0,2.0,0.0,0
0.06,-0.94,1.0,2.94,0.0,-4.72,-213.38,1.0,0.0,-8.5,-1.46,0.0,-22.44,98.6,3.94,0.0,-3.78,0.06,19.7,24.55,-0.08,1.94,1.0,-0.09,0.0,0.0,0.06,0.0,-0.89,-2.83,0
0.79,0.0,0.21,0.0,0.0,0.0,-28.12,1.0,0.0,2.36,-0.59,0.0,1.21,39.35,3.0,0.0,-2.72,1.0,3.76,1.57,0.52,1.0,1.0,-1.01,0.0,9.0,1.0,0.0,1.0,-0.79,0
0.0,3.0,2.6,1.0,0.8,4.0,86.78,2.0,0.0,2.0,2.12,0.8,6.4,26.0,1.0,0.0,9.79,2.0,10.92,9.79,6.0,5.0,2.6,2.1,1.6,8.0,1.0,0.0,1.0,0.8,0
3.28,4.57,1.0,1.52,0.76,6.0,37.93,9.37,0.0,12.17,-0.09,1.0,29.87,60.87,0.24,6.09,14.2,2.76,0.77,-3.04,9.05,-0.52,1.0,3.23,0.0,225.0,1.0,0.0,0.24,0.0,0
0.0,0.0,1.0,0.0,0.0,1.0,35.49,1.0,0.0,1.0,0.51,0.0,6.25,42.0,1.5,0.0,4.99,2.0,-0.35,-3.0,3.09,0.25,1.0,0.44,0.0,0.0,0.0,0.0,3.25,2.0,0
2.68,0.0,1.0,0.0,20.58,-0.89,9.47,1.0,0.0,0.0,-0.15,-1.79,30.0,0.0,2.0,0.0,10.11,1.0,-0.26,-4.47,1.72,0.89,1.0,-1.08,0.0,-119.88,-0.45,0.0,2.89,1.79,0
-3.7,1.0,1.0,20.66,0.16,0.71,10.97,1.0,0.0,0.0,0.3,0.0,5.71,71.24,5.0,0.0,14.0,1.0,3.64,1.0,4.52,2.0,1.0,0.47,0.0,145.42,1.71,0.0,3.14,-2.14,1
0.0,0.0,1.0,0.0,0.0,0.78,35.55,1.0,1.55,1.22,1.37,0.0,2.89,67.32,1.78,10.1,2.33,0.22,-13.06,-0.78,3.04,0.0,1.0,0.74,0.0,0.0,0.0,0.0,4.33,2.33,0
0.0,0.0,2.0,-0.51,0.97,0.0,24.68,0.49,-0.51,23.49,0.55,0.0,2.46,68.22,0.49,0.0,-0.08,1.49,1.15,-0.51,0.24,1.0,0.0,0.29,0.0,24.62,1.51,0.0,1.0,-0.51,0
0.0,0.97,1.0,0.0,0.0,0.0,7.12,1.0,0.0,3.86,1.03,0.0,0.17,24.15,2.03,0.0,-0.66,0.07,1.29,1.0,0.62,1.0,0.03,-0.35,0.0,0.0,0.0,0.0,1.07,-1.9,0
-0.96,0.0,1.0,-27.85,0.0,-0.96,17.56,1.0,0.0,1.96,0.27,0.0,10.88,-60.02,2.0,0.0,7.96,1.0,5.97,2.0,2.36,1.0,1.0,0.0,0.0,-1.92,0.04,0.0,-1.88,0.0,0
4.51,0.0,1.0,-16.34,6.2,-0.56,22.11,2.0,1.0,0.0,0.33,0.0,3.44,-56.35,3.0,0.0,2.0,1.0,1.27,0.0,3.56,0.0,1.0,0.57,0.0,-1.13,0.44,0.0,-0.69,2.69,0
0.0,3.0,1.0,1.0,0.0,4.0,66.62,2.0,0.0,2.0,1.33,0.0,7.38,62.43,1.62,0.0,-0.85,2.0,0.21,0.38,3.14,1.0,1.0,0.91,0.0,8.0,0.38,0.0,2.24,1.24,0
-0.89,0.0,1.89,-25.73,0.0,0.89,73.69,1.0,0.0,4.55,0.88,0.0,14.1,43.5,3.89,0.0,17.31,1.0,6.09,1.89,5.59,1.0,1.0,1.88,0.0,-1.77,-0.89,0.0,2.11,4.66,1
1.28,0.0,1.64,1.28,1.28,1.0,63.55,1.64,-0.64,2.28,1.11,1.28,7.28,43.28,2.36,1.72,12.57,2.0,4.51,1.0,4.58,1.0,1.0,0.95,0.0,4.0,0.67,0.0,4.93,3.93,0
0.9,1.0,1.9,0.0,0.0,0.0,-11.81,0.1,-0.9,6.0,0.18,0.0,4.0,91.0,1.9,0.0,8.4,1.0,4.35,2.7,1.02,2.8,0.0,0.39,0.0,0.0,-0.9,0.0,1.0,-0.9,0
1.14,4.57,1.57,13.7,1.14,0.0,0.0,13.56,0.0,0.0,-0.01,0.0,11.84,57.07,2.29,5.14,21.26,1.57,9.85,9.29,0.04,1.43,1.0,-0.24,0.0,-7.99,1.0,0.0,1.0,0.0,0
0.0,0.0,1.0,-0.88,0.0,1.0,53.61,1.0,0.0,1.0,3.56,0.0,7.0,-46.43,1.23,65.44,11.88,1.12,0.63,-2.65,2.83,0.12,1.0,0.44,0.0,0.0,0.0,0.0,4.0,2.0,0
0.55,0.0,1.0,0.0,0.0,3.33,14.86,1.0,-0.55,0.0,0.22,0.55,3.11,0.0,3.0,0.0,11.98,1.55,3.75,0.0,5.66,1.0,1.0,1.03,0.0,133.75,1.55,0.0,1.0,0.0,0
1.0,0.0,1.0,-0.72,-0.44,5.0,44.96,4.28,0.0,-0.72,1.01,0.0,6.83,-41.86,-1.17,0.0,0.23,1.28,-0.4,-0.72,1.09,1.0,1.0,0.29,0.0,0.0,0.0,0.0,3.0,1.28,0
-27.02,-10.81,0.32,-7.43,-32.42,0.0,-104.01,-1.7,0.0,-4.73,-0.05,0.0,-35.9,-67.54,1.35,1.0,-9.83,-1.35,1.56,0.68,0.45,0.68,1.68,-0.4,0.0,34.44,0.4,0.0,0.32,-8.1,0
32.5,13.15,1.77,8.51,57.33,0.0,95.17,4.09,0.0,4.64,-0.41,0.0,69.74,22.44,1.0,0.0,22.44,2.55,3.13,-0.77,2.23,0.0,0.23,0.3,0.0,71.95,0.32,0.0,1.23,8.74,1
0.62,2.5,1.0,0.0,1.25,1.25,-11.85,1.62,0.0,0.0,-0.42,0.0,6.75,-13.73,1.25,1.0,2.38,0.62,3.48,-0.62,2.12,0.62,1.0,0.33,0.0,38.68,0.62,0.0,-0.87,-0.62,0
0.34,-2.63,1.0,-0.66,-1.31,-1.31,-5.91,0.34,0.0,0.37,0.14,0.0,2.03,13.89,3.0,0.0,10.94,0.34,6.79,4.97,3.23,2.0,1.0,-0.55,0.0,-40.7,-0.66,0.0,1.66,0.0,0
0.0,0.0,1.0,0.0,0.0,0.0,2.28,1.0,1.0,1.0,-1.63,0.0,2.0,50.0,4.06,0.94,0.53,1.53,1.97,0.47,2.0,1.0,1.0,0.0,0.0,0.0,0.0,0.0,1.0,0.0,0
0.0,0.0,1.0,0.19,-0.81,0.0,38.0,1.0,0.0,4.0,1.0,-8.93,38.84,77.0,0.19,0.81,0.56,0.19,0.31,-0.44,-14.3,-14.42,-209.23,-2.14,-2.44,-1.62,-0.81,0.0,3.19,1.0,0
6.0,0.0,2.0,0.0,3.0,10.0,1187.21,1.0,0.0,-1.96,1.32,1.0,100.04,-64.58,1.0,0.0,149.17,-0.96,3.58,1.0,5.05,0.02,1.0,0.21,0.0,8274.0,1.76,1.0,1.04,-2.94,0
-0.53,3.0,1.0,1.53,-0.53,4.0,48.96,2.0,-0.53,2.0,0.58,0.0,6.94,79.24,-0.06,0.0,-4.32,2.0,13.44,14.31,1.07,0.47,1.0,0.5,0.0,8.0,1.0,0.0,1.0,-1.06,0
0.13,0.0,2.0,-24.26,1.0,-0.87,-8.32,6.0,0.0,3.0,-0.29,0.0,14.58,-21.1,5.48,2.0,7.1,2.0,7.8,3.61,8.48,1.87,1.0,1.25,0.0,116.71,0.83,0.0,-0.74,0.87,1
-6.37,0.0,1.0,-4.78,-3.16,1.0,60.67,1.0,0.0,0.0,1.23,-0.98,5.57,-69.24,1.8,0.0,13.98,1.0,4.84,5.41,8.71,1.2,1.0,0.8,0.0,200.0,1.8,0.0,2.0,4.0,0
3.0,0.0,1.0,1.96,27.98,2.94,65.51,1.0,1.96,0.98,-3.15,1.0,2.94,71.56,3.94,1.96,16.84,1.0,7.25,2.98,11.67,3.98,1.0,1.39,0.0,138.54,1.48,0.0,3.0,6.98,1
0.0,0.0,1.98,0.0,0.0,0.98,55.74,1.0,-0.98,3.91,0.53,-0.98,6.87,67.47,-0.96,0.0,11.76,1.0,0.46,0.02,-0.52,-0.96,1.0,0.75,0.0,-3.91,-0.98,0.0,2.96,2.93,0
0.73,0.0,1.0,0.0,0.0,0.0,-28.33,1.0,1.0,2.18,-0.94,0.0,1.27,36.32,1.0,0.0,-1.45,0.27,2.97,1.45,2.63,1.73,1.0,0.8,0.0,0.0,0.0,0.0,-0.45,-0.73,0
-0.81,-3.24,1.0,-0.81,-1.62,-0.62,28.4,0.19,0.0,-2.24,0.72,0.0,3.76,-2.61,3.0,0.0,11.0,1.19,1.97,-0.81,2.4,0.19,1.0,-0.23,0.0,-42.99,0.0,0.0,4.0,2.0,1
-27.84,-11.27,3.34,-7.29,-37.12,0.0,-66.56,-1.65,0.0,-4.64,0.9,1.0,-39.09,-66.28,2.34,0.66,-7.57,1.0,2.89,5.0,4.2,2.0,1.66,0.8,0.0,-61.64,-0.27,0.0,2.66,-5.97,0
9.87,0.0,1.0,0.0,11.87,0.0,27.87,1.0,0.87,0.0,1.26,0.0,0.87,0.0,3.61,0.0,8.71,1.0,5.07,0.87,3.09,1.87,1.0,0.0,0.0,0.0,0.0,0.0,1.0,4.74,0
0.0,0.0,2.0,0.0,0.0,0.0,36.19,1.0,0.0,0.0,0.85,0.0,-3.96,0.0,1.37,0.0,8.93,1.0,2.7,1.81,1.27,2.0,1.0,0.65,0.0,-83.08,0.0,0.0,1.0,1.0,0
37.15,15.04,1.88,7.08,47.76,-3.42,27.08,4.54,0.0,5.42,-1.07,0.0,47.57,34.77,4.77,1.23,32.11,3.77,9.99,1.0,6.45,1.0,0.12,1.21,0.0,82.72,0.15,0.0,3.0,8.19,1
1.0,0.0,1.0,1.83,2.65,0.0,19.55,3.83,0.83,7.83,-6.06,0.0,12.31,147.99,7.31,-1.65,12.62,3.65,4.04,0.0,5.85,1.83,0.0,0.33,0.0,0.0,0.0,0.0,1.0,3.83,1
0.0,0.0,1.0,0.0,2.2,0.55,43.75,1.0,0.0,2.0,0.34,1.65,5.15,66.0,1.45,0.0,15.75,3.0,6.63,3.85,8.37,2.1,1.0,1.39,0.0,110.11,0.0,0.0,3.55,5.2,1
141.94,18.99,3.0,8.0,39.98,0.0,389.85,7.0,3.0,16.99,0.5,-3.0,503.79,157.96,5.0,0.0,52.98,2.0,1.06,-6.0,-1.6,0.0,0.0,0.48,0.0,60.97,-0.61,0.0,3.0,9.0,1
42.95,17.95,-0.86,11.0,56.0,0.0,179.82,5.95,0.0,9.86,0.51,-0.95,75.73,163.02,1.09,0.0,34.91,3.95,3.56,-4.77,2.52,0.05,0.0,-0.12,0.0,104.46,1.37,0.0,1.05,12.0,1
0.0,0.0,1.0,0.0,0.0,0.52,16.13,1.0,0.0,0.52,-1.09,0.0,4.12,21.85,2.56,-38.51,5.2,2.04,-10.26,-11.97,2.93,1.52,1.0,0.23,0.0,0.0,0.0,0.0,2.56,1.04,0
-1.27,-0.63,1.0,0.63,-4.43,0.0,34.37,1.0,0.0,1.0,1.51,6.96,-0.16,33.0,0.47,0.0,3.04,1.0,3.31,2.27,14.35,15.39,164.91,1.6,1.9,-89.87,0.0,0.0,1.63,1.0,0
-0.64,0.64,1.0,0.0,-12.19,1.0,-21.66,1.0,1.0,0.0,0.06,0.36,6.21,0.0,6.57,0.0,7.21,1.0,5.32,1.36,2.68,2.36,1.0,0.48,0.0,54.04,1.32,0.0,-0.28,-3.85,0
1.97,7.9,1.99,23.69,1.97,1.0,28.43,22.72,0.0,2.03,-0.8,-0.99,42.63,169.73,1.01,27.89,47.63,4.99,6.67,-5.92,0.97,-2.95,1.0,1.24,0.0,92.8,0.99,0.0,2.01,3.0,0
0.0,0.0,1.0,1.0,2.0,0.0,25.0,2.0,1.0,0.47,0.46,0.0,2.88,58.0,4.0,0.0,7.47,1.47,2.5,0.47,3.23,0.47,1.0,0.4,0.0,0.0,0.0,0.0,0.47,1.0,0
1.0,0.69,1.0,0.0,1.0,0.0,37.53,1.0,1.0,4.15,1.75,0.0,4.38,62.89,4.0,0.0,10.69,1.0,4.58,0.31,2.92,2.0,0.31,0.0,0.0,0.0,0.0,0.0,1.0,2.0,0
0.0,0.0,1.0,1.0,0.0,0.0,69.94,2.0,0.0,9.61,0.37,0.0,38.06,115.32,0.39,0.0,2.87,1.0,13.68,0.0,0.72,1.61,0.0,0.05,0.0,0.0,1.0,0.0,2.39,3.0,1
0.0,0.0,1.0,0.0,0.0,0.0,6.36,1.0,0.0,0.89,0.86,0.0,-27.48,29.48,5.68,0.0,10.93,1.89,6.37,0.89,5.47,4.57,1.0,0.0,0.0,9.0,1.0,0.0,0.11,0.0,0
0.75,0.0,1.75,1.0,0.0,0.0,20.76,1.0,0.0,4.0,0.4,0.0,5.75,77.0,2.5,0.0,5.25,1.0,5.91,4.25,2.97,2.5,1.0,1.05,0.0,0.0,-0.75,0.0,4.0,1.0,0
1.63,0.0,1.0,0.0,18.67,1.0,38.72,1.0,0.0,0.0,-0.61,3.54,-1.09,0.0,-0.09,0.0,10.54,1.0,7.47,4.83,12.88,2.54,1.0,2.21,0.0,235.85,1.27,0.0,2.54,7.26,0
0.0,0.0,1.0,0.0,0.0,0.0,0.0,1.0,0.0,-0.8,0.0,0.0,3.6,0.0,0.2,0.8,1.6,-0.6,1.67,-0.8,-0.6,-0.6,1.0,0.0,0.0,0.0,0.0,0.0,0.2,0.0,0
2.0,8.0,2.0,24.0,2.0,0.0,-29.69,23.0,0.0,-1.43,-0.48,0.0,28.14,57.17,1.29,9.0,31.15,2.0,2.47,0.0,3.58,1.71,1.0,0.07,0.0,94.0,1.0,0.0,0.29,-2.14,0
1.81,0.0,1.0,0.0,16.32,0.0,21.15,1.0,0.4,-0.6,-0.2,0.6,0.79,-30.22,-0.21,-1.21,5.44,1.0,1.47,0.6,5.33,2.21,1.0,1.2,0.0,39.89,0.3,0.0,2.21,3.63,1
0.0,0.0,1.0,0.0,0.0,0.0,62.4,1.0,0.0,0.0,2.93,0.0,-2.4,0.0,0.36,0.0,6.24,1.0,0.9,3.36,-2.04,0.24,1.0,-0.69,0.0,-95.04,0.0,0.0,2.0,0.0,0
-11.26,0.0,0.06,-53.51,-29.1,0.0,21.86,0.06,0.0,-2.69,2.68,1.0,2.94,-92.0,4.88,0.0,1.55,1.0,3.07,5.06,2.48,5.94,1.0,-0.64,0.0,-1766.71,-0.94,0.0,2.0,1.88,0
0.13,1.0,1.0,0.0,-0.87,5.0,233.83,1.0,-0.87,9.0,1.2,0.0,33.35,75.0,-0.74,0.87,2.26,3.74,3.75,-0.87,1.43,-0.87,1.0,0.1,0.0,0.0,1.0,0.0,4.74,3.87,1
0.0,1.0,1.0,0.0,0.0,0.0,3.69,1.0,0.0,-2.77,2.49,-0.92,0.08,0.0,-2.77,82.22,-6.3,-0.92,19.29,20.67,-4.07,-2.69,1.0,0.0,0.0,0.0,0.0,0.0,0.08,0.0,0
0.0,-3.07,1.0,-0.77,-1.54,0.0,59.58,1.0,-4.61,-1.07,2.36,1.0,-0.3,-49.17,3.0,-1.54,9.23,1.77,-1.53,2.93,3.73,3.46,1.0,-1.15,0.0,-10.76,-0.77,0.0,3.54,0.0,0
-6.09,0.0,1.0,-0.22,-6.09,2.87,110.65,1.87,0.0,0.0,2.26,-4.35,38.82,24.37,0.87,1.0,22.65,0.0,1.68,-1.74,1.91,0.87,1.0,-0.85,0.0,27.82,1.79,0.0,2.0,1.87,0
-28.81,-11.66,0.31,-7.55,-38.42,0.0,-106.33,-1.74,0.0,-4.8,-0.06,0.0,-46.33,-68.6,1.63,0.0,-19.95,-0.37,0.44,4.69,-1.33,2.0,1.69,-0.72,0.0,-57.8,0.72,0.0,0.31,-8.23,0
8.12,-0.74,1.0,2.21,1.48,0.0,-0.74,1.74,0.74,0.74,-0.31,0.0,76.37,-5.17,1.48,1.0,12.55,0.74,2.4,0.0,4.16,1.0,1.74,0.41,0.0,0.0,0.0,0.0,3.21,1.48,1
0.0,3.0,1.0,1.0,0.0,4.0,70.27,2.0,0.0,2.0,1.38,0.0,1.17,26.0,2.71,-0.85,10.39,2.85,5.26,1.0,4.08,0.15,1.0,0.5,0.0,8.0,1.0,0.0,1.85,0.0,0
0.0,0.0,1.0,2.0,1.0,3.0,52.0,1.0,2.0,1.0,1.11,0.0,4.0,73.0,5.0,2.0,9.0,1.0,3.2,1.0,3.4,1.0,1.0,0.75,0.0,74.0,1.0,0.0,1.0,1.0,0
-5.13,0.0,0.14,1.0,-1.57,-7.7,-987.01,1.0,0.0,0.86,0.13,10.14,-82.11,28.22,2.71,2.57,-122.73,1.86,2.55,3.0,15.5,20.0,260.0,2.83,3.0,-7071.25,0.9,-0.86,2.0,1.71,0
0.0,3.24,1.0,0.81,1.62,0.0,-18.62,0.19,4.05,3.24,-0.41,0.0,5.24,51.82,1.0,1.62,8.48,1.0,11.69,5.05,2.21,3.43,1.0,0.75,0.0,11.34,0.0,0.0,1.0,0.0,0
5.52,0.0,-1.76,0.0,0.0,0.0,148.16,12.04,11.96,13.8,2.83,0.0,189.6,85.56,-1.84,75.84,50.68,0.92,23.11,18.4,-1.35,-1.84,1.0,-1.15,0.0,55.2,0.75,0.0,0.08,0.92,0
1.84,0.0,2.0,1.0,1.84,4.18,54.79,9.34,0.0,3.0,1.17,0.0,2.49,66.0,-1.34,2.0,0.16,2.84,-1.5,-1.51,-0.74,0.16,1.0,-0.09,0.0,-90.22,0.16,0.0,2.67,1.67,0
0.0,0.0,2.0,0.0,2.0,-0.84,40.37,1.0,-0.84,26.52,0.86,0.0,3.16,98.0,0.16,0.0,8.05,2.0,3.44,3.37,2.37,1.84,0.0,-0.0,0.0,16.63,0.16,0.0,1.84,0.0,0
0.0,0.0,1.0,-0.89,4.0,1.0,9.35,1.0,0.0,-0.89,-0.24,3.89,-5.33,-68.41,2.78,0.0,16.22,1.0,12.28,9.67,14.14,4.67,1.0,1.59,0.0,200.0,1.0,0.0,0.22,3.11,0
0.0,0.0,-1.61,0.0,0.0,0.87,25.65,2.0,1.87,0.0,0.47,0.0,4.87,0.0,3.87,0.0,-2.35,1.0,0.06,-2.61,0.97,0.87,1.0,-0.21,0.0,3.48,1.87,0.0,0.13,1.0,0
0.0,0.0,-1.42,0.0,3.23,1.81,25.79,1.0,1.0,0.0,0.26,2.61,1.39,0.0,2.39,0.0,4.81,1.0,7.42,3.61,7.29,3.0,1.0,0.89,0.0,165.44,1.81,0.0,1.0,3.23,0
0.0,0.0,0.1,0.0,-1.81,0.0,30.48,1.0,0.0,-19.81,1.41,0.0,5.71,8.57,4.81,0.0,10.9,0.1,5.07,1.9,6.85,4.0,1.9,0.15,0.0,-18.1,-0.9,0.0,2.81,2.81,0
0.0,0.0,1.59,0.0,0.0,0.0,56.15,1.0,0.0,1.0,2.02,0.0,-1.11,33.0,1.82,0.0,13.53,1.0,3.34,-0.18,3.09,4.0,1.0,0.29,0.0,-79.91,-0.47,0.0,0.41,1.0,0
130.79,18.26,2.96,3.92,35.64,0.0,403.22,7.77,2.88,17.42,0.54,-2.81,482.63,78.49,3.92,0.0,52.05,1.96,3.29,-0.92,8.47,1.0,0.04,0.41,0.0,250.85,0.38,0.0,4.96,13.57,1
0.0,0.0,1.0,0.0,0.0,-0.66,-23.17,1.0,0.0,1.32,-0.46,0.66,-2.31,-27.81,3.66,-0.66,3.32,0.34,5.42,6.65,4.22,3.99,1.0,0.0,0.0,6.0,1.0,0.0,-0.32,-0.66,0
0.0,0.0,1.0,-4.49,0.0,-1.8,-52.43,1.0,0.0,1.9,-1.17,0.0,-19.94,-18.82,5.69,-0.9,-0.49,1.9,0.17,2.8,5.8,3.69,1.0,0.67,0.0,1.8,0.0,0.0,2.1,1.1,0
0.0,0.0,1.0,4.15,0.0,2.66,77.9,1.0,0.17,-0.83,1.46,1.0,27.08,41.52,1.51,-0.83,9.81,0.17,6.41,1.17,3.57,2.17,1.0,0.6,0.0,4.0,1.83,0.0,1.83,0.83,0
1.0,0.06,1.0,0.0,0.0,0.0,40.62,2.0,0.94,3.94,1.17,0.0,8.94,112.85,3.81,-11.24,9.13,2.94,0.41,-3.75,4.44,1.0,1.0,0.27,0.0,12.0,1.0,0.0,1.0,0.0,0
-0.6,0.0,2.0,0.0,-1.2,2.6,129.16,-0.2,0.0,4.0,0.9,2.39,3.62,69.0,0.8,0.0,4.24,0.4,5.56,1.6,3.53,0.4,1.0,1.71,0.0,-17.94,0.06,0.0,3.0,3.0,0
-0.73,0.73,1.0,0.0,-0.73,-3.66,-45.16,-1.93,0.0,0.0,-0.97,0.0,6.14,0.0,4.27,10.26,4.07,-0.47,8.79,6.66,6.71,2.0,1.0,0.79,0.0,136.0,0.8,0.0,0.53,-0.47,0
0.0,-3.93,1.0,-0.98,-1.96,2.0,22.02,1.0,-3.91,-0.95,0.6,1.0,4.11,56.25,3.0,0.0,6.18,1.0,-5.6,-1.93,5.34,-0.96,1.0,-0.47,0.0,0.25,0.02,0.0,1.0,-0.98,0
0.0,0.0,1.0,-0.63,0.0,5.14,154.57,1.25,0.0,-4.39,1.03,4.0,0.0,-62.7,-1.88,0.0,0.0,0.0,3.11,1.0,4.83,1.0,1.63,0.94,0.0,2.0,1.0,0.0,2.25,0.37,0
-5.34,0.76,1.0,0.0,-2.29,0.0,0.76,1.0,0.0,0.0,0.01,0.0,4.82,0.0,4.05,0.0,10.69,1.0,2.48,0.76,3.47,1.76,1.0,0.36,0.0,109.91,0.76,0.0,1.0,-2.29,0
0.0,10.0,-0.79,0.0,-0.89,0.89,32.2,1.0,0.0,3.58,-0.34,-0.89,22.52,63.51,0.89,19.0,10.37,2.68,-1.27,-10.73,-2.43,-4.47,-0.79,-0.85,-1.79,0.0,0.0,0.0,3.79,1.79,0
0.0,0.0,1.0,0.0,0.0,0.76,66.67,1.0,0.0,0.76,9.19,0.0,4.8,31.91,1.52,2.0,8.36,0.76,3.12,1.0,1.68,0.0,1.0,0.34,0.0,0.0,0.0,0.0,3.28,1.52,0
-0.52,0.0,1.0,0.0,0.0,0.0,4.14,1.0,0.0,0.0,0.16,0.52,-0.04,-25.89,4.0,0.0,4.55,1.0,11.78,12.55,2.91,3.04,1.0,0.0,0.0,0.0,1.0,0.0,1.52,0.0,0
0.0,0.0,1.0,3.0,2.0,5.0,166.48,1.0,0.0,2.0,2.23,0.0,21.7,98.0,-0.3,2.0,2.79,1.0,-3.12,-2.61,0.33,0.35,1.0,0.11,0.0,4.0,1.0,0.0,1.35,5.0,0
1.0,0.0,1.0,0.92,0.92,0.0,0.0,1.0,0.0,3.0,0.0,10.1,3.08,50.0,0.24,0.0,7.0,1.0,-1.35,-4.35,20.28,18.53,238.87,2.76,2.76,1.84,0.0,0.0,1.92,0.0,0
0.0,0.0,1.0,0.0,0.0,0.0,10.3,1.0,0.0,1.0,-0.47,0.0,8.0,12.0,2.0,0.0,3.45,1.0,3.18,-1.55,0.69,0.41,1.0,0.0,0.0,5.32,1.59,0.0,0.41,0.0,0
16.98,-7.48,1.0,7.49,8.73,0.0,7.0,2.0,1.0,7.0,0.02,3.74,48.52,149.07,3.75,-1.5,16.26,2.75,6.98,1.5,7.2,1.75,1.0,1.44,0.0,0.0,0.0,0.0,3.25,2.0,1
0.91,0.91,1.0,1.0,0.0,-1.82,10.9,1.91,-0.91,0.91,0.49,-0.91,-0.82,96.37,0.18,0.0,-4.54,1.91,23.59,24.18,-2.91,1.0,1.0,-0.66,0.0,-1.82,0.0,0.0,1.0,0.0,0
0.0,0.0,1.0,0.0,0.0,2.6,157.88,0.0,0.0,0.0,1.11,4.0,0.6,25.28,1.2,0.0,6.02,0.0,5.14,0.4,4.46,0.4,1.0,1.21,0.0,2.0,1.0,0.0,2.2,2.2,0
1.0,0.0,1.0,0.0,2.0,1.0,18.55,2.0,0.0,1.1,0.25,0.0,10.64,13.7,2.55,2.19,19.64,1.0,4.05,1.1,4.32,2.0,1.0,0.36,0.0,38.57,1.45,0.0,1.0,1.0,1
0.0,0.0,1.0,0.0,0.0,0.0,6.69,0.15,-0.85,0.85,0.09,0.0,32.54,60.04,2.0,0.0,12.69,1.0,5.06,0.85,4.04,0.85,1.0,0.08,0.0,0.0,-0.85,0.0,3.69,0.85,1
-6.68,0.0,1.0,-0.83,-7.51,1.67,80.29,1.0,0.0,0.0,1.74,-4.17,37.87,10.85,4.17,0.83,12.84,0.17,5.5,1.33,6.96,1.17,1.0,-0.33,0.0,136.0,1.63,0.0,2.83,1.83,0
1.0,4.0,1.0,1.0,2.0,2.0,13.23,2.64,0.64,4.0,-0.15,0.0,5.36,55.0,3.0,0.0,-2.49,1.36,2.78,0.36,3.64,1.36,1.0,1.2,0.0,62.0,1.64,0.0,-0.28,0.0,0
0.28,0.0,1.0,0.0,1.0,0.71,45.11,5.0,0.0,0.0,1.17,-0.72,7.57,0.0,1.0,0.0,-6.88,1.28,-0.31,0.0,-2.27,1.0,1.0,-1.91,0.0,-161.0,-0.72,0.0,3.0,2.0,0
0.64,0.0,1.0,0.0,-2.57,3.22,-7.08,1.0,0.0,0.0,-0.09,-1.29,4.57,0.0,1.0,0.0,5.15,1.64,-3.2,-4.51,0.7,0.36,1.0,0.52,0.0,16.09,0.0,0.0,0.36,-2.57,0
6.15,0.0,1.0,0.0,-2.05,1.0,43.0,1.0,0.0,1.0,1.0,0.0,-7.36,42.0,2.0,1.0,8.0,2.0,5.79,1.0,3.12,1.68,1.0,0.0,0.0,0.0,0.0,0.0,3.32,2.37,0
43.82,16.09,2.91,12.82,57.82,0.0,182.23,5.91,0.0,4.28,0.12,1.82,70.0,77.31,3.91,0.0,33.91,3.0,7.33,0.91,9.71,1.0,0.91,1.86,0.0,93.0,0.41,0.0,4.72,14.72,1
1.77,0.0,1.77,0.77,0.77,-0.77,-26.93,4.85,0.0,5.31,-1.08,0.0,4.77,100.78,2.23,1.54,0.85,1.77,6.0,3.0,3.3,2.0,1.0,0.43,0.0,0.0,0.77,0.0,-0.54,-1.54,0
1.02,4.09,1.51,12.27,1.02,-0.51,-19.19,12.25,0.0,-2.05,2.7,0.0,9.69,14.83,0.0,68.89,11.23,-1.02,20.18,23.0,-0.07,0.0,1.0,-0.26,0.0,48.06,0.51,0.0,-0.02,-1.53,0
0.0,0.0,0.13,0.0,12.15,-1.74,-35.11,1.0,0.0,-3.47,-0.1,0.0,13.41,-59.86,2.13,0.0,-2.41,1.0,1.86,3.13,0.8,1.13,1.0,-0.71,0.0,0.0,0.0,0.0,1.13,-1.74,0
1.0,-0.77,1.0,0.0,0.77,3.85,21.57,3.31,0.0,0.69,0.49,0.0,4.77,-0.84,3.0,0.0,3.15,1.0,4.88,3.0,3.44,2.0,1.0,-0.21,0.0,-9.24,-0.77,0.0,2.54,1.54,0
0.0,0.0,0.32,2.03,0.0,3.38,95.0,1.0,0.0,-14.88,1.45,0.0,14.85,0.0,4.0,1.35,3.38,0.32,-0.16,0.0,1.18,1.0,1.68,0.49,0.0,-10.82,0.0,0.0,1.68,3.38,0
3.0,6.0,1.0,2.81,1.0,0.0,27.0,12.0,0.0,16.0,0.1,0.0,37.0,160.81,2.81,8.0,2.19,2.0,22.94,20.2,2.39,0.0,1.0,0.75,0.0,0.0,0.0,0.0,1.0,0.0,0
0.0,0.0,2.0,-0.78,0.0,2.0,16.05,0.22,0.0,-1.47,1.39,0.0,-28.51,36.18,2.0,0.0,4.97,1.0,-7.43,1.0,1.62,0.22,1.78,0.95,0.0,0.0,-0.78,0.0,2.22,0.66,0
9.65,0.65,1.0,0.0,11.0,0.0,1.95,1.65,0.0,1.3,0.05,0.0,0.65,-3.26,-0.3,0.0,4.56,1.65,1.76,-0.65,1.86,1.0,1.0,-0.26,0.0,7.81,0.65,0.0,-0.3,1.7,1
0.99,0.99,1.0,1.0,1.0,0.0,31.66,1.99,0.0,2.97,0.48,11.0,5.94,65.29,-1.97,0.0,13.88,1.99,5.23,3.0,21.98,20.0,260.0,2.53,3.0,13.87,1.99,0.0,2.0,0.0,0
6.72,0.0,2.0,0.0,3.72,10.0,1219.89,1.0,0.72,0.0,2.02,1.0,76.96,0.0,3.86,-0.72,164.15,1.72,8.76,1.72,8.85,1.72,1.0,0.57,0.0,8274.0,0.78,1.0,3.0,1.43,0
0.0,0.0,1.0,0.88,0.0,0.0,95.62,1.88,0.0,7.19,0.92,0.0,51.18,137.27,2.12,-3.53,9.3,1.0,12.49,-0.77,3.41,1.0,0.12,0.71,0.0,-10.6,0.0,0.0,4.77,4.65,1
-0.97,0.0,1.0,0.0,0.0,2.0,139.74,0.0,0.0,0.0,0.85,4.97,-1.94,-48.4,0.0,0.0,2.9,0.0,4.83,2.94,6.03,2.94,1.0,0.94,0.0,2.0,1.0,0.0,1.97,1.0,0
1.0,1.0,1.0,0.0,0.0,0.0,37.25,2.0,0.0,3.75,1.28,0.75,4.25,12.82,1.0,0.0,15.49,2.0,6.39,3.75,4.84,4.0,1.0,-0.23,0.0,12.0,1.0,0.0,0.25,-1.5,0
0.0,0.0,2.0,0.0,0.0,0.92,71.07,1.0,-0.92,0.0,1.32,0.0,9.6,-7.37,2.08,-0.92,20.37,1.92,6.57,1.0,5.13,2.0,1.0,1.29,0.0,0.0,0.0,0.0,3.76,1.92,1
1.37,0.0,1.0,-2.08,9.61,0.0,-4.86,0.31,-0.69,-4.16,-0.01,0.0,-34.7,-58.3,-0.39,0.0,-13.19,1.0,-0.6,0.69,0.59,1.69,1.0,-0.39,0.0,0.0,0.0,0.0,-0.39,1.61,0
1.0,0.0,1.0,1.49,0.0,0.0,-19.38,1.0,0.0,-2.04,-0.51,0.0,0.94,35.73,3.0,0.0,-0.51,1.0,-0.14,-0.51,1.19,1.0,1.0,-0.15,0.0,0.0,1.0,0.0,-0.53,-0.51,0
142.62,19.0,2.0,4.9,44.62,1.86,360.19,9.48,3.0,15.0,-0.38,0.0,484.38,38.09,3.62,-0.62,49.38,3.24,4.44,0.0,6.82,1.62,0.0,0.84,0.0,261.0,-0.23,0.0,2.62,11.62,1
3.87,0.0,1.0,25.2,27.0,0.87,53.17,1.0,0.0,0.0,0.53,1.0,-0.87,86.91,1.0,0.0,7.26,1.0,3.24,1.13,8.33,3.0,1.0,0.66,0.0,67.74,1.37,0.0,5.61,6.0,1
2.0,8.0,2.0,24.0,2.0,0.0,36.4,23.0,-0.91,0.91,0.88,-0.91,33.72,129.95,1.09,11.72,44.45,2.91,3.91,-0.91,1.03,-0.82,1.0,0.16,0.0,94.0,0.7,0.0,2.82,1.82,0
-0.8,0.0,1.0,0.0,0.0,1.8,87.63,1.0,0.0,0.8,1.92,0.0,12.0,16.81,2.2,15.21,18.61,3.4,5.36,-1.4,2.38,0.2,1.0,0.7,0.0,0.0,0.0,0.0,4.6,4.4,0
1.22,11.13,1.22,24.78,3.57,0.0,0.22,23.0,4.7,3.13,-0.17,0.0,34.13,150.09,1.22,10.57,40.57,2.0,11.26,1.57,4.52,1.78,1.0,0.76,0.0,104.96,1.78,0.0,1.0,0.78,0
-0.6,0.0,0.4,-0.6,-0.6,1.0,36.19,-2.02,0.0,-1.21,1.42,0.0,3.4,-24.74,2.4,-1.21,9.0,0.4,1.44,0.4,2.35,1.0,1.0,-0.34,0.0,0.0,-0.6,0.0,3.0,2.0,0
1.81,0.81,2.0,-0.81,-0.81,4.04,190.56,1.0,0.0,7.27,1.52,-8.89,27.43,60.59,4.0,0.0,8.81,1.81,6.87,0.58,-11.46,-14.16,-208.22,-1.35,-2.42,-1.62,0.0,0.0,1.81,2.42,1
-2.47,1.0,0.26,0.0,16.19,-7.45,-890.61,1.0,0.0,0.0,-0.72,-0.74,-55.33,0.0,5.0,0.0,-102.94,1.0,0.62,0.26,-0.0,1.26,1.0,0.04,0.0,-6019.08,0.42,-0.74,0.26,0.74,0
0.43,0.0,1.21,0.43,0.43,0.0,8.13,1.21,0.0,0.64,0.1,0.43,30.72,14.13,0.43,0.79,0.86,0.21,0.43,0.21,1.96,1.0,1.0,0.19,0.0,0.0,0.0,0.0,1.64,0.64,0
0.0,0.0,-0.34,0.0,-0.67,1.34,70.85,0.33,0.0,0.0,-0.27,2.01,2.0,0.0,0.33,0.0,-8.69,0.33,-4.94,-7.35,0.39,-2.34,-0.34,-0.71,-1.34,1.34,0.67,0.0,1.0,0.0,0
0.0,0.0,1.0,0.0,0.0,-0.77,-20.0,1.0,-1.54,-1.54,1.54,0.0,-0.31,-47.7,-0.54,46.93,-0.31,0.23,10.42,18.7,-2.27,0.23,1.0,-0.51,0.0,0.0,0.0,0.0,-1.31,-2.31,0
0.0,0.0,1.0,0.0,0.0,0.13,-32.58,1.0,1.0,0.0,-0.64,1.0,-2.23,-36.58,4.87,-0.87,-1.23,0.13,2.51,2.87,5.41,4.74,1.0,0.6,0.0,5.74,1.87,0.0,-1.61,-0.87,0
1.0,1.0,0.1,1.8,0.0,-1.8,-83.48,2.9,0.0,3.0,0.2,-3.59,8.0,66.0,1.0,0.0,11.0,2.0,-0.72,-0.9,-0.39,0.1,0.1,-0.57,0.0,10.2,0.1,0.0,1.0,-0.9,0
0.32,-0.68,2.0,0.0,0.0,-3.39,-125.68,1.0,0.0,-6.11,-0.33,0.0,8.75,-50.89,3.32,0.0,5.29,-0.36,0.48,3.0,1.49,2.0,1.0,0.93,0.0,0.0,-0.68,0.0,0.32,-1.36,0
6.0,-0.77,2.77,0.0,3.0,11.54,1237.89,1.0,0.0,-1.54,1.18,1.0,105.86,-16.97,1.77,0.0,166.26,1.0,8.21,1.77,9.04,1.0,1.77,1.62,0.0,8274.0,0.78,1.0,4.54,2.31,1
1.0,1.0,1.0,0.0,0.0,0.0,41.17,2.0,0.0,5.31,0.93,0.77,8.0,66.0,2.54,0.0,18.71,2.0,7.76,3.85,6.58,3.31,1.0,0.27,0.0,12.0,1.0,0.0,1.77,0.0,0
0.0,0.0,1.0,0.0,0.0,0.0,30.0,2.0,1.0,0.75,0.47,0.75,3.25,-24.67,3.0,0.0,2.0,1.0,2.49,3.74,3.37,0.75,1.0,0.57,0.0,0.0,1.0,0.0,1.75,0.25,0
0.0,0.0,1.0,2.0,1.0,3.0,46.46,1.62,2.62,1.0,0.65,0.0,3.38,73.0,5.0,2.0,4.69,0.38,1.91,0.38,3.89,0.38,1.0,1.1,0.0,74.0,1.62,0.0,-0.23,1.0,0
-0.72,0.0,1.0,0.0,-0.72,0.0,11.04,1.0,0.28,1.0,0.39,0.0,3.44,50.0,2.28,2.0,-0.72,1.72,0.95,1.0,1.6,0.28,1.0,0.0,0.0,0.0,0.0,0.0,2.44,-0.72,0
0.0,1.0,1.0,0.0,0.0,0.0,8.6,1.0,0.0,6.0,0.45,0.0,6.41,91.0,4.02,-0.6,5.41,1.6,2.84,1.81,5.7,2.21,0.0,0.47,0.0,82.1,0.48,0.0,1.6,0.6,0
0.0,0.0,1.0,0.0,0.0,0.0,35.15,1.0,0.0,4.16,-1.38,0.0,12.66,88.44,1.0,0.0,7.99,3.16,29.85,1.0,3.31,1.58,1.0,0.21,0.0,0.0,0.0,0.0,2.16,1.75,0
1.0,0.0,1.98,0.0,2.96,0.0,67.25,1.0,1.0,23.5,2.16,0.0,-4.83,95.97,0.08,0.0,6.08,1.98,0.1,-1.94,-3.7,1.02,0.02,-0.28,0.0,-113.6,0.2,0.0,0.02,1.02,0
-103.31,-13.92,-0.73,-3.86,-30.77,0.73,-265.24,-2.66,-2.2,-10.99,0.11,0.0,-358.3,-73.27,-0.73,0.0,-23.45,-0.73,-3.1,0.0,-1.23,0.73,0.73,-0.35,0.0,-167.79,0.38,0.0,0.27,-7.33,0
1.0,5.04,1.0,1.0,1.0,0.0,27.0,3.0,-0.5,7.0,0.59,0.0,13.03,100.0,3.5,1.01,8.52,1.5,2.7,0.0,1.54,0.5,0.0,-0.33,0.0,0.0,0.0,0.0,1.5,3.0,0
2.68,0.0,2.0,21.77,2.0,0.68,26.41,2.0,0.0,3.0,-4.53,2.0,4.0,134.18,2.68,-1.36,3.32,1.68,1.32,0.32,5.5,1.0,1.0,0.89,0.0,1.36,0.68,0.0,6.05,3.0,1
13.0,0.77,2.0,57.0,32.0,-0.77,18.88,2.0,1.0,8.87,-0.34,0.0,-0.32,135.96,1.23,-0.77,15.13,0.23,5.76,1.23,5.28,1.0,0.23,0.68,0.0,1882.0,1.0,0.0,-1.32,-0.77,0
6.0,0.0,2.76,-0.76,3.0,11.51,1214.41,1.0,0.0,0.0,0.75,1.0,102.76,-6.06,1.76,0.0,166.08,1.0,6.64,0.24,9.1,1.0,1.0,1.38,0.0,8274.0,0.78,1.0,2.24,1.51,0
8.0,0.0,1.55,6.0,9.0,1.1,31.88,1.0,0.0,2.2,0.27,5.0,3.85,124.93,-0.1,0.0,8.25,1.0,7.06,2.55,3.11,1.0,1.0,1.67,0.0,0.0,0.0,0.0,2.1,1.65,0
2.09,1.0,-0.09,1.09,1.09,0.0,50.84,2.55,0.0,4.64,0.81,0.55,9.09,102.04,0.45,0.0,8.27,2.0,0.84,-2.18,2.68,0.45,1.0,-0.06,0.0,12.0,1.0,0.0,2.09,1.64,0
-1.15,0.0,1.0,2.0,-19.32,0.0,-6.44,1.0,0.0,0.72,0.32,-0.72,9.01,125.8,4.43,0.0,-3.58,1.0,-0.66,-0.72,-2.05,-0.43,1.0,0.01,0.0,-47.22,0.64,0.0,1.0,-2.86,0
-5.78,21.2,1.0,8.67,1.93,1.0,-135.71,-1.89,-11.53,-3.85,0.17,0.04,-171.4,0.96,4.96,6.74,-48.03,0.04,2.41,2.0,0.37,3.0,0.04,0.51,0.0,-53.81,0.22,0.0,1.0,-0.96,0
0.0,0.0,1.0,0.0,0.0,0.0,58.67,1.0,0.0,2.08,1.39,0.0,12.53,41.51,0.62,0.0,13.3,1.69,2.29,0.69,1.25,0.0,1.0,-0.23,0.0,0.0,1.0,0.0,2.38,2.08,0
3.0,-9.98,1.0,0.0,27.0,2.0,63.95,1.0,1.0,2.0,0.33,2.0,0.0,69.86,3.99,-2.0,19.98,2.0,8.6,4.0,16.12,4.0,1.0,1.5,0.0,79.97,1.5,0.0,2.0,6.0,0
9.48,0.0,2.0,2.59,1.72,0.0,9.42,1.86,0.86,6.03,-0.24,0.0,48.96,72.4,3.0,0.0,22.48,1.0,5.61,0.14,7.87,2.0,1.0,1.77,0.0,0.0,0.0,0.0,1.86,1.86,1
3.0,0.0,1.0,0.0,29.32,0.0,36.95,1.0,0.0,-0.58,-0.19,2.74,-4.05,-24.31,0.42,-0.58,10.16,0.42,6.22,5.47,13.03,3.58,1.0,1.73,0.0,181.76,1.08,0.0,1.84,7.74,0
0.0,0.0,0.21,0.0,0.0,0.0,-5.28,1.0,1.57,0.0,0.24,0.0,0.43,3.14,2.21,10.21,-5.07,1.0,8.32,-0.79,2.22,1.0,1.0,-0.65,0.0,9.0,1.0,0.0,1.79,0.79,0
6.55,0.0,0.4,3.79,1.0,3.0,34.14,1.6,2.6,-9.12,0.68,0.0,34.96,64.66,6.19,2.0,19.12,1.0,4.79,1.0,5.7,1.0,1.6,0.78,0.0,62.09,0.4,0.0,2.79,2.19,1
0.75,0.0,1.0,0.0,0.0,1.0,58.21,1.75,2.0,-0.25,1.19,0.0,6.99,43.29,2.0,13.0,9.99,1.75,12.25,0.0,5.93,1.0,1.75,0.87,0.0,8.98,0.75,0.0,4.0,3.0,0
0.0,0.0,2.0,0.0,0.0,0.41,20.62,1.0,0.0,1.41,0.22,0.0,3.05,33.21,2.41,-0.59,9.46,0.41,1.06,1.0,2.66,1.0,1.0,1.5,0.0,0.0,0.0,0.0,1.23,1.41,0
0.0,0.0,2.0,-1.13,1.43,-1.7,7.57,1.0,-1.13,24.0,0.11,0.0,4.0,70.83,-1.26,-1.13,-1.53,2.0,-0.05,-0.57,0.59,1.0,0.0,0.08,0.0,-21.88,0.43,0.0,1.0,-0.57,0
-2.22,-4.43,1.0,-1.48,-0.74,1.0,18.05,-7.13,0.0,-11.08,1.39,0.0,-18.91,-59.11,2.26,-5.91,7.52,1.0,1.34,1.74,3.57,2.48,1.0,-0.55,0.0,0.0,0.0,0.0,3.74,2.0,0
1.0,-3.1,1.0,-0.78,-0.55,0.0,26.57,1.0,-3.65,-2.33,1.41,0.0,1.45,-49.64,2.45,-1.55,3.02,1.78,-4.97,-2.1,1.97,1.22,1.0,-1.16,0.0,-10.86,-0.78,0.0,1.78,1.22,0
0.0,0.0,1.0,0.0,0.0,1.67,45.39,1.0,0.84,1.67,4.63,0.84,-0.67,58.52,0.33,0.0,8.52,1.0,-0.57,-0.84,-0.38,-0.84,1.0,0.18,0.0,-102.0,0.17,0.0,0.16,-0.84,0
1.73,22.87,0.13,9.0,8.92,-1.73,-39.91,10.0,0.0,7.54,-0.51,0.0,22.54,34.3,4.6,9.0,8.13,1.0,3.08,0.0,2.91,0.87,0.0,-0.62,0.0,124.58,0.87,0.0,-0.73,-2.6,0
1.92,0.0,1.96,1.92,1.92,0.0,-2.88,1.96,0.0,0.96,-0.24,1.92,-3.8,0.0,1.0,0.0,-8.65,-0.92,-0.11,0.96,3.51,1.0,1.0,0.5,0.0,0.0,0.0,0.0,1.96,0.0,0
1.0,1.0,1.0,0.0,-3.24,4.19,196.87,1.0,0.0,9.0,1.24,-2.43,59.75,75.0,0.19,0.81,-4.09,1.19,-0.95,-5.66,-5.07,-0.81,1.0,-1.41,0.0,-161.84,0.19,0.0,2.19,-0.24,0
6.0,0.0,1.0,0.0,0.0,1.75,247.12,12.13,13.0,15.0,-0.01,4.5,175.5,93.0,1.0,2.0,63.0,2.0,9.0,0.87,8.84,0.87,1.0,1.07,0.0,61.75,1.69,0.0,0.13,1.0,0
0.0,0.0,2.0,0.0,0.0,1.99,27.91,1.0,1.0,4.98,-0.1,0.0,5.98,118.7,2.0,2.0,5.97,0.0,4.34,1.0,2.91,1.0,1.0,1.36,0.0,0.0,0.0,0.0,1.0,1.99,0
0.0,0.0,0.1,0.0,0.0,-1.8,-17.46,1.0,1.0,-0.8,1.13,0.9,-4.32,-12.25,3.9,2.0,-4.51,1.0,4.81,5.51,4.16,4.61,1.0,-1.23,0.0,0.0,0.0,0.0,0.1,-2.71,0
0.0,0.0,1.0,0.0,0.0,0.0,2.47,1.0,0.0,1.24,0.2,0.62,-2.09,0.0,1.62,0.0,3.09,1.0,4.15,3.71,4.22,4.09,1.0,0.0,0.0,0.0,-0.62,0.0,1.62,0.0,0
0.0,0.0,1.0,0.0,0.0,0.0,49.48,1.0,0.0,0.0,3.68,0.0,7.06,0.0,-1.77,70.73,8.94,2.06,23.45,21.67,0.21,0.06,1.0,-0.71,0.0,0.0,0.0,0.0,3.0,3.0,0
0.0,0.64,1.0,0.0,0.0,0.0,14.91,1.0,0.0,3.82,1.92,0.0,2.91,57.91,1.36,0.0,2.27,1.0,0.48,0.0,0.8,0.64,0.36,0.0,0.0,0.0,0.0,0.0,1.0,0.0,0
0.0,0.0,1.0,0.0,0.0,0.72,30.2,1.0,0.0,0.0,0.75,0.0,4.6,23.73,1.0,2.16,6.75,1.72,3.04,0.28,0.52,-0.44,1.0,0.27,0.0,1.44,-0.24,0.0,2.44,1.44,0
-5.21,0.0,2.0,0.0,-6.37,2.0,52.58,1.0,0.0,5.16,0.76,0.0,11.32,83.48,2.58,2.32,13.74,1.0,5.38,2.16,2.48,1.0,1.0,0.82,0.0,6.95,0.58,0.0,3.0,1.26,0
0.0,0.0,1.0,0.79,3.78,0.0,0.0,1.0,0.0,0.0,0.0,8.64,4.5,0.0,1.0,0.0,2.36,1.0,2.36,2.36,15.84,15.72,204.52,2.36,2.36,1.57,0.79,0.0,2.0,0.21,0
0.62,0.0,1.0,1.23,0.0,-0.62,14.46,1.0,0.0,1.38,0.02,0.0,7.77,91.93,2.0,-1.85,6.83,2.38,-0.41,-0.62,2.22,1.0,1.0,0.13,0.0,-2.47,0.21,0.0,1.77,1.77,0
1.0,0.0,1.0,2.69,0.0,0.0,-0.69,1.0,0.0,0.0,-0.06,0.0,3.31,143.84,2.31,0.0,-1.38,1.0,16.93,17.9,0.91,1.0,1.0,0.0,0.0,-6.2,0.31,0.0,1.0,0.0,0
0.0,0.0,1.77,-1.54,3.09,1.77,70.79,1.0,0.0,1.0,1.29,2.32,7.0,42.0,2.77,1.0,15.72,2.77,11.42,6.4,10.05,2.54,1.77,1.43,0.0,154.37,0.77,0.0,4.77,4.09,0
0.0,0.0,3.73,0.0,0.0,1.0,19.38,1.0,0.0,0.09,-0.01,0.91,5.09,3.02,3.0,3.0,9.09,2.0,5.89,4.63,4.15,-0.82,1.0,1.74,0.0,4.0,0.67,0.0,3.91,1.09,0
0.0,0.0,1.0,0.0,0.0,0.0,38.36,1.0,0.0,-0.16,2.33,0.0,5.27,56.55,1.84,40.46,2.84,0.42,13.27,13.14,2.41,0.42,1.0,0.67,0.0,-6.94,-0.58,0.0,3.0,2.0,0
10.98,1.0,1.0,2.72,1.81,0.0,16.85,2.91,0.91,9.35,-3.36,0.0,57.9,142.21,1.91,0.0,28.24,2.91,6.38,0.0,8.52,1.91,1.0,0.78,0.0,12.0,1.0,0.0,3.72,1.81,1
0.0,-13.25,1.0,-4.82,12.8,0.0,36.74,-3.82,0.0,-1.2,0.18,0.0,37.87,3.61,0.4,-5.42,0.0,1.0,7.55,0.0,1.07,0.6,1.0,-0.06,0.0,0.0,0.6,0.0,3.2,2.81,0
1.0,0.0,2.0,0.0,0.0,-0.85,-14.23,1.0,0.0,0.0,1.59,0.0,1.44,0.0,1.44,63.26,1.16,0.15,22.03,21.81,0.4,1.15,1.0,1.0,0.0,0.0,0.0,0.0,-0.71,-1.71,0
-1.91,0.0,0.05,-1.91,-1.91,0.0,-36.25,0.05,0.0,-1.91,-0.45,-1.91,2.0,-39.12,0.05,0.0,-0.86,1.0,-0.19,0.05,-2.82,1.0,1.0,-0.85,0.0,0.0,0.0,0.0,-1.86,-2.86,0
0.0,0.0,1.73,0.0,0.0,0.73,32.18,2.0,1.0,-0.73,0.66,0.0,1.09,-1.45,3.73,0.0,2.73,0.27,0.45,0.0,3.32,0.0,1.0,1.36,0.0,0.0,1.0,0.0,1.0,0.27,0
0.0,0.0,1.0,0.77,0.0,-0.77,1.0,1.0,0.0,4.06,-0.27,0.0,4.06,58.98,1.47,0.0,-2.6,1.0,2.19,2.77,1.76,3.0,1.0,0.23,0.0,2.0,1.0,0.0,1.77,-0.77,0
5.87,0.0,2.0,3.67,6.6,0.0,9.13,1.0,0.0,-2.93,0.13,3.67,-0.87,7.34,3.0,0.0,10.8,1.0,5.97,1.0,5.8,2.0,1.0,2.04,0.0,0.0,0.0,0.0,-1.2,0.27,0
0.0,0.0,1.0,-0.53,0.53,-1.59,19.7,1.53,-0.53,0.0,8.16,0.0,1.53,-7.94,-0.53,0.94,-0.53,0.53,0.82,1.0,0.47,0.0,1.0,-0.19,0.0,-39.18,-0.53,0.0,1.0,0.0,0
2.9,7.61,2.95,23.83,2.9,0.0,-21.73,26.93,0.0,1.1,-1.11,0.0,28.78,105.95,2.95,10.56,38.1,2.95,5.57,1.0,4.21,1.95,1.0,0.7,0.0,89.42,1.95,0.0,0.05,0.0,0
15.89,0.0,2.76,43.36,27.34,10.0,1231.99,1.76,0.76,3.8,1.05,1.0,102.76,74.55,-0.52,0.0,169.17,1.0,3.8,-5.85,10.62,0.24,1.0,1.09,0.0,9705.74,0.78,1.0,3.0,0.0,0
-10.62,0.0,0.18,-46.57,-26.15,0.0,3.41,0.18,-0.82,-2.09,0.65,0.0,9.0,-14.08,1.18,0.0,-0.89,3.0,-4.38,-0.82,-1.17,1.0,1.0,-0.2,0.0,-1537.78,-0.82,0.0,3.0,3.0,0
1.0,0.0,1.92,0.0,1.84,-0.92,-0.92,1.0,0.0,25.12,-0.66,0.0,4.0,140.33,1.16,0.0,1.47,1.92,4.92,2.08,2.75,2.0,0.08,0.46,0.0,18.44,0.92,0.0,-0.84,-1.84,0
0.0,3.0,1.0,1.0,0.0,3.47,60.17,2.0,0.0,2.0,2.96,0.0,6.41,26.0,0.47,0.0,-3.24,2.0,0.8,0.47,0.54,0.47,1.0,0.5,0.0,8.0,1.0,0.0,-0.06,-1.06,0
8.13,4.0,1.63,36.66,22.02,0.0,18.89,1.63,6.63,5.25,-0.41,0.0,4.25,94.03,3.63,2.0,21.26,0.37,1.39,5.63,7.22,3.0,1.0,1.93,0.0,1191.42,1.63,0.0,1.0,1.0,1
0.0,0.0,1.98,0.0,1.96,0.0,6.88,1.0,0.0,24.53,0.13,0.0,0.08,109.26,1.02,4.0,-0.92,1.98,-0.09,0.04,2.05,1.0,0.02,0.49,0.0,31.59,1.0,0.0,1.0,0.0,0
0.0,0.0,1.63,0.0,0.0,1.26,29.73,1.0,0.0,2.53,0.44,0.0,-12.28,43.64,1.0,0.0,1.63,1.0,1.21,1.63,0.3,1.63,1.0,0.52,0.0,0.0,0.0,0.0,1.63,1.9,0
14.77,0.0,0.25,6.0,15.77,0.0,-27.83,1.0,0.0,-18.05,-0.56,5.0,-3.01,13.28,1.0,0.0,-2.26,0.25,4.91,2.0,2.47,1.0,1.75,0.96,0.0,-15.04,-0.75,0.0,1.0,2.26,0
0.0,1.0,1.0,0.0,0.0,0.0,8.0,1.0,0.0,6.0,0.44,0.0,4.0,91.0,1.0,0.0,3.0,1.0,0.75,0.0,1.25,1.0,0.0,0.0,0.0,0.0,0.0,0.0,1.0,0.0,0
-0.99,3.97,1.0,0.99,0.99,-4.96,-54.55,-2.97,5.95,4.97,-1.2,0.0,0.01,63.49,4.98,1.98,5.97,0.01,14.3,6.96,4.39,4.98,1.0,1.49,0.0,15.89,1.99,0.0,-0.98,-0.99,1
1.1,3.3,1.0,1.1,0.55,0.0,14.84,7.04,0.0,7.14,0.05,0.0,19.13,16.49,0.45,4.4,-1.2,1.55,-0.79,-0.65,0.26,-0.1,1.0,0.41,0.0,0.0,0.0,0.0,1.0,0.0,0
99.31,13.29,1.7,9.9,29.37,2.0,343.28,4.5,1.4,9.79,1.8,0.0,375.8,129.37,-0.7,1.0,36.37,0.0,6.55,-0.7,1.4,0.0,0.3,0.31,0.0,182.54,1.27,0.0,2.7,7.99,1
0.0,0.0,0.0,2.0,0.0,0.0,-13.51,1.0,0.0,-1.5,-0.41,0.0,-3.5,-25.01,1.0,0.0,0.5,-0.5,-12.32,1.5,0.19,0.5,0.0,0.0,0.0,3.0,0.5,0.0,1.0,0.0,0
-7.79,0.0,1.0,-2.12,-1.42,0.0,41.16,0.29,-0.71,-4.96,7.67,0.0,-37.94,-59.47,1.29,0.0,-12.45,0.29,-2.83,0.0,-3.92,-0.71,1.0,-0.39,0.0,0.0,0.0,0.0,-1.12,-1.42,0
0.0,0.0,0.41,0.0,4.0,1.0,18.84,1.0,0.59,-1.18,0.04,3.59,0.59,0.59,1.59,0.0,12.37,1.0,9.33,7.59,13.49,2.0,1.0,1.96,0.0,208.29,1.59,0.0,0.82,2.22,0
8.0,0.0,1.0,6.0,9.0,-0.68,-29.36,1.0,0.0,-0.68,-0.62,5.0,-4.1,58.32,-0.37,0.0,-6.83,0.32,3.33,2.68,0.37,1.0,1.0,1.03,0.0,0.0,0.0,0.0,-1.05,-1.37,0
0.0,0.0,1.0,0.0,0.0,0.0,30.0,2.0,1.0,0.0,0.56,0.0,4.0,0.0,3.0,0.0,2.0,1.0,0.5,0.0,3.0,0.0,1.0,0.57,0.0,0.0,1.0,0.0,1.0,1.0,0
0.0,13.69,1.0,5.6,1.24,0.0,19.18,6.6,0.0,7.85,-4.11,0.0,23.56,70.49,3.24,4.36,11.98,1.62,6.45,1.38,1.92,0.38,0.38,0.1,0.0,0.0,1.0,0.0,1.0,0.0,0
0.0,4.0,1.0,1.0,2.0,0.0,6.02,1.0,6.0,4.0,-0.04,0.0,7.02,64.0,1.05,2.0,8.05,1.0,11.26,5.0,4.01,3.0,1.0,1.5,0.0,5.22,0.02,0.0,1.0,1.0,1
-0.82,0.0,0.18,-0.82,-0.82,0.0,43.38,-3.1,0.0,-2.46,4.41,0.0,-1.28,-54.12,1.36,59.04,8.0,-0.64,22.81,24.04,1.72,1.18,1.0,-0.46,0.0,0.0,-0.82,0.0,2.0,0.0,0
3.04,3.55,1.0,-2.37,-4.74,0.0,172.98,19.51,13.0,24.47,0.14,-1.96,228.9,88.86,1.59,6.74,64.78,2.59,4.34,-1.18,5.63,-0.59,1.0,-0.1,0.0,60.0,0.81,0.0,1.0,1.0,1
11.61,0.0,2.89,50.9,28.57,2.0,93.07,1.89,0.89,7.57,0.81,0.0,7.21,134.18,2.89,0.0,28.07,1.0,11.31,2.79,6.33,1.0,1.0,1.43,0.0,1680.45,0.89,0.0,3.0,3.0,1
1.2,0.0,1.2,2.0,2.0,0.0,31.56,2.0,0.0,3.0,0.25,2.0,31.37,66.0,-1.22,0.8,-2.44,0.2,-1.62,-1.41,4.09,0.2,1.0,0.08,0.0,0.0,0.0,0.0,4.0,3.0,0
150.5,19.0,2.0,8.0,54.39,0.0,346.93,7.0,3.0,14.06,-1.37,0.0,495.17,68.82,1.11,0.0,40.55,2.0,3.42,-0.94,2.48,-1.83,0.0,0.84,0.0,261.0,0.39,0.0,2.0,12.89,1
-7.31,26.39,0.27,-31.22,-20.67,0.0,-1.89,17.31,-0.73,19.04,0.1,0.0,51.59,80.84,2.0,14.85,-2.7,1.73,-1.61,-1.46,-1.54,-0.73,0.0,0.2,0.0,-1376.14,-0.73,0.0,1.0,0.0,0
1.0,4.0,1.65,1.0,2.0,0.71,-42.46,2.65,0.0,4.0,0.51,-2.59,9.23,55.0,4.94,0.0,10.41,2.65,4.47,1.0,3.56,2.65,1.0,1.06,0.0,60.71,0.35,0.0,1.0,0.0,1
2.66,10.0,1.0,0.0,23.95,0.0,1.77,1.0,0.0,0.0,-1.0,0.89,5.56,0.0,-1.77,2.0,5.0,-0.89,2.24,0.89,5.44,1.77,1.0,0.74,0.0,58.54,0.44,0.0,2.0,4.44,1
0.0,0.0,0.41,0.0,0.0,-1.19,13.77,1.0,0.0,-2.38,10.76,0.0,-3.76,-41.05,0.0,2.0,-8.33,0.0,-1.64,0.41,-1.85,-0.59,1.0,-0.81,0.0,0.0,0.0,0.0,-0.19,-1.78,0
119.19,17.29,1.91,4.55,38.21,0.0,366.36,5.55,1.82,7.28,4.55,0.0,403.14,14.56,2.0,0.0,28.29,1.0,2.03,0.0,-0.2,0.0,0.09,0.26,0.0,237.46,0.36,0.0,-0.82,8.19,1
0.0,0.0,1.0,0.82,0.0,1.0,35.04,1.0,1.0,3.27,0.98,1.0,8.72,62.9,2.37,0.0,3.18,1.0,3.16,-0.45,3.14,1.37,1.0,0.85,0.0,4.0,0.18,0.0,3.45,0.82,0
-4.63,0.0,1.0,0.0,0.0,0.0,-98.07,-7.49,-9.27,-11.58,0.37,-0.77,-118.76,-71.82,1.54,-0.54,-47.11,-0.77,-3.95,0.0,-0.95,1.0,1.0,0.25,0.0,-46.33,0.14,0.0,1.0,0.0,0
0.0,0.0,2.0,0.0,0.0,1.25,31.09,1.0,-1.49,2.51,0.38,0.0,8.25,22.69,2.75,-9.71,14.99,1.0,-0.05,3.99,0.9,1.75,1.0,0.32,0.0,0.0,0.0,0.0,1.51,0.76,0
0.0,0.0,2.0,0.0,0.0,0.0,42.96,1.0,0.0,0.0,2.0,0.0,-23.95,0.0,5.55,0.0,19.81,1.85,9.51,6.11,7.51,3.7,1.0,1.29,0.0,0.0,0.0,0.0,1.0,0.15,0
0.0,1.0,1.0,-0.87,0.0,0.0,38.48,1.0,0.0,6.87,1.76,0.0,5.74,32.65,1.87,0.0,11.71,1.0,-18.12,-21.77,4.73,3.61,0.0,0.0,0.0,0.0,0.0,0.0,1.0,0.87,0
1.0,0.0,1.0,29.0,3.04,1.76,41.39,1.0,0.0,0.0,0.7,2.28,-0.52,100.0,1.0,0.0,6.09,1.0,5.71,4.56,8.04,1.76,1.0,1.41,0.0,154.16,1.76,0.0,4.76,3.04,1
-0.55,0.0,1.0,-1.09,0.0,1.0,43.0,1.0,0.0,1.0,0.91,0.0,5.36,0.99,1.91,0.0,11.0,2.0,2.88,0.0,3.58,1.0,1.0,0.44,0.0,0.0,-0.55,0.0,4.0,2.0,0
0.56,0.0,0.44,0.56,-0.56,1.0,37.44,2.11,0.0,-8.45,0.92,0.0,9.78,43.11,3.67,1.0,9.67,2.0,5.51,1.0,2.5,1.0,1.0,-0.28,0.0,-11.12,-0.56,0.0,4.0,2.67,0
0.0,0.0,1.89,-0.89,0.0,0.0,60.04,1.0,0.0,0.0,5.27,0.0,4.57,-89.29,2.89,0.0,12.61,1.0,-19.29,-22.32,3.57,0.89,1.0,1.15,0.0,0.0,0.0,0.0,1.0,0.89,0
0.0,7.75,1.0,2.0,1.0,3.0,52.0,1.0,2.0,1.0,1.11,0.0,10.97,73.0,4.23,3.55,12.87,0.23,3.9,1.0,2.63,0.23,1.0,0.87,0.0,74.0,1.0,0.0,1.77,1.0,0
0.0,0.0,1.0,0.0,14.0,0.88,16.63,1.0,0.0,0.88,-0.08,0.0,24.5,9.63,1.0,16.63,6.13,2.75,5.4,-0.88,0.91,0.0,1.0,0.4,0.0,0.0,0.0,0.0,2.0,1.0,0
0.0,0.0,1.0,0.0,0.0,1.0,73.54,1.0,0.0,3.13,1.39,0.0,13.39,84.62,2.29,0.0,16.68,2.71,2.15,-2.84,3.64,-0.42,1.0,0.74,0.0,0.0,-0.71,0.0,5.42,4.13,0
2.95,0.0,1.0,-0.59,1.18,5.9,731.66,-1.95,0.0,-1.77,5.04,0.59,58.25,-38.95,1.41,-1.18,93.07,0.41,1.69,0.0,3.21,0.0,1.0,0.0,0.0,4883.05,-0.13,0.59,2.18,0.0,0
-0.63,-2.5,1.0,-0.63,-1.25,1.37,147.01,-0.63,0.0,-1.88,1.07,4.0,0.0,-13.76,0.0,1.88,5.0,0.0,4.31,1.0,3.84,0.37,1.0,0.65,0.0,-34.27,0.79,0.0,2.25,2.25,0
-4.73,4.57,1.0,-0.72,0.85,4.86,144.46,1.43,-0.57,5.15,1.2,0.0,-9.47,49.84,1.85,0.0,-7.17,2.0,5.23,1.0,1.34,1.43,1.0,0.57,0.0,62.0,1.57,0.0,0.43,0.57,0
0.0,8.31,1.0,0.0,-3.32,-0.83,9.09,1.0,0.0,0.0,0.98,-2.49,13.31,0.0,2.17,1.66,4.85,1.17,-3.71,-4.82,-6.32,-0.66,1.0,-1.42,0.0,-166.16,-0.83,0.0,3.0,-2.32,0
1.0,1.0,1.0,0.0,0.0,5.0,222.18,1.0,0.0,9.76,1.52,0.0,9.15,94.09,0.24,0.0,-3.64,2.0,3.7,0.0,0.94,0.76,1.0,0.1,0.0,0.0,1.0,0.0,2.24,3.0,1
0.0,0.0,1.0,0.0,0.0,0.0,8.0,1.0,0.0,3.0,0.17,1.0,2.6,5.41,3.0,-1.8,10.6,1.0,6.07,4.4,6.33,4.0,1.0,0.04,0.0,-2.41,-0.4,0.0,2.6,0.0,0
5.14,1.0,1.0,0.0,0.0,0.0,142.51,11.28,11.14,18.85,0.51,0.86,148.79,170.68,1.86,0.86,56.97,2.71,5.56,0.0,5.13,0.14,0.0,0.21,0.0,51.4,0.7,0.0,1.0,0.86,1
0.0,0.0,0.22,1.0,10.97,-0.78,-36.05,1.0,0.0,-1.57,-0.63,0.0,12.76,54.54,0.43,0.0,-10.19,1.0,23.39,25.22,-1.16,0.22,1.0,-1.18,0.0,0.0,0.0,0.0,0.22,-0.78,0
-0.75,0.0,1.0,0.0,0.0,-4.48,-13.18,1.0,0.75,0.75,0.2,-0.75,10.51,37.31,6.49,1.49,-6.43,0.25,5.9,3.75,3.03,2.0,1.0,-1.2,0.0,-31.89,0.05,0.0,2.0,1.0,0
1.99,3.98,1.0,-1.99,0.66,-1.33,-14.06,8.29,0.0,11.6,-0.65,0.0,11.98,-1.25,3.33,4.64,4.35,2.33,4.28,2.0,3.01,1.0,1.0,0.49,0.0,0.0,0.34,0.0,0.34,-0.66,0
0.0,0.0,1.0,-0.82,0.91,0.0,67.05,1.0,0.91,4.0,2.32,0.0,7.09,8.91,1.91,0.0,12.08,1.0,6.38,2.91,2.49,1.91,1.0,0.3,0.0,0.0,-0.91,0.0,4.0,2.82,0
5.68,0.0,3.0,0.0,1.0,0.0,174.67,12.36,12.31,14.2,1.04,1.95,195.07,88.06,-0.89,1.89,70.76,1.95,13.53,8.21,9.34,4.11,3.0,2.24,2.0,51.13,-0.18,0.0,1.0,1.95,0
4.08,0.0,1.0,3.06,4.59,1.0,-13.85,1.0,1.0,-1.02,-0.55,3.04,1.98,44.37,2.98,0.0,-1.1,1.0,3.92,-0.04,3.0,0.96,1.0,1.28,0.0,4.0,1.0,0.0,0.49,0.0,0
1.49,1.0,1.0,0.0,8.0,0.0,1.0,1.0,0.0,-1.53,0.01,0.0,3.98,-25.58,3.98,0.0,10.42,1.0,1.8,-0.53,4.08,1.49,1.0,0.47,0.0,144.0,1.0,0.0,1.0,0.0,0
0.58,0.58,1.0,0.0,0.0,2.89,115.08,1.0,0.0,5.2,-1.71,0.0,17.19,43.37,0.42,0.0,1.73,1.58,3.43,0.0,2.4,1.0,1.0,0.06,0.0,0.0,0.58,0.0,2.16,1.73,0
0.0,0.0,1.58,0.0,4.0,2.15,48.1,1.0,0.0,1.73,0.42,3.0,0.58,32.83,1.0,0.0,12.88,1.0,7.78,6.42,10.51,2.0,1.0,2.33,0.0,200.0,0.42,0.0,3.15,5.73,0
0.0,0.0,4.0,0.0,0.0,0.0,-24.12,1.0,0.0,-0.95,-1.18,1.0,0.11,-31.22,3.0,0.0,1.43,1.0,5.18,7.84,4.16,0.11,1.0,1.5,0.0,5.68,0.95,0.0,2.0,-0.95,0
1.0,0.0,1.0,0.0,1.0,0.0,48.1,1.0,1.0,0.0,0.44,0.0,5.38,0.0,5.79,-44.12,14.77,2.19,-7.41,-12.12,4.06,2.6,1.0,0.0,0.0,0.0,0.0,0.0,2.19,2.6,0
0.0,22.0,1.0,9.0,2.0,0.0,-15.03,10.0,0.0,11.0,-0.6,0.0,22.04,94.0,1.34,8.34,3.73,-0.32,1.77,0.0,0.99,0.0,0.0,0.15,0.0,0.0,0.0,0.0,-0.32,-1.98,0
2.79,1.0,0.21,0.0,9.58,0.79,-14.02,1.79,0.0,0.0,-0.5,0.0,8.16,0.0,4.21,0.0,17.95,1.0,2.72,0.21,4.15,2.0,1.0,-0.27,0.0,169.29,1.72,0.0,1.0,0.0,1
5.49,0.0,1.0,0.0,0.0,0.0,112.97,11.98,11.89,13.72,-1.08,0.91,214.82,85.09,0.17,1.83,60.41,1.0,6.43,-0.91,6.48,-0.91,1.0,0.23,0.0,54.9,0.74,0.0,0.17,0.0,1
0.0,3.0,1.0,1.0,0.0,4.0,66.0,2.0,0.0,2.0,1.35,0.0,8.0,26.0,1.0,0.0,1.0,2.0,2.12,1.0,2.0,1.0,1.0,0.5,0.0,8.0,1.0,0.0,1.0,0.0,0
0.0,0.0,1.0,0.0,0.0,0.0,55.99,1.0,-1.75,2.75,1.15,0.0,11.74,40.87,3.0,5.25,23.12,3.62,3.3,1.0,4.16,4.0,1.0,0.18,0.0,0.0,0.0,0.0,0.13,1.0,0
1.0,0.0,1.0,5.96,0.0,1.59,52.33,1.0,0.0,0.0,1.12,0.0,0.04,154.29,3.0,0.79,5.55,1.0,4.08,0.0,1.35,1.0,1.0,0.0,0.0,0.0,1.79,0.0,1.0,0.0,0
35.28,15.28,1.84,9.24,47.05,0.0,138.21,4.36,0.0,11.88,0.52,0.0,61.97,175.01,1.0,0.0,29.04,2.68,2.59,-3.36,4.49,0.16,-0.84,0.88,0.0,73.09,-0.49,0.0,1.84,10.08,1
0.0,0.0,1.0,0.0,3.59,0.9,32.27,1.0,0.0,0.0,0.34,2.69,1.1,0.0,1.0,0.0,10.96,1.0,8.62,7.28,9.29,1.9,1.0,1.66,0.0,179.29,0.9,0.0,1.9,3.59,0
1.0,0.0,1.0,0.0,0.0,7.71,39.49,1.0,0.0,0.85,-0.05,1.85,10.82,17.05,1.0,-1.71,31.64,2.0,5.22,0.85,13.94,1.0,1.0,3.52,0.0,236.94,1.85,0.0,1.0,0.0,0
0.0,0.0,0.21,0.79,0.0,1.0,-14.44,0.21,0.0,-6.08,0.82,0.0,-36.49,-45.69,2.21,3.0,2.92,1.21,-7.33,1.0,0.83,0.21,1.0,0.33,0.0,4.0,-0.12,0.0,1.43,-0.36,0
0.0,0.0,2.0,0.0,0.0,0.0,14.67,1.0,0.0,-0.7,0.43,0.0,1.51,-49.54,1.6,0.0,10.21,1.0,3.25,0.3,3.46,2.0,1.0,0.82,0.0,0.0,0.0,0.0,-0.4,-0.4,0
0.0,12.8,1.0,5.24,-1.16,-0.58,16.04,7.24,1.0,6.4,0.39,-1.75,19.13,54.69,3.58,5.24,1.42,1.0,-2.74,-4.07,-2.34,-1.16,0.42,-0.42,0.0,-116.35,0.42,0.0,0.42,-1.33,0
0.0,0.0,1.0,1.95,0.98,2.93,50.51,2.0,2.95,0.98,0.6,0.0,1.07,71.31,5.93,1.95,5.91,1.0,3.35,0.98,6.04,0.98,1.0,1.3,0.0,72.29,1.0,0.0,1.0,1.98,0
0.0,0.0,2.0,-4.47,0.0,-1.79,-23.77,1.0,0.0,2.68,-0.26,0.0,-15.55,-44.68,3.89,-0.89,7.64,2.79,26.23,1.89,5.85,2.89,1.0,1.29,0.0,0.0,-0.89,0.0,0.11,0.11,0
0.73,1.0,1.0,21.3,0.0,0.73,10.28,1.0,0.0,0.0,0.3,0.0,-4.14,73.46,0.73,13.27,-0.2,0.73,3.07,5.0,1.09,1.73,1.0,0.0,0.0,1.47,0.73,0.0,3.2,0.0,0
8.92,0.0,1.69,39.11,21.96,0.0,66.57,1.69,0.69,3.74,1.58,0.0,0.26,100.25,3.69,0.0,22.35,0.31,9.67,1.69,6.7,3.31,1.0,0.47,0.0,1291.48,0.69,0.0,0.31,1.0,1
0.88,0.88,0.0,2.0,0.0,3.51,160.67,1.0,0.0,7.02,0.37,0.0,20.19,36.88,-1.76,-2.63,-5.27,0.0,0.96,-0.88,0.07,-0.88,0.0,-0.24,0.0,-3.51,0.29,0.0,1.0,0.88,0
0.0,0.0,2.0,0.76,0.0,0.0,37.0,1.0,0.0,0.0,0.86,0.0,5.0,75.93,1.48,0.0,10.72,1.0,15.79,12.39,4.24,1.24,1.0,1.29,0.0,0.0,-0.76,0.0,1.0,1.0,0
0.0,0.0,1.0,0.0,0.0,0.0,28.49,1.0,0.0,0.95,0.62,0.0,4.2,11.4,-2.85,1.0,3.0,0.0,1.83,-0.95,-5.18,-0.95,1.0,-0.75,0.0,-129.15,0.19,0.0,0.05,-0.95,0
1.0,1.0,1.0,0.0,0.0,-1.95,12.58,2.0,-0.97,1.05,0.54,-0.97,0.2,-2.22,-0.95,0.0,-2.64,2.0,-1.54,-0.97,-3.13,1.0,1.0,-0.7,0.0,-1.64,0.03,0.0,1.0,0.0,0
0.0,-0.53,1.0,0.0,0.53,1.0,-44.16,3.14,0.0,-3.81,1.02,0.0,-4.7,-7.11,3.0,3.0,11.07,2.0,2.36,1.0,2.7,1.53,1.0,0.32,0.0,4.0,0.13,0.0,3.0,1.47,0
0.82,0.82,1.0,0.0,0.0,0.0,28.71,1.82,-0.82,2.46,0.57,0.0,5.92,54.13,1.0,0.0,10.02,1.82,2.85,1.0,2.64,1.0,1.0,-0.43,0.0,9.84,0.82,0.0,1.0,0.0,0
-3.56,0.0,1.41,0.0,-1.78,-4.94,-646.27,1.0,0.0,2.59,0.62,-0.59,-49.81,65.12,3.59,0.0,-76.06,1.0,3.27,1.59,-0.07,1.0,1.0,1.16,0.0,-4912.39,0.13,-0.59,1.81,2.0,0
6.0,1.55,2.0,0.52,3.0,12.06,1228.48,1.52,0.0,1.03,1.66,1.0,90.65,13.42,0.48,0.0,151.84,1.52,4.57,1.52,6.86,1.52,1.0,0.83,0.0,8278.13,1.3,1.0,2.48,0.0,0
